0.000000 
0.752367 
1.050133 
1.313801 
2.250735 
2.548376 
2.646155 
2.930245 
3.010923 
3.063663 
3.863986 
4.648691 
5.502703 
5.932748 
6.052997 
6.593486 
6.719117 
6.811610 
7.238117 
7.704611 
7.891281 
7.945466 
8.988162 
9.557646 
9.714877 
11.488255 
11.744317 
13.149365 
13.904314 
14.244159 
15.038340 
15.722557 
16.920684 
16.973675 
17.718911 
18.190674 
19.454095 
19.514612 
19.627016 
20.129139 
20.803086 
21.293274 
22.006198 
22.159940 
22.621455 
23.640382 
23.739428 
24.534627 
24.564910 
24.828923 
25.070030 
25.123355 
28.323092 
28.327954 
29.628119 
29.835320 
30.476347 
30.570244 
31.338716 
32.690738 
33.117355 
33.182463 
33.417383 
33.737230 
33.905265 
34.407695 
34.755380 
37.209325 
37.212229 
37.582706 
38.051821 
38.427221 
39.932388 
40.017665 
41.660119 
42.267466 
42.429432 
42.564117 
42.965045 
43.043844 
43.320298 
45.150714 
45.299851 
46.049998 
46.112102 
46.588663 
47.487493 
48.994470 
49.695841 
50.254561 
50.453117 
50.455670 
51.396447 
52.094432 
52.656489 
52.726543 
55.256195 
56.927794 
57.257951 
58.048734 
58.129251 
59.057781 
59.260605 
59.694303 
59.757257 
60.458460 
60.588616 
61.308081 
61.806706 
62.423885 
64.064183 
64.290782 
64.485856 
65.010120 
66.076156 
66.489440 
66.641254 
68.464320 
68.540576 
69.872332 
70.310333 
70.856276 
71.032853 
71.321174 
73.226072 
73.703039 
73.713896 
74.107772 
74.491170 
74.932316 
75.980071 
76.762258 
76.935840 
77.975008 
78.256820 
78.658918 
78.901083 
80.329468 
80.337076 
81.518158 
81.638088 
82.570254 
83.387815 
84.234204 
85.442858 
85.544456 
86.366391 
87.599397 
87.611308 
87.649665 
87.758235 
88.558839 
89.366194 
89.853530 
91.117312 
91.248255 
91.964320 
92.263837 
92.602250 
92.683266 
92.694422 
93.041941 
93.231308 
93.830326 
93.988816 
94.912366 
94.942149 
96.246517 
96.479838 
96.880789 
97.225207 
98.060806 
98.370208 
98.447403 
99.569992 
101.184650 
101.837199 
102.666670 
102.801004 
102.866121 
103.339996 
103.485143 
103.779076 
106.205292 
108.199763 
108.853934 
110.087384 
110.428655 
110.569885 
110.668271 
112.094668 
112.454476 
113.165723 
113.281430 
113.839005 
114.386858 
115.466642 
115.632251 
116.662611 
116.932692 
117.282414 
117.285719 
117.960295 
118.097770 
118.162569 
119.722366 
119.778686 
120.835108 
121.949403 
122.775098 
123.256561 
123.664989 
125.162730 
125.393115 
125.985200 
126.371168 
126.843909 
127.300675 
128.415839 
128.591398 
129.561597 
131.650895 
132.071762 
132.942950 
134.314139 
135.212684 
135.359522 
135.394499 
135.811978 
136.178346 
136.387402 
136.776792 
136.929369 
137.494085 
137.683005 
139.289949 
139.342468 
139.947192 
140.490789 
141.061870 
141.506635 
141.674845 
142.088727 
143.145099 
143.714614 
144.195035 
144.339301 
145.079474 
145.437293 
145.473754 
145.496696 
146.059051 
146.341600 
149.007963 
149.101309 
149.549322 
149.793836 
149.822136 
151.183515 
152.081867 
152.127254 
152.298783 
154.678203 
155.739066 
156.343640 
156.402869 
157.570423 
157.782057 
157.943869 
158.582642 
159.138404 
159.503582 
160.037805 
160.104121 
160.161073 
160.343478 
161.733133 
162.343716 
163.945325 
164.118289 
164.151306 
164.323096 
165.286657 
165.292991 
165.595745 
166.248984 
166.379708 
166.697226 
166.973635 
167.054128 
167.174941 
167.533837 
167.667726 
168.016584 
168.026451 
169.070801 
169.213061 
169.567092 
169.914310 
170.197415 
170.296029 
171.037159 
171.085214 
171.171961 
171.415692 
172.083482 
172.095568 
172.294714 
172.748338 
173.945049 
174.060478 
174.848985 
175.325054 
175.700120 
176.534655 
176.734021 
176.884589 
176.897083 
177.267841 
178.867219 
179.315013 
179.595997 
179.831083 
180.583358 
181.247846 
183.113535 
183.743851 
183.808562 
184.240897 
184.330603 
184.582181 
185.022440 
185.663259 
185.767242 
185.901475 
186.594508 
187.926874 
188.050065 
188.724331 
189.046958 
189.606691 
189.990818 
190.540287 
190.586224 
191.300056 
192.240064 
192.586041 
192.717153 
193.583121 
193.606990 
194.425404 
195.047109 
195.929324 
196.180332 
196.575189 
196.655331 
198.157077 
198.392772 
199.636173 
199.974726 
200.304583 
201.002096 
201.483486 
201.968982 
202.599024 
202.923547 
203.880493 
204.612154 
204.755944 
205.179594 
205.346225 
206.893896 
206.965313 
207.480622 
207.869401 
207.888526 
208.154421 
209.282077 
211.175958 
212.630477 
212.695885 
213.047965 
213.093097 
213.142222 
213.185425 
213.835922 
214.337962 
214.983600 
216.273371 
216.367864 
216.423369 
216.664562 
217.533358 
218.750475 
219.365446 
220.996121 
221.195854 
221.219942 
221.357333 
221.408322 
221.469088 
224.091028 
224.128176 
224.790185 
224.969940 
225.555181 
226.440053 
227.012741 
228.390653 
229.023088 
229.606160 
230.764936 
232.474829 
232.931585 
233.658904 
233.663719 
234.049973 
235.286831 
235.655052 
235.889468 
236.157424 
236.726391 
237.283030 
237.432315 
237.537851 
237.878416 
238.402341 
239.501552 
239.592070 
239.908229 
239.941074 
240.148444 
240.287094 
240.310723 
241.100144 
241.250284 
241.293738 
242.109585 
243.495049 
243.773792 
243.884177 
244.015713 
246.109990 
247.548818 
248.001193 
248.093249 
248.242907 
249.383031 
249.708797 
250.733021 
251.038544 
251.284783 
252.107117 
252.654245 
253.285935 
253.610609 
253.858793 
254.521422 
256.513261 
256.951960 
257.097365 
257.460180 
257.705887 
257.975319 
258.184487 
259.214768 
259.226012 
259.293354 
260.319041 
260.565388 
261.781276 
262.235443 
262.340375 
262.468418 
263.090837 
264.115786 
265.213188 
265.790162 
267.711721 
267.897882 
267.908770 
268.245674 
268.355683 
269.286058 
269.971624 
270.736461 
270.977529 
271.188488 
271.309996 
271.728272 
272.868267 
274.553464 
274.610610 
275.143527 
275.145642 
275.507724 
276.339289 
276.570938 
276.601372 
277.347291 
278.950895 
279.427655 
279.674781 
279.728532 
280.761429 
280.932759 
281.369017 
281.831854 
282.015043 
282.059747 
282.082835 
283.453378 
283.557320 
283.672286 
283.853110 
283.973829 
284.079664 
286.736721 
288.039114 
288.709780 
288.739721 
289.102808 
289.673634 
290.550709 
291.103274 
292.035559 
292.356388 
292.375879 
292.471561 
293.084297 
293.563934 
293.700950 
293.805600 
293.845146 
293.864175 
294.321474 
296.070926 
296.638968 
297.116291 
297.618005 
298.269870 
298.546912 
299.464056 
299.678949 
300.656017 
301.362804 
301.942475 
302.734702 
303.235078 
303.390809 
303.744145 
303.932112 
304.125524 
305.553865 
306.906340 
307.608411 
308.125201 
308.258620 
308.395081 
309.990108 
310.162523 
311.065394 
312.600121 
312.669448 
312.996339 
313.967474 
315.118334 
315.333078 
316.139347 
317.600946 
317.866560 
318.348238 
318.506986 
319.220349 
320.500081 
320.865514 
321.395222 
322.009618 
322.134263 
322.225418 
323.891143 
324.813869 
325.049842 
325.337759 
325.926189 
326.139980 
326.160443 
327.155339 
327.474028 
327.817526 
328.575153 
328.663973 
328.908207 
329.351871 
329.524627 
329.813823 
330.694382 
330.799023 
331.862713 
331.975557 
332.455164 
333.462370 
333.730659 
334.959223 
335.385944 
335.849555 
336.198604 
336.263682 
336.675601 
337.109193 
337.646748 
338.090413 
338.272967 
338.384265 
338.404362 
338.420361 
339.485601 
339.502486 
339.567456 
340.083715 
341.191225 
341.361886 
341.802428 
342.263720 
343.534342 
343.584060 
344.133743 
344.505512 
345.128581 
345.279714 
345.370035 
345.597908 
345.627723 
346.602622 
346.972254 
347.243734 
347.740121 
350.148960 
350.452977 
351.879216 
351.948309 
352.024798 
352.088576 
352.203658 
352.295926 
352.982174 
353.724828 
353.827489 
354.567967 
355.855056 
356.037552 
357.351206 
357.868282 
358.418771 
358.844422 
359.245689 
359.320548 
360.004330 
360.033741 
360.108556 
360.530310 
360.806514 
361.033248 
361.041444 
361.535996 
361.670358 
362.579409 
362.781548 
362.817352 
362.972498 
365.259992 
365.581313 
365.868805 
367.827897 
369.888647 
370.246026 
370.267487 
370.390738 
370.474755 
371.882126 
372.042791 
372.485978 
373.267218 
373.450194 
373.768405 
373.948089 
373.997987 
374.579346 
375.278186 
377.454089 
377.719316 
377.891436 
378.027609 
378.073456 
378.188159 
379.008801 
379.015962 
379.306308 
379.747103 
379.765128 
380.866394 
381.443814 
382.194216 
382.250380 
382.701741 
383.114168 
384.255779 
384.350676 
384.722857 
384.767668 
384.798306 
385.376187 
385.977998 
387.260706 
387.488344 
387.679989 
388.854642 
388.924556 
389.068031 
389.139966 
389.541129 
390.034619 
392.885388 
393.573587 
394.543998 
394.598198 
394.751558 
395.535387 
395.773215 
395.942402 
396.331633 
397.364321 
397.553465 
398.482973 
399.442186 
400.584414 
400.990095 
402.286398 
402.390568 
404.239422 
404.304040 
404.314599 
404.804066 
405.442145 
408.415986 
408.945394 
409.050327 
409.198492 
409.244616 
411.437173 
413.456325 
413.671822 
413.887323 
414.157756 
414.186302 
414.219785 
414.812072 
415.333962 
416.307992 
418.275352 
418.329425 
419.110995 
419.806872 
420.191278 
421.323907 
421.638913 
421.764333 
421.773766 
422.648582 
423.139412 
423.964852 
425.018295 
425.392743 
425.528462 
425.686025 
426.149418 
426.642662 
428.104999 
429.894602 
430.805685 
430.912183 
431.572100 
431.612701 
433.905803 
433.967459 
434.179750 
435.497721 
436.105914 
437.035721 
437.431383 
437.508115 
437.966039 
438.135291 
439.906502 
440.632388 
440.852141 
441.991769 
442.417110 
442.502794 
443.009549 
443.188807 
443.818160 
444.572679 
444.652762 
444.896356 
444.902095 
445.226646 
445.417092 
447.683777 
447.894644 
448.076281 
448.111105 
448.215813 
448.674823 
449.318719 
449.612935 
449.633485 
449.909993 
451.624971 
451.974025 
452.100533 
452.433802 
453.283970 
453.775267 
454.321267 
455.689190 
456.104939 
456.761694 
457.876896 
458.187816 
458.592823 
458.609699 
459.728183 
460.223329 
460.717127 
461.706900 
462.326324 
462.483233 
462.911013 
463.261641 
463.843894 
463.968927 
464.478517 
465.084355 
466.817853 
466.869955 
466.892940 
468.166084 
468.862028 
468.905993 
469.026084 
469.793683 
469.998828 
470.382661 
470.483899 
470.997941 
471.210914 
471.241813 
471.362702 
471.594182 
472.169612 
472.462650 
473.990711 
474.416576 
474.826079 
475.264377 
475.969491 
476.335008 
477.946976 
478.157857 
478.638803 
480.044155 
480.392599 
480.603075 
480.684423 
481.465256 
481.643888 
482.800548 
482.844695 
483.071701 
483.482360 
483.694207 
484.328137 
484.388253 
484.511832 
484.602126 
485.165758 
485.454293 
486.527008 
487.251592 
487.883578 
488.088357 
488.962341 
489.250079 
489.533791 
489.692389 
489.871944 
490.027803 
490.312240 
490.651623 
490.740260 
491.247513 
491.467619 
491.520934 
492.308843 
492.447021 
493.419181 
493.563343 
493.737800 
493.954145 
494.884960 
494.999504 
495.916263 
495.971959 
496.547084 
496.629559 
496.927265 
497.140585 
497.304388 
498.934018 
499.522477 
500.067027 
500.424420 
500.600018 
501.218432 
501.366704 
501.820773 
502.870686 
503.315405 
503.891787 
504.434251 
505.192886 
506.519966 
507.418017 
507.602074 
507.660990 
507.845546 
510.866087 
511.638802 
512.677727 
512.858102 
513.062570 
513.219341 
513.472768 
513.634694 
513.820617 
514.800024 
515.672167 
516.949638 
517.661726 
517.816494 
517.988487 
518.255586 
518.682711 
518.842552 
519.588678 
520.065784 
520.954900 
521.345917 
522.006825 
522.115331 
522.214327 
522.607247 
522.730452 
522.759889 
523.971050 
524.561799 
525.032611 
525.493523 
526.659113 
526.731332 
526.806121 
527.805819 
528.069627 
528.426780 
528.736550 
529.165960 
529.371916 
529.820707 
530.932612 
531.007148 
531.048305 
531.942132 
533.836334 
533.988278 
535.900434 
536.261832 
537.751794 
538.285117 
538.960860 
539.566623 
539.688826 
540.097183 
541.420756 
541.528088 
542.151606 
542.746036 
543.903218 
543.917499 
544.738220 
545.190629 
545.706282 
546.227299 
546.604501 
547.287527 
547.554456 
547.791473 
547.887200 
548.881558 
549.641090 
550.530220 
551.021861 
552.448813 
553.201869 
554.036036 
555.034197 
555.773895 
556.420307 
556.554783 
556.953421 
557.155683 
557.740575 
557.808309 
558.129599 
559.355199 
560.270129 
560.679721 
561.716255 
561.844299 
562.549084 
563.189595 
563.339180 
563.444075 
563.608681 
563.693068 
564.243333 
564.261065 
564.404091 
564.832092 
565.287258 
565.698214 
566.226448 
566.556595 
567.042769 
567.196885 
567.341549 
567.382412 
567.715016 
568.365194 
568.891544 
569.151544 
569.277484 
569.896121 
570.211380 
570.677088 
573.806493 
573.921910 
574.254989 
574.781979 
576.025683 
576.329686 
576.932346 
577.420148 
578.225038 
578.339859 
578.988895 
580.287842 
581.193934 
582.784689 
582.818747 
582.936522 
583.681239 
584.034915 
584.818188 
584.989313 
586.654312 
587.394745 
587.829796 
588.955282 
589.250541 
589.907540 
589.982392 
590.392898 
590.455309 
591.876623 
592.798883 
593.440718 
594.465730 
594.563946 
595.069117 
597.389823 
598.356983 
598.369093 
598.383636 
598.859120 
600.760691 
601.028903 
601.355922 
603.490654 
603.756356 
603.908759 
604.422762 
605.469599 
605.946329 
608.279189 
608.423012 
608.635767 
609.056576 
610.945570 
611.025608 
611.141473 
611.577021 
612.345523 
612.431065 
613.505817 
613.972300 
614.056848 
615.036980 
615.447333 
616.651057 
616.895954 
617.329062 
618.567769 
618.887732 
619.046100 
619.056049 
619.237442 
619.914493 
620.154136 
620.271035 
620.341261 
620.891672 
621.499504 
621.603293 
621.804557 
622.230260 
622.384292 
622.565662 
622.686408 
623.659250 
624.510457 
624.752964 
625.334581 
625.664466 
625.782753 
626.041664 
626.348958 
626.595619 
626.613673 
627.344449 
627.386496 
629.868006 
630.236133 
631.418327 
631.515257 
632.127215 
632.932233 
632.990473 
633.675030 
634.855922 
635.257183 
635.279691 
636.584509 
637.133137 
637.636152 
638.197386 
638.234526 
638.562327 
638.669670 
640.299186 
640.655318 
640.731505 
640.781466 
641.093466 
641.252254 
641.807496 
642.471712 
642.839415 
642.993706 
643.159106 
643.231093 
644.583406 
644.779447 
644.973867 
645.453356 
645.680914 
646.298060 
646.855962 
647.007945 
648.132015 
649.075885 
649.847130 
650.775613 
650.799674 
651.095531 
651.353794 
651.383378 
651.476807 
652.125959 
655.151360 
655.399970 
657.828229 
658.548713 
658.551524 
659.147564 
659.591811 
659.728479 
660.810771 
664.384249 
664.980299 
665.557948 
665.672949 
665.754330 
666.309574 
667.001266 
667.181465 
667.486900 
668.393444 
668.900867 
669.179538 
670.222455 
670.823958 
671.591754 
672.483326 
672.738989 
672.913013 
673.519368 
673.648429 
673.854384 
674.265009 
675.220955 
675.474315 
677.150938 
677.954810 
680.747645 
680.898762 
681.727394 
682.152376 
682.198380 
682.705595 
683.857417 
685.486528 
686.482429 
686.831429 
687.049304 
687.254018 
687.556960 
690.296107 
690.675739 
690.693953 
691.051412 
691.259919 
691.280224 
691.385788 
691.485287 
691.708594 
692.061439 
692.335753 
692.552686 
694.042945 
694.182868 
694.335456 
695.525076 
695.837010 
695.904035 
696.075600 
696.990634 
697.065744 
697.361818 
697.512056 
697.758731 
697.960019 
697.976796 
699.629504 
699.856160 
700.190336 
701.454480 
701.668753 
701.678634 
701.828776 
701.906252 
702.121400 
702.189434 
702.638252 
702.788771 
703.962602 
704.050549 
704.622998 
704.849713 
705.425869 
705.548556 
705.812304 
706.043786 
706.678020 
706.701340 
707.359282 
708.424096 
708.512673 
708.530865 
709.481925 
713.197328 
713.501299 
713.562829 
714.834012 
715.682586 
715.800236 
716.386582 
716.706848 
717.010056 
717.633600 
718.972572 
718.973540 
719.397277 
719.783725 
720.733885 
720.802252 
721.205966 
721.268057 
721.393730 
721.498432 
721.773380 
721.813799 
722.859314 
723.302377 
723.344750 
723.481022 
723.779065 
723.984474 
724.009493 
724.305927 
724.917174 
725.442054 
725.510343 
725.812615 
725.927657 
726.021781 
726.546467 
727.496793 
727.505448 
727.785352 
728.203803 
728.462190 
728.774761 
728.853671 
729.086612 
730.493960 
730.614862 
731.213846 
732.560170 
733.009974 
733.455606 
733.491771 
733.964448 
734.691116 
735.376042 
735.447965 
735.565381 
736.747340 
736.962860 
737.809994 
738.635725 
739.609046 
739.790787 
740.023531 
742.152779 
743.475413 
743.962849 
744.061895 
744.932249 
745.567302 
747.015087 
747.301592 
747.329607 
747.949698 
748.986934 
749.327798 
749.742221 
750.316062 
750.543704 
750.814892 
750.901183 
751.214996 
751.744519 
752.142687 
752.370550 
753.432942 
753.760401 
754.050707 
754.948536 
756.713055 
757.112564 
757.216188 
757.312212 
757.640458 
758.228439 
758.752017 
759.560516 
760.109932 
760.480784 
760.768057 
760.769593 
761.808125 
762.149989 
764.076220 
764.589882 
765.349455 
765.424332 
765.524663 
765.967402 
766.535349 
766.967831 
767.092529 
767.413428 
767.552739 
768.258322 
768.591449 
768.887933 
769.333733 
769.577523 
770.629252 
771.431558 
772.588957 
773.562677 
773.809938 
774.506767 
775.166972 
775.860248 
775.871362 
776.005314 
778.218206 
778.414948 
778.620592 
781.150873 
781.237019 
781.853463 
782.405216 
783.133731 
783.859293 
784.488956 
785.301796 
785.309350 
785.477403 
787.586135 
788.096128 
788.517184 
788.889157 
789.899496 
790.536287 
791.099827 
791.386745 
791.822330 
791.997956 
792.194742 
792.342471 
793.586634 
794.774550 
795.088270 
795.103746 
795.321242 
795.719062 
795.832134 
795.968809 
796.001079 
796.715031 
797.670100 
798.256731 
798.560386 
799.002660 
799.191199 
799.845716 
799.910873 
800.522025 
801.125727 
801.255853 
801.275642 
803.021165 
803.578583 
804.770883 
805.734800 
806.982138 
808.716344 
808.724633 
808.995657 
809.048470 
809.961424 
809.999675 
810.094647 
810.389625 
811.005289 
812.096801 
812.123900 
812.128702 
812.182747 
814.251785 
814.540278 
814.590486 
814.795195 
815.004627 
815.259430 
815.980156 
820.316698 
820.930405 
821.129470 
822.104659 
824.787683 
824.839706 
825.850991 
826.036777 
827.044071 
827.981108 
830.489909 
830.789360 
830.989422 
831.003218 
831.235869 
831.298531 
832.196486 
832.876417 
835.633952 
835.827081 
836.872111 
837.098311 
837.222236 
837.750542 
837.948841 
838.364716 
838.748743 
838.812792 
839.260873 
839.435464 
839.632279 
840.787473 
841.289128 
843.169724 
844.050188 
844.537980 
845.105217 
846.048195 
847.102262 
847.298971 
847.787612 
847.999625 
848.086393 
849.341879 
849.777826 
849.956792 
850.111784 
850.426293 
850.976749 
851.081715 
851.121213 
851.735333 
852.049148 
852.637737 
855.540293 
855.653775 
855.961921 
856.110177 
856.232461 
856.638667 
857.089563 
857.255830 
857.967937 
858.247535 
859.571732 
860.798414 
861.051018 
861.302939 
861.413625 
862.199950 
862.779625 
863.698089 
865.093448 
865.512494 
866.581061 
867.147504 
867.241561 
868.428206 
870.064064 
870.377570 
870.584320 
870.727566 
871.423259 
872.785035 
873.739349 
874.228702 
874.392828 
874.567056 
874.705843 
874.907115 
875.568465 
875.720276 
876.889144 
876.958777 
877.571744 
878.812300 
879.067037 
879.406721 
879.479203 
879.586636 
879.714284 
879.786999 
880.071462 
881.583426 
881.982986 
883.506763 
883.761297 
884.215970 
885.767243 
886.429584 
886.648464 
888.411876 
888.499234 
888.691445 
888.733792 
889.086515 
889.412496 
889.770798 
890.560303 
891.592750 
891.693572 
891.715935 
892.307281 
893.231289 
893.814602 
894.131790 
894.851331 
894.987811 
895.263841 
895.331053 
895.553031 
895.823708 
896.322494 
896.905156 
897.334805 
897.919487 
899.195674 
900.343835 
900.416791 
901.473587 
901.903791 
902.201935 
902.258412 
902.366554 
902.376289 
903.538289 
904.815280 
905.003128 
905.707130 
905.731845 
906.137050 
907.565295 
908.219125 
908.909946 
909.581458 
910.209707 
914.143486 
915.149470 
915.426957 
915.440979 
915.483033 
915.602257 
915.939049 
916.155912 
916.531290 
917.009367 
917.183251 
917.637373 
918.100880 
918.156288 
918.782662 
919.407195 
919.961508 
920.193104 
922.471153 
923.707643 
923.903172 
924.150687 
924.761109 
924.968072 
925.620931 
926.248357 
927.969587 
929.111275 
929.442414 
929.571712 
929.591690 
930.009340 
931.464133 
932.138934 
932.289931 
935.066812 
935.160791 
936.247336 
936.298222 
936.446794 
936.882907 
937.337275 
938.429996 
938.498962 
939.140694 
940.241274 
941.177936 
942.455394 
943.095871 
944.480355 
946.684852 
947.304456 
947.320708 
947.565205 
948.283857 
949.391543 
951.760101 
952.063317 
952.980173 
953.573750 
953.587911 
953.719986 
955.361664 
955.712482 
956.441298 
956.552880 
956.615593 
956.724354 
957.173592 
958.519700 
960.992295 
961.344322 
961.495681 
961.766044 
962.518777 
962.687686 
962.829635 
962.926829 
963.231918 
963.987124 
964.316863 
965.070298 
965.773283 
966.051652 
966.235809 
966.412979 
966.868792 
966.959568 
967.031134 
967.552978 
967.740112 
967.854555 
968.064609 
968.295154 
969.462868 
970.765479 
970.982394 
971.452892 
971.811018 
973.616360 
973.688214 
973.938607 
974.434926 
974.526973 
974.536898 
974.987561 
975.067139 
975.072033 
976.324396 
977.167196 
977.349144 
978.483916 
979.296768 
979.355974 
979.511036 
979.540234 
981.567003 
981.694155 
981.736107 
981.935218 
982.879980 
983.461425 
984.011418 
985.940385 
986.010763 
986.703667 
987.579811 
988.630465 
989.941202 
990.230742 
993.058992 
993.875086 
994.424328 
994.833633 
995.480206 
996.192488 
997.306336 
999.257863 
999.512178 
999.750491 
1000.894369 
1001.885206 
1001.911068 
1001.914457 
1002.052583 
1002.553542 
1002.850587 
1003.292695 
1003.303921 
1003.749185 
1003.780201 
1004.252136 
1004.327109 
1005.101966 
1006.294111 
1006.477559 
1007.245383 
1007.253798 
1007.376254 
1008.108748 
1009.773570 
1010.131134 
1010.132351 
1010.215036 
1011.804713 
1011.949441 
1012.452488 
1012.466209 
1012.535948 
1012.914608 
1012.997398 
1013.649962 
1015.078282 
1016.182128 
1016.353338 
1017.411567 
1019.010066 
1019.060927 
1019.493861 
1019.848754 
1020.041925 
1020.767276 
1022.555753 
1022.912883 
1022.954983 
1023.334053 
1023.634046 
1024.907268 
1026.579279 
1026.610466 
1027.000892 
1027.943950 
1028.137678 
1028.804429 
1029.294595 
1029.632642 
1029.688674 
1030.905434 
1031.267760 
1031.815899 
1031.867331 
1032.179286 
1032.530846 
1033.199229 
1033.475903 
1033.485656 
1033.785519 
1034.301174 
1034.865765 
1036.254477 
1036.504804 
1036.725150 
1036.732712 
1037.126982 
1037.392024 
1038.235155 
1038.580268 
1038.651783 
1038.818995 
1038.831835 
1039.852884 
1040.058790 
1040.444047 
1041.276322 
1041.355883 
1041.818192 
1042.028993 
1043.400144 
1044.077079 
1044.291337 
1044.935746 
1045.114789 
1046.871242 
1047.228072 
1047.411194 
1047.932648 
1048.541604 
1048.958541 
1049.667479 
1050.536552 
1051.098214 
1051.890911 
1051.893535 
1054.201682 
1054.271188 
1054.433880 
1055.098635 
1055.384573 
1056.207653 
1056.931124 
1057.388606 
1057.666086 
1058.947593 
1059.756640 
1060.119274 
1060.501231 
1060.983771 
1061.121344 
1061.427212 
1061.704477 
1063.182229 
1063.558026 
1063.589329 
1064.641715 
1065.368008 
1065.946367 
1066.769228 
1066.916908 
1067.676835 
1068.677803 
1069.294758 
1070.000935 
1070.374599 
1070.417755 
1070.675308 
1071.041342 
1071.072479 
1071.112874 
1071.197676 
1071.591986 
1073.601417 
1074.261002 
1074.264560 
1074.514464 
1074.590514 
1074.901960 
1075.482487 
1076.644976 
1077.322798 
1077.470995 
1078.382227 
1078.406597 
1078.738785 
1079.483401 
1080.101319 
1080.302036 
1081.843293 
1082.038857 
1082.096347 
1082.145015 
1082.349332 
1082.385380 
1082.542578 
1082.653482 
1082.757426 
1082.911473 
1083.481700 
1083.683016 
1084.239049 
1084.620112 
1086.045529 
1086.195642 
1086.534529 
1088.304524 
1088.460534 
1089.628056 
1089.753302 
1090.669574 
1090.853498 
1090.976573 
1092.049169 
1092.182342 
1092.397470 
1093.040214 
1093.408849 
1094.328487 
1094.946252 
1095.772785 
1095.962988 
1096.697048 
1097.162112 
1097.614529 
1098.299278 
1098.759820 
1100.849236 
1101.374006 
1102.320297 
1102.335129 
1102.438670 
1102.461954 
1103.073332 
1104.615675 
1104.818925 
1105.265894 
1105.402384 
1105.933135 
1106.906317 
1107.356727 
1108.061922 
1108.160431 
1108.211722 
1108.592359 
1108.893378 
1108.919798 
1109.085487 
1109.683373 
1110.185490 
1110.751894 
1111.491010 
1111.523005 
1112.413284 
1112.858589 
1113.386268 
1115.188827 
1116.603632 
1117.293634 
1117.751074 
1118.750748 
1118.917501 
1119.552548 
1120.678868 
1121.352767 
1121.444248 
1121.693825 
1122.522959 
1124.032257 
1124.221994 
1124.800580 
1124.918076 
1126.039700 
1126.106300 
1126.921711 
1128.161302 
1128.339726 
1128.522781 
1128.620299 
1129.367018 
1129.520969 
1129.805561 
1129.985174 
1130.410681 
1130.768244 
1133.140605 
1135.442059 
1135.454877 
1135.538889 
1136.408439 
1136.968793 
1137.213536 
1137.617537 
1137.815288 
1138.865212 
1139.377287 
1139.985019 
1140.076716 
1141.744190 
1142.021751 
1142.298908 
1143.885590 
1143.964078 
1144.052673 
1144.451758 
1145.786912 
1146.526930 
1146.680220 
1146.761958 
1146.767375 
1147.491957 
1148.095323 
1148.965953 
1149.267045 
1149.501543 
1149.516862 
1150.081508 
1150.486366 
1151.577174 
1151.626429 
1152.326046 
1152.878636 
1152.939510 
1154.606928 
1154.813340 
1154.886020 
1155.246358 
1155.324936 
1155.801274 
1157.384227 
1158.136771 
1159.005060 
1159.664737 
1160.725576 
1161.179835 
1161.451304 
1161.725251 
1162.104222 
1163.342621 
1163.672392 
1163.847807 
1164.399138 
1167.221921 
1168.085613 
1168.600090 
1169.015391 
1169.185232 
1169.284276 
1170.016520 
1171.569841 
1171.871156 
1172.053313 
1172.425798 
1173.300085 
1173.493084 
1173.521142 
1174.696610 
1174.730152 
1174.988092 
1176.167969 
1177.386487 
1177.624604 
1179.691581 
1181.256786 
1182.009892 
1182.108991 
1182.186699 
1182.561790 
1182.660738 
1182.845144 
1183.555948 
1183.916277 
1186.245544 
1186.815417 
1187.166446 
1187.252807 
1187.426572 
1188.747382 
1189.181901 
1189.557381 
1189.666565 
1189.755689 
1189.925218 
1190.036099 
1190.559036 
1190.687642 
1190.878427 
1191.089532 
1191.243007 
1191.535153 
1192.978022 
1193.422397 
1195.218568 
1195.617406 
1195.777235 
1196.115200 
1196.831706 
1196.882557 
1197.037996 
1197.758951 
1198.952655 
1199.665132 
1200.044146 
1200.492114 
1201.270299 
1201.868040 
1201.932736 
1202.022726 
1202.776209 
1202.826592 
1202.955371 
1203.314070 
1203.368343 
1203.551856 
1203.665750 
1204.294122 
1204.409200 
1204.441527 
1204.706899 
1204.712773 
1205.167609 
1205.235033 
1205.264061 
1205.290741 
1206.269055 
1206.366351 
1206.396198 
1207.211621 
1209.316303 
1210.694196 
1211.247760 
1213.744897 
1214.333052 
1214.649186 
1215.195074 
1215.768002 
1216.146332 
1216.184815 
1216.979443 
1218.518213 
1219.140724 
1219.896421 
1220.055965 
1221.613864 
1222.259023 
1222.517606 
1222.613908 
1223.097986 
1223.826795 
1223.898999 
1224.644579 
1224.827567 
1225.469653 
1225.613072 
1226.517350 
1226.678011 
1227.027132 
1227.204429 
1227.444021 
1227.560830 
1228.860826 
1229.829841 
1230.634540 
1231.665992 
1232.060620 
1232.736413 
1232.808030 
1235.553371 
1236.416826 
1236.474152 
1236.937142 
1237.129381 
1237.760673 
1238.249353 
1239.150749 
1239.270511 
1239.891798 
1240.510618 
1240.678281 
1240.802730 
1241.073411 
1241.672988 
1241.677563 
1241.811764 
1243.299204 
1243.656672 
1244.000097 
1244.430383 
1244.889340 
1247.172220 
1247.316250 
1247.420082 
1247.716407 
1248.430806 
1248.867005 
1249.645015 
1249.898522 
1250.735036 
1251.172473 
1252.212719 
1252.471730 
1252.714395 
1253.465280 
1254.605735 
1255.309383 
1255.328969 
1257.407198 
1258.577468 
1258.721997 
1259.946374 
1260.780225 
1261.479528 
1263.181607 
1264.143589 
1264.685486 
1264.868039 
1264.975541 
1266.470986 
1267.183075 
1267.342615 
1268.348885 
1269.244982 
1269.742909 
1269.769565 
1269.849625 
1270.653540 
1270.846368 
1271.094172 
1271.289154 
1271.845397 
1272.848394 
1273.519165 
1277.485049 
1277.969632 
1278.046031 
1278.757731 
1281.178525 
1282.856386 
1283.307254 
1284.515625 
1284.644444 
1284.978412 
1285.292035 
1285.516123 
1285.763560 
1285.852098 
1285.867061 
1285.916074 
1287.677291 
1287.980687 
1290.223895 
1290.529654 
1290.917529 
1291.196283 
1291.466525 
1291.815260 
1291.828245 
1291.920835 
1291.940098 
1292.269891 
1292.869128 
1293.250552 
1293.584668 
1294.810090 
1294.950629 
1295.870994 
1296.875714 
1296.993674 
1297.194444 
1297.223145 
1297.673403 
1298.297209 
1298.671577 
1300.793297 
1300.842155 
1301.372998 
1302.681894 
1302.809009 
1302.930878 
1303.191544 
1304.267087 
1307.380377 
1307.761749 
1308.344579 
1308.556462 
1308.873216 
1309.047645 
1309.718189 
1311.350193 
1311.628147 
1312.197969 
1313.622694 
1314.203813 
1314.307538 
1314.958650 
1315.205339 
1315.667059 
1316.105109 
1316.303442 
1316.468867 
1317.074452 
1317.347605 
1318.092565 
1318.366325 
1318.389904 
1318.591403 
1318.969539 
1319.020911 
1319.769354 
1320.596254 
1321.437477 
1322.470133 
1322.555551 
1323.120509 
1324.614769 
1324.839057 
1325.150295 
1325.169700 
1325.731106 
1327.388884 
1329.535712 
1330.947213 
1333.196628 
1333.728700 
1333.841264 
1334.336039 
1336.769963 
1337.692475 
1337.768894 
1337.919934 
1340.688712 
1341.135794 
1341.904633 
1342.545026 
1342.610195 
1345.271878 
1345.288330 
1345.482896 
1346.156108 
1348.575626 
1348.928693 
1350.914830 
1352.018526 
1352.604378 
1352.749039 
1352.753586 
1353.027536 
1353.475444 
1354.906271 
1355.358284 
1355.548303 
1356.321928 
1356.929477 
1357.132123 
1357.985893 
1359.971877 
1360.712530 
1360.900896 
1362.751107 
1363.185135 
1363.817429 
1364.006971 
1364.322294 
1364.935219 
1365.285591 
1365.691348 
1365.696213 
1365.696583 
1365.905269 
1366.736664 
1366.859043 
1367.848678 
1369.934170 
1371.327415 
1371.618835 
1372.749567 
1372.765799 
1373.621290 
1373.676335 
1374.241520 
1374.536127 
1374.565169 
1374.895549 
1375.271126 
1375.873966 
1376.168690 
1376.248599 
1377.087084 
1377.711515 
1378.272498 
1378.460943 
1379.079894 
1379.522106 
1379.847074 
1380.080073 
1380.124572 
1380.285815 
1380.985528 
1381.326924 
1381.502644 
1381.782167 
1382.185483 
1382.348677 
1382.423766 
1383.434241 
1383.666708 
1383.959557 
1384.400854 
1385.830707 
1386.066600 
1387.003060 
1387.837472 
1388.196908 
1389.113724 
1389.418595 
1390.788450 
1391.100262 
1393.956862 
1394.634096 
1397.516149 
1398.956869 
1399.790004 
1401.120921 
1401.293420 
1401.906043 
1402.229140 
1402.767942 
1403.900400 
1404.706101 
1406.115152 
1406.251341 
1406.589171 
1406.982658 
1407.637569 
1408.444992 
1408.482150 
1411.214333 
1411.229187 
1412.281087 
1412.708866 
1413.031575 
1413.050983 
1413.790661 
1414.207752 
1415.634323 
1416.790329 
1417.343847 
1417.696904 
1418.627224 
1418.910885 
1419.107071 
1419.396126 
1419.552303 
1420.254828 
1420.612155 
1420.743574 
1420.849300 
1421.004993 
1421.484465 
1421.550521 
1421.576049 
1421.748472 
1423.963732 
1424.457750 
1424.921958 
1425.131282 
1425.194609 
1426.406290 
1426.701894 
1427.780621 
1428.480974 
1429.962768 
1431.107093 
1431.530125 
1431.931502 
1432.667579 
1433.472014 
1435.670641 
1435.951071 
1436.060907 
1436.444789 
1437.693317 
1438.399452 
1438.477131 
1439.163131 
1439.620937 
1440.268826 
1440.342995 
1440.529247 
1444.260192 
1446.189574 
1446.571300 
1446.604272 
1448.235942 
1449.368407 
1450.245892 
1450.347626 
1450.485246 
1450.939131 
1451.219213 
1452.092290 
1452.837049 
1453.732094 
1453.921204 
1453.962349 
1454.286481 
1454.403688 
1455.107090 
1456.689549 
1457.936059 
1458.163226 
1459.016335 
1459.662822 
1461.020005 
1463.042858 
1463.160510 
1463.846591 
1464.021666 
1464.065038 
1464.392028 
1464.789886 
1465.545657 
1466.494175 
1466.603698 
1467.178211 
1467.643609 
1469.144322 
1469.331160 
1470.112422 
1470.437281 
1470.821780 
1471.012607 
1471.154666 
1471.868382 
1472.942533 
1474.823145 
1475.746808 
1476.394769 
1477.299651 
1478.218154 
1478.307985 
1478.831852 
1478.944074 
1478.983680 
1479.716272 
1480.467972 
1480.608797 
1481.087801 
1481.167633 
1481.924427 
1482.628954 
1483.010204 
1483.887606 
1484.482525 
1486.078462 
1486.960592 
1487.968809 
1488.191463 
1488.291608 
1489.166279 
1489.803884 
1490.135226 
1490.660390 
1490.980378 
1491.601557 
1492.128838 
1492.328658 
1493.553213 
1493.802326 
1494.637313 
1494.860638 
1495.843866 
1496.123661 
1496.554299 
1496.904196 
1497.938930 
1498.951737 
1499.558780 
1499.665913 
1500.272687 
1500.607107 
1502.299361 
1502.361069 
1503.132563 
1503.766234 
1504.282604 
1504.397790 
1505.124029 
1505.250086 
1505.648211 
1506.332725 
1506.709552 
1508.345118 
1510.444106 
1510.507438 
1510.528554 
1510.546150 
1510.669747 
1511.161683 
1511.690829 
1511.758434 
1513.406571 
1513.678866 
1514.513610 
1515.177283 
1515.587257 
1515.861924 
1516.951726 
1517.990539 
1518.787172 
1519.031428 
1521.085202 
1521.381288 
1521.733600 
1522.662055 
1523.843036 
1524.831995 
1525.283268 
1525.513118 
1526.786104 
1526.936437 
1527.398085 
1527.897419 
1528.194186 
1528.702636 
1529.798844 
1530.432748 
1531.464765 
1531.558305 
1532.014428 
1532.204932 
1532.356690 
1532.939377 
1533.852485 
1535.582427 
1535.888367 
1536.503112 
1537.146764 
1537.207314 
1537.253204 
1537.549986 
1538.653481 
1539.616997 
1540.435266 
1541.047418 
1541.746156 
1541.807135 
1542.705922 
1543.326893 
1543.772469 
1543.971424 
1544.347255 
1544.835883 
1544.927010 
1545.074858 
1545.663531 
1546.757730 
1546.957077 
1547.963075 
1548.310621 
1549.019351 
1549.044053 
1549.139721 
1549.336854 
1549.933865 
1550.404900 
1550.749401 
1550.831707 
1552.826729 
1552.911693 
1553.675695 
1556.882818 
1557.502007 
1558.930337 
1560.131242 
1560.757028 
1562.185880 
1562.228992 
1562.296628 
1563.220199 
1563.319652 
1563.430381 
1564.367337 
1564.792232 
1565.822512 
1565.829358 
1567.216884 
1567.557559 
1567.854936 
1568.193129 
1568.583360 
1569.816959 
1571.449974 
1573.745989 
1574.104083 
1574.427357 
1574.983601 
1576.024969 
1576.454663 
1576.643544 
1576.707229 
1577.327343 
1577.372663 
1577.635368 
1578.105503 
1578.941953 
1579.007280 
1579.185440 
1579.508175 
1579.864073 
1580.135826 
1580.752249 
1581.063307 
1582.484176 
1583.331483 
1584.638306 
1584.862440 
1585.049705 
1585.072461 
1585.183986 
1585.854155 
1586.305916 
1587.575473 
1588.635759 
1588.695112 
1588.870863 
1588.932435 
1588.937727 
1590.648868 
1590.818161 
1591.931613 
1592.193921 
1592.226763 
1592.354101 
1592.863045 
1593.898430 
1595.027353 
1596.603183 
1596.905841 
1599.539755 
1599.624946 
1600.279521 
1600.860801 
1602.025527 
1603.665134 
1603.834922 
1606.330924 
1606.516398 
1606.540958 
1606.544595 
1607.362433 
1608.021028 
1609.200246 
1609.616605 
1609.942188 
1610.699871 
1611.178483 
1611.244397 
1611.375323 
1611.570071 
1612.113447 
1612.187792 
1614.669364 
1615.060512 
1615.666620 
1616.319811 
1617.130451 
1617.708396 
1617.944493 
1619.137014 
1619.638704 
1619.911327 
1621.107828 
1621.446033 
1622.119163 
1622.276195 
1622.523339 
1622.851552 
1622.912508 
1623.035204 
1623.532140 
1624.410308 
1624.691479 
1625.534898 
1625.778078 
1626.973027 
1627.010751 
1627.081501 
1627.763340 
1629.000069 
1629.040206 
1630.024433 
1630.414125 
1631.247647 
1631.643266 
1632.003698 
1632.563553 
1633.592545 
1635.384840 
1637.485995 
1637.941780 
1638.780853 
1639.274293 
1639.531415 
1639.684293 
1640.176330 
1641.320363 
1641.624903 
1641.682707 
1642.417540 
1643.251399 
1644.064013 
1644.386160 
1644.734478 
1644.916448 
1645.172924 
1646.232236 
1647.037442 
1647.349072 
1648.350545 
1648.456902 
1648.543890 
1649.079263 
1649.376152 
1650.175025 
1650.465892 
1651.895856 
1652.400180 
1652.982452 
1653.265315 
1654.012863 
1654.783263 
1655.122191 
1655.697775 
1655.738605 
1656.125535 
1656.201887 
1656.531156 
1657.585160 
1657.596596 
1658.644669 
1658.771119 
1658.803820 
1658.898775 
1662.336209 
1662.776540 
1663.398713 
1663.695613 
1665.696191 
1666.249591 
1666.343747 
1666.646071 
1666.703386 
1666.872819 
1666.886729 
1667.649147 
1668.978785 
1669.837513 
1671.197686 
1671.858353 
1673.688357 
1674.538496 
1674.823023 
1674.872185 
1674.948161 
1675.296377 
1675.812292 
1676.575844 
1677.041200 
1677.302429 
1677.784293 
1678.315159 
1678.414965 
1678.512546 
1678.752661 
1679.143446 
1679.284274 
1679.871766 
1680.229199 
1681.570731 
1682.573831 
1682.705955 
1682.771532 
1682.809160 
1683.086341 
1683.351637 
1683.841845 
1686.045232 
1686.078568 
1686.415804 
1687.041935 
1687.233583 
1689.073931 
1689.088031 
1689.350253 
1689.667238 
1689.827087 
1691.109184 
1691.520004 
1692.086921 
1692.309422 
1692.328710 
1692.461746 
1692.469958 
1692.522333 
1693.062458 
1693.085006 
1693.130862 
1693.470806 
1693.745528 
1694.915516 
1695.039523 
1695.572582 
1696.127991 
1696.577072 
1697.464615 
1699.024849 
1700.206196 
1700.289959 
1700.459897 
1700.689013 
1700.768660 
1701.788859 
1701.946192 
1702.138305 
1703.949881 
1704.096701 
1704.632159 
1704.908620 
1704.948730 
1704.990867 
1705.433671 
1705.849421 
1706.508339 
1707.598006 
1707.781612 
1707.929647 
1707.935640 
1708.025630 
1708.775735 
1709.608450 
1709.658924 
1710.419334 
1710.847044 
1711.219399 
1712.047496 
1713.359982 
1713.579844 
1713.649218 
1714.279948 
1714.354869 
1714.608605 
1714.731987 
1714.976657 
1715.039093 
1715.544808 
1716.080611 
1716.334461 
1716.619558 
1716.980301 
1717.436615 
1718.441684 
1719.719387 
1720.022219 
1720.051253 
1720.199581 
1721.294258 
1721.488457 
1722.461282 
1723.123532 
1723.504154 
1723.617991 
1723.779160 
1723.798994 
1723.990698 
1724.088465 
1724.142148 
1725.825539 
1726.226412 
1726.443767 
1726.965858 
1727.095594 
1727.616096 
1727.883575 
1728.531927 
1728.891458 
1729.097051 
1730.543740 
1733.295194 
1733.325832 
1733.895417 
1734.133224 
1735.165404 
1736.524354 
1736.957772 
1737.086414 
1737.192935 
1737.373972 
1738.541674 
1739.628244 
1739.747138 
1739.951760 
1740.320365 
1740.560899 
1741.428218 
1741.901305 
1741.928992 
1742.001801 
1743.430673 
1743.501820 
1743.759503 
1745.732518 
1747.000827 
1747.034160 
1747.252250 
1747.987042 
1748.327093 
1748.424017 
1748.807182 
1748.808522 
1750.140098 
1750.172289 
1750.532982 
1751.334436 
1752.272970 
1752.471229 
1753.088661 
1753.445916 
1753.484088 
1754.805997 
1755.289400 
1755.393560 
1756.059425 
1756.465365 
1757.088541 
1757.289155 
1758.015137 
1758.081516 
1758.972161 
1759.781184 
1759.984139 
1760.210974 
1760.241527 
1760.371673 
1760.747540 
1760.834031 
1761.446639 
1761.633132 
1761.782652 
1762.366169 
1762.860939 
1764.269327 
1764.856928 
1765.397456 
1765.958429 
1766.068894 
1766.204031 
1766.444134 
1766.622731 
1766.680934 
1767.378407 
1767.528365 
1768.557286 
1769.095282 
1769.629974 
1770.069437 
1770.818139 
1771.727385 
1772.050985 
1772.147751 
1772.504384 
1772.588487 
1772.701601 
1772.875944 
1773.733192 
1774.027218 
1774.592327 
1775.082055 
1777.013010 
1778.538866 
1778.769256 
1779.540232 
1780.414928 
1781.440253 
1782.008703 
1782.022202 
1782.392360 
1782.893648 
1783.224489 
1783.367035 
1783.512184 
1783.848506 
1784.286143 
1784.797502 
1784.819055 
1785.999399 
1786.452994 
1786.847881 
1787.322959 
1788.058537 
1788.853826 
1789.508980 
1789.524741 
1790.463878 
1791.032215 
1791.878958 
1792.012010 
1792.302279 
1792.387633 
1794.172545 
1794.329143 
1794.632345 
1795.079909 
1795.266280 
1795.750830 
1796.428336 
1796.724096 
1797.287749 
1797.854364 
1797.878956 
1799.396750 
1800.463482 
1800.954036 
1801.168701 
1801.240385 
1802.061836 
1802.535117 
1802.965747 
1803.226107 
1803.254481 
1803.293555 
1803.782240 
1804.944422 
1805.412727 
1806.989329 
1807.794016 
1808.576660 
1809.125158 
1809.214347 
1810.833736 
1811.059203 
1811.299745 
1813.128932 
1814.342502 
1815.172156 
1815.499736 
1815.826503 
1816.578846 
1816.721861 
1816.915166 
1817.473675 
1819.442066 
1821.442018 
1821.518935 
1821.890855 
1821.913888 
1822.099298 
1822.668666 
1825.544556 
1826.958302 
1827.111169 
1827.330563 
1827.731555 
1827.770534 
1829.032807 
1829.504623 
1829.984722 
1830.054106 
1832.004678 
1832.419263 
1834.692779 
1835.326505 
1835.405621 
1836.280147 
1837.120053 
1837.193418 
1838.088456 
1838.243630 
1838.783370 
1839.322847 
1839.848209 
1840.695595 
1840.999995 
1841.557424 
1841.559850 
1843.402270 
1843.562020 
1844.127351 
1844.138419 
1845.168775 
1845.422865 
1845.429973 
1846.387080 
1846.892181 
1846.966974 
1848.939409 
1849.229057 
1850.952418 
1851.646100 
1852.063268 
1852.084495 
1852.272655 
1852.639843 
1852.746632 
1852.750067 
1853.313311 
1853.410949 
1854.344766 
1854.358271 
1854.956986 
1855.035559 
1855.358396 
1855.486990 
1855.496853 
1856.137160 
1856.327589 
1856.892246 
1857.459165 
1857.697025 
1858.887483 
1859.146997 
1860.574072 
1860.589865 
1861.334205 
1861.716455 
1861.747190 
1862.074984 
1862.104402 
1862.336039 
1863.198336 
1863.912886 
1864.829296 
1864.878724 
1865.302129 
1866.187706 
1867.939334 
1868.221402 
1868.352008 
1868.852907 
1869.474709 
1870.261206 
1871.608490 
1871.663194 
1871.780216 
1871.881273 
1871.894627 
1871.991549 
1872.336440 
1872.725495 
1872.844082 
1873.652511 
1873.738601 
1873.849336 
1875.943237 
1876.555224 
1876.590813 
1876.652881 
1877.103818 
1878.069668 
1878.137332 
1878.583506 
1878.883124 
1879.046861 
1879.370273 
1881.732072 
1882.266928 
1882.587308 
1882.846975 
1883.917016 
1883.965119 
1884.341226 
1885.350330 
1885.946081 
1886.397846 
1888.246659 
1888.284597 
1888.424877 
1889.062089 
1889.704936 
1890.042744 
1890.135740 
1890.531171 
1891.170201 
1891.224275 
1892.034156 
1892.261293 
1892.370386 
1893.463117 
1893.558818 
1893.649969 
1894.665053 
1895.289637 
1895.373340 
1896.002874 
1896.399641 
1896.839235 
1897.282129 
1898.082672 
1898.301289 
1898.762958 
1899.881764 
1901.039566 
1901.265294 
1901.839287 
1903.716293 
1903.835813 
1904.536690 
1904.837943 
1904.951512 
1905.448225 
1905.465378 
1905.512517 
1905.872127 
1906.340493 
1907.085042 
1907.172781 
1907.321767 
1907.449938 
1908.293148 
1910.463065 
1911.556491 
1911.595042 
1912.310915 
1913.261441 
1913.318011 
1914.046781 
1914.971297 
1915.413738 
1915.866695 
1917.687007 
1917.722925 
1918.115729 
1918.468539 
1919.497879 
1919.995373 
1920.661471 
1921.224541 
1921.379581 
1921.826740 
1922.684628 
1923.092959 
1923.505528 
1924.923015 
1926.680570 
1927.751919 
1928.605818 
1929.521087 
1929.894051 
1930.044154 
1930.171248 
1930.813133 
1931.027578 
1931.492881 
1932.127747 
1932.201063 
1932.606103 
1933.005409 
1933.115861 
1934.298751 
1934.857433 
1936.047804 
1936.088063 
1936.280685 
1937.741017 
1938.341732 
1938.950955 
1939.095304 
1939.732459 
1939.813459 
1940.282964 
1940.755867 
1941.342194 
1941.491416 
1942.164601 
1942.901268 
1943.279781 
1944.418935 
1945.110901 
1945.690021 
1946.959283 
1948.673068 
1949.738131 
1949.893915 
1950.519929 
1950.615557 
1950.791626 
1950.876966 
1951.349316 
1951.739198 
1952.307518 
1952.824803 
1952.891287 
1953.463726 
1953.607571 
1954.553094 
1955.515864 
1956.440283 
1960.303023 
1960.316900 
1961.089661 
1961.211042 
1961.507311 
1962.186615 
1962.493327 
1962.597607 
1963.352722 
1964.108455 
1964.520458 
1965.296060 
1965.616786 
1965.792318 
1965.943047 
1966.725772 
1966.872581 
1967.128813 
1967.239794 
1967.313882 
1967.388546 
1967.760688 
1968.117553 
1969.146083 
1969.991183 
1970.295893 
1970.353819 
1970.406002 
1970.604277 
1970.607925 
1970.665825 
1970.927371 
1971.431459 
1972.234027 
1972.964375 
1973.492061 
1973.512479 
1973.901759 
1974.387375 
1974.504628 
1975.638259 
1975.864919 
1976.276280 
1976.627449 
1976.906902 
1977.056257 
1977.981254 
1978.167690 
1981.008160 
1982.483903 
1982.685338 
1982.781944 
1983.021075 
1983.060845 
1983.344618 
1983.589119 
1984.451746 
1985.420213 
1986.655214 
1987.024908 
1987.277084 
1987.339931 
1988.314107 
1989.031555 
1990.319967 
1990.422365 
1990.477437 
1990.734934 
1991.023899 
1991.549491 
1991.916606 
1991.936160 
1991.956317 
1992.853135 
1994.196576 
1995.588768 
1996.655772 
1997.495148 
1998.005175 
1999.647738 
2000.646713 
2001.500507 
2001.580407 
2001.982072 
2004.429752 
2005.269159 
2006.184293 
2006.859796 
2007.270869 
2007.468556 
2007.835010 
2008.420130 
2008.823667 
2009.216233 
2010.554830 
2013.539138 
2013.561100 
2014.748258 
2015.536213 
2015.988810 
2016.063532 
2016.092260 
2016.334522 
2017.300781 
2017.477432 
2017.502049 
2018.131803 
2018.706494 
2019.069995 
2019.187018 
2019.283896 
2019.518160 
2019.768496 
2020.150378 
2020.462283 
2020.991643 
2021.519290 
2022.003806 
2022.179145 
2023.743734 
2024.322940 
2025.253934 
2025.372430 
2025.777877 
2026.126952 
2026.540931 
2026.701755 
2026.808754 
2027.010759 
2027.158468 
2027.444234 
2028.020350 
2028.856752 
2029.721233 
2030.247273 
2030.997779 
2032.333219 
2032.727885 
2032.913169 
2034.150713 
2034.804028 
2036.221695 
2036.480855 
2036.598345 
2037.312110 
2037.478438 
2037.527705 
2037.563988 
2039.279213 
2040.175448 
2040.477057 
2040.847440 
2040.906815 
2042.127264 
2042.955405 
2043.081218 
2043.566675 
2043.676690 
2045.671231 
2046.438113 
2047.635667 
2047.699685 
2048.395831 
2049.330711 
2051.160481 
2051.576551 
2051.775571 
2052.936778 
2054.844767 
2055.260209 
2055.451212 
2055.466408 
2055.470603 
2056.107746 
2056.118751 
2058.259553 
2058.373763 
2058.752534 
2059.771378 
2060.562648 
2061.169536 
2061.684847 
2062.093080 
2062.152210 
2062.247450 
2062.455608 
2063.172278 
2063.500672 
2063.583518 
2063.697052 
2064.433541 
2064.469264 
2066.065449 
2066.198877 
2066.491606 
2066.776017 
2069.090910 
2069.214519 
2070.558447 
2070.690919 
2071.044502 
2071.221466 
2073.104248 
2075.274673 
2075.372776 
2076.032722 
2076.250147 
2076.285680 
2076.675458 
2076.717756 
2076.778095 
2076.980036 
2078.152685 
2079.269167 
2079.735837 
2080.231978 
2081.758450 
2082.157888 
2082.235782 
2082.532871 
2082.750859 
2083.337520 
2084.097051 
2084.965567 
2085.042682 
2085.791576 
2085.998627 
2086.412843 
2087.015461 
2087.106922 
2088.234836 
2090.351485 
2091.231642 
2091.883287 
2092.112045 
2093.439176 
2095.005702 
2095.056348 
2095.472828 
2095.582900 
2095.853474 
2096.476615 
2098.149371 
2098.234909 
2099.009307 
2099.343410 
2099.946033 
2100.073265 
2100.094751 
2101.468630 
2101.947736 
2102.264072 
2102.327676 
2102.632440 
2102.659130 
2102.738503 
2103.233922 
2105.414617 
2105.518632 
2105.543859 
2105.916381 
2106.177664 
2106.685466 
2109.725070 
2109.791287 
2110.088382 
2110.401884 
2110.559883 
2111.016444 
2111.096368 
2111.200871 
2111.446712 
2111.453982 
2112.100239 
2112.848861 
2112.961136 
2113.227465 
2113.261877 
2113.496498 
2113.846094 
2115.958345 
2117.360716 
2117.617647 
2118.099924 
2119.177829 
2119.291963 
2119.818895 
2119.949364 
2120.136298 
2121.164370 
2121.705934 
2122.073299 
2123.749746 
2124.144318 
2125.376097 
2125.394925 
2125.924456 
2126.427481 
2127.224047 
2128.386158 
2128.593053 
2128.755858 
2128.930967 
2129.906610 
2130.142394 
2130.713508 
2132.055944 
2132.212174 
2133.768016 
2136.055681 
2136.463942 
2136.850358 
2137.092948 
2137.270716 
2138.106956 
2138.801527 
2138.936407 
2139.056771 
2139.410090 
2139.418137 
2139.482790 
2143.496427 
2144.025781 
2144.455751 
2144.535572 
2144.858358 
2145.090649 
2146.377519 
2146.936809 
2147.456587 
2148.349032 
2148.916916 
2150.000995 
2150.525649 
2150.853886 
2151.238519 
2151.447778 
2152.259052 
2152.305834 
2152.651096 
2153.092457 
2153.975559 
2154.881652 
2156.531868 
2156.979025 
2157.769062 
2158.472737 
2158.640823 
2159.348175 
2159.649463 
2160.555209 
2161.873347 
2161.952255 
2162.143188 
2162.537431 
2164.636594 
2164.777916 
2165.005671 
2165.614790 
2165.723266 
2166.005982 
2166.033299 
2166.289483 
2166.453870 
2166.575136 
2167.055329 
2167.271167 
2167.498818 
2167.971233 
2168.204164 
2168.891971 
2169.174274 
2169.569516 
2170.701454 
2171.440034 
2172.280082 
2172.317915 
2172.473491 
2173.629402 
2173.811008 
2174.077590 
2175.002496 
2175.812233 
2176.022724 
2176.368740 
2177.381508 
2177.744728 
2178.518787 
2179.868095 
2180.172565 
2181.291183 
2181.367731 
2181.971510 
2181.972057 
2182.674524 
2184.934810 
2185.009745 
2185.712252 
2185.928677 
2186.269431 
2186.962516 
2187.213171 
2187.835923 
2187.913367 
2188.267864 
2189.892195 
2190.050648 
2191.998129 
2192.880696 
2193.292883 
2193.583939 
2193.796948 
2194.748509 
2195.430215 
2196.123829 
2197.756719 
2198.609913 
2198.767610 
2199.327600 
2199.560283 
2200.293686 
2200.480054 
2200.895200 
2200.910623 
2201.674047 
2202.169210 
2203.075623 
2204.067827 
2205.546140 
2206.140420 
2206.352878 
2206.611410 
2206.736830 
2206.743158 
2206.918381 
2207.159517 
2207.780741 
2207.811974 
2208.736529 
2209.544735 
2210.017014 
2210.506906 
2210.521102 
2210.686703 
2211.274148 
2213.990429 
2214.487922 
2215.127722 
2215.460872 
2216.338754 
2216.889525 
2217.573571 
2217.840155 
2218.836266 
2219.240161 
2220.003847 
2220.494051 
2222.045279 
2222.575322 
2223.043385 
2223.918838 
2224.362726 
2224.580990 
2224.777494 
2224.915175 
2228.319392 
2228.735673 
2228.953746 
2229.209464 
2229.429299 
2229.868444 
2230.133852 
2230.777878 
2231.352188 
2231.624522 
2232.013408 
2232.583407 
2233.563338 
2233.937673 
2234.290659 
2234.889022 
2235.289856 
2236.048297 
2236.345383 
2236.532573 
2236.824876 
2237.580155 
2237.589609 
2237.870774 
2238.492033 
2238.769164 
2239.118235 
2239.466566 
2239.835478 
2239.926533 
2240.161967 
2240.803874 
2241.216424 
2241.796527 
2242.046119 
2242.092848 
2244.105500 
2244.256551 
2244.411456 
2244.706814 
2245.052098 
2246.505900 
2246.948693 
2247.214363 
2247.762524 
2247.997355 
2248.580667 
2248.885504 
2249.100143 
2249.581315 
2250.452627 
2251.123003 
2251.430832 
2252.104051 
2252.130373 
2252.411501 
2255.118501 
2255.553074 
2255.713558 
2255.996806 
2256.809172 
2257.492169 
2257.569574 
2257.893374 
2258.331998 
2258.462333 
2258.499120 
2258.759344 
2259.100678 
2259.264356 
2259.328745 
2260.192126 
2260.735141 
2260.747779 
2261.653989 
2262.210225 
2263.005259 
2264.078638 
2264.605640 
2264.628698 
2264.644911 
2264.775743 
2264.805011 
2267.620726 
2268.011759 
2269.514330 
2272.214017 
2273.522385 
2274.211018 
2274.751368 
2275.254585 
2275.325242 
2275.449229 
2275.515894 
2275.970410 
2276.933522 
2277.485613 
2277.875625 
2278.374665 
2279.233183 
2279.700245 
2280.384281 
2280.571206 
2281.159870 
2281.983993 
2283.086735 
2283.811924 
2284.351318 
2284.950114 
2287.004558 
2288.300967 
2288.660796 
2288.693706 
2288.801539 
2288.968971 
2288.972052 
2290.126307 
2290.174656 
2290.451758 
2291.833554 
2292.062447 
2292.608688 
2293.173566 
2293.211993 
2293.321795 
2293.874220 
2294.035764 
2294.509129 
2295.065370 
2295.983126 
2297.015562 
2297.083412 
2297.552091 
2298.497019 
2298.954795 
2299.156858 
2299.474268 
2299.916501 
2300.618273 
2300.651500 
2300.858237 
2302.581649 
2303.425240 
2303.797702 
2304.121952 
2304.239391 
2304.583340 
2304.646204 
2304.829585 
2305.038931 
2305.498555 
2306.456473 
2308.084639 
2308.315756 
2308.552563 
2308.557392 
2309.841507 
2310.232327 
2310.960477 
2311.778912 
2312.720083 
2313.948409 
2314.733259 
2315.792798 
2316.621672 
2316.727409 
2317.137515 
2317.332547 
2318.012851 
2318.207851 
2318.218642 
2318.638671 
2319.779754 
2319.858737 
2320.032807 
2320.722387 
2321.931925 
2322.032874 
2322.203569 
2322.415335 
2322.415376 
2322.593110 
2322.607364 
2324.799359 
2325.386129 
2326.623956 
2327.140554 
2328.446543 
2330.294685 
2330.535649 
2330.720037 
2330.927919 
2332.645429 
2333.837262 
2333.953195 
2334.104399 
2334.975270 
2336.469976 
2336.617634 
2336.755947 
2336.771499 
2337.265986 
2337.557479 
2337.663602 
2337.824093 
2338.312462 
2339.572095 
2339.878592 
2340.169085 
2340.285750 
2340.508949 
2340.684560 
2342.506192 
2342.927734 
2343.185134 
2343.646476 
2344.097986 
2344.495205 
2344.666939 
2345.159921 
2345.756989 
2345.861150 
2346.560239 
2346.627002 
2346.742239 
2346.749283 
2347.868578 
2348.845081 
2349.745770 
2352.831536 
2353.210747 
2353.678139 
2353.695274 
2354.132085 
2354.261560 
2354.466016 
2357.903916 
2358.378955 
2358.532406 
2359.527488 
2359.787747 
2359.854705 
2360.219813 
2360.603716 
2360.751233 
2362.114973 
2363.205632 
2363.543282 
2363.973861 
2364.547413 
2364.690598 
2364.883673 
2365.513962 
2366.557480 
2366.854072 
2367.225520 
2367.849522 
2368.156138 
2368.530861 
2368.879561 
2369.231423 
2369.705558 
2370.178358 
2370.393635 
2371.196226 
2372.486911 
2373.466518 
2374.423285 
2375.253110 
2375.762482 
2375.779728 
2376.735533 
2377.256942 
2377.341357 
2377.584066 
2378.110926 
2378.364404 
2378.516883 
2378.761333 
2379.638723 
2380.121690 
2380.679095 
2381.408344 
2382.071348 
2382.354223 
2384.191533 
2384.947078 
2384.985941 
2385.508036 
2385.668685 
2385.774017 
2385.973400 
2386.486352 
2386.625805 
2386.678137 
2386.983503 
2387.502882 
2387.532924 
2387.824059 
2388.583219 
2390.205215 
2390.609280 
2390.763868 
2390.823612 
2390.824901 
2391.053829 
2391.285316 
2392.123232 
2393.369056 
2393.467121 
2394.180513 
2394.269515 
2394.316033 
2394.334758 
2394.822770 
2395.105863 
2396.677316 
2397.494784 
2397.578625 
2397.776392 
2397.888721 
2398.650123 
2398.734103 
2400.574429 
2400.575044 
2401.449101 
2402.538361 
2402.995747 
2403.065605 
2403.772342 
2403.914919 
2405.711789 
2405.931454 
2405.976783 
2406.494525 
2406.964917 
2407.029983 
2407.137639 
2408.112475 
2408.206881 
2409.330766 
2409.380069 
2409.416494 
2409.422720 
2409.536295 
2410.284802 
2410.460953 
2412.262176 
2412.526351 
2412.811367 
2412.812647 
2412.856828 
2413.038119 
2413.380500 
2413.706414 
2413.935510 
2414.636985 
2415.042358 
2415.317077 
2416.269723 
2416.752798 
2416.757737 
2416.920674 
2417.092699 
2417.151270 
2418.034165 
2418.461885 
2418.984141 
2419.084587 
2419.443053 
2419.689720 
2419.779263 
2419.862970 
2420.752054 
2420.952294 
2421.904614 
2422.839709 
2422.942847 
2423.955814 
2424.279396 
2425.349526 
2425.700547 
2425.704587 
2428.832899 
2428.876596 
2429.419059 
2430.165937 
2430.538091 
2431.129697 
2431.536332 
2432.505602 
2432.568723 
2432.764793 
2434.346580 
2435.082769 
2435.689279 
2436.513459 
2436.674356 
2437.711541 
2437.853447 
2437.930673 
2438.574561 
2438.808435 
2439.249756 
2439.409556 
2440.267692 
2440.335375 
2440.379837 
2440.503434 
2441.005797 
2441.593468 
2441.842794 
2443.036299 
2443.055973 
2443.532770 
2444.582008 
2444.954234 
2445.794241 
2446.668171 
2446.704711 
2446.910809 
2447.332668 
2448.553444 
2449.643307 
2449.706718 
2449.838231 
2450.152354 
2451.998405 
2452.076279 
2453.317539 
2453.857314 
2453.871378 
2454.088542 
2454.726239 
2454.949907 
2455.895528 
2456.139467 
2456.971086 
2457.661159 
2457.771066 
2457.951689 
2458.734627 
2459.630416 
2460.392166 
2461.298875 
2461.769988 
2462.114351 
2463.283483 
2463.333517 
2463.661721 
2465.458606 
2465.692898 
2467.002769 
2468.866901 
2468.912148 
2469.112331 
2469.640153 
2470.192102 
2471.612894 
2472.128012 
2472.257704 
2472.709560 
2472.817822 
2472.833236 
2473.210360 
2473.601881 
2473.765942 
2474.641260 
2475.336767 
2475.536187 
2475.822095 
2475.949491 
2475.957935 
2475.989378 
2477.215263 
2477.977769 
2478.460546 
2478.598752 
2478.965684 
2479.066229 
2481.437571 
2481.899133 
2482.229923 
2482.473493 
2482.908842 
2485.373687 
2486.292507 
2488.240945 
2488.812178 
2488.938000 
2489.814769 
2490.538239 
2490.986046 
2491.448189 
2491.518655 
2491.566085 
2492.130353 
2492.400364 
2492.490448 
2492.600823 
2494.385404 
2495.443963 
2495.739173 
2496.717242 
2497.944034 
2498.663665 
2500.529505 
2501.525582 
2501.763833 
2502.321741 
2502.531916 
2503.631963 
2504.157844 
2505.316679 
2505.421236 
2506.150917 
2506.278618 
2506.566293 
2506.751337 
2507.333152 
2507.774195 
2508.089798 
2508.457384 
2508.746756 
2510.595994 
2510.997023 
2511.523892 
2511.868093 
2512.017383 
2512.215167 
2512.659886 
2513.232488 
2515.438050 
2515.608292 
2515.722529 
2515.831372 
2516.372331 
2516.829897 
2517.228859 
2517.282722 
2518.781963 
2519.016047 
2519.848681 
2520.278395 
2520.736513 
2521.778323 
2522.252406 
2523.528119 
2523.859683 
2524.071605 
2524.228174 
2524.933943 
2524.952116 
2525.128805 
2526.294109 
2526.336666 
2526.646999 
2526.863427 
2527.265994 
2527.429837 
2528.440942 
2528.731295 
2529.324394 
2529.362389 
2530.384158 
2531.149689 
2531.693177 
2531.977914 
2533.421591 
2533.653971 
2534.276867 
2534.709804 
2535.107802 
2536.066674 
2536.095254 
2536.130317 
2536.140132 
2536.302404 
2536.403187 
2536.428490 
2537.103043 
2537.114535 
2537.504214 
2538.007901 
2539.077225 
2540.785090 
2541.645179 
2542.199829 
2542.261363 
2544.698284 
2546.001189 
2546.103339 
2546.911700 
2547.513221 
2549.087682 
2549.108679 
2549.533971 
2549.852377 
2550.390669 
2550.401149 
2550.550043 
2550.582109 
2551.666511 
2554.206975 
2554.359818 
2555.257185 
2555.378126 
2555.912760 
2557.052729 
2558.102926 
2559.120559 
2560.803633 
2560.839731 
2561.480028 
2561.597710 
2561.933894 
2562.093325 
2562.325001 
2562.811541 
2563.888161 
2564.462571 
2564.799806 
2565.383947 
2565.500538 
2565.897725 
2566.751728 
2567.115628 
2567.472722 
2567.852132 
2568.397596 
2569.443800 
2570.097671 
2570.156521 
2570.526324 
2570.566459 
2571.349492 
2571.731718 
2572.373970 
2573.311384 
2573.359631 
2573.752427 
2573.994814 
2574.194040 
2574.352896 
2574.484953 
2574.875527 
2574.906138 
2575.999866 
2576.221268 
2576.736902 
2577.009988 
2577.391155 
2577.805205 
2577.984190 
2578.575375 
2578.652922 
2578.801650 
2578.915076 
2578.947271 
2579.395590 
2579.773188 
2580.703249 
2582.236960 
2582.368125 
2582.397550 
2582.838954 
2583.103015 
2583.278192 
2583.488726 
2583.740052 
2584.336108 
2585.029378 
2586.984926 
2588.212317 
2588.866276 
2590.241898 
2591.991733 
2592.067848 
2592.181097 
2592.742319 
2594.130076 
2594.146812 
2594.844511 
2594.956161 
2595.843953 
2596.181963 
2596.542019 
2597.133714 
2597.463812 
2598.248684 
2598.256429 
2598.266294 
2599.069537 
2599.484348 
2599.619189 
2599.783434 
2601.576753 
2601.686430 
2602.069245 
2602.687051 
2602.804749 
2603.833235 
2604.306019 
2604.379830 
2605.103186 
2605.636889 
2605.692310 
2605.712119 
2606.178862 
2606.606415 
2606.785421 
2606.863579 
2607.171974 
2607.653229 
2608.755985 
2609.602443 
2609.836468 
2610.310658 
2610.495651 
2610.926220 
2611.330014 
2611.501499 
2611.512039 
2611.525028 
2611.696865 
2612.888477 
2613.184764 
2613.210309 
2614.006051 
2615.710807 
2616.116447 
2616.309775 
2616.391459 
2616.901553 
2617.674305 
2617.750673 
2619.061434 
2619.415080 
2619.598782 
2619.810753 
2619.978079 
2620.516102 
2621.966615 
2622.233641 
2622.329953 
2623.368182 
2623.402232 
2625.082552 
2625.145778 
2625.249046 
2625.327375 
2626.992450 
2628.045078 
2628.995280 
2629.226351 
2629.541292 
2629.586043 
2629.830198 
2629.838754 
2630.155752 
2630.507103 
2630.723627 
2631.107183 
2632.878528 
2634.120679 
2634.473865 
2635.669670 
2635.692223 
2635.846108 
2637.048603 
2637.136394 
2637.592390 
2638.098355 
2638.695003 
2639.676122 
2640.178831 
2641.399922 
2642.715587 
2642.864592 
2643.468841 
2644.333395 
2644.376781 
2645.424137 
2647.057515 
2647.500769 
2648.113697 
2648.500648 
2648.827572 
2649.091154 
2649.221810 
2650.074166 
2650.999244 
2651.760567 
2652.185725 
2652.635041 
2654.483676 
2655.642274 
2655.834067 
2655.871860 
2655.934990 
2656.369818 
2657.199047 
2657.666094 
2658.073396 
2658.503865 
2658.577233 
2659.815960 
2660.200046 
2660.203174 
2660.415412 
2661.335583 
2662.047063 
2662.138681 
2663.495225 
2663.705465 
2663.844131 
2664.144023 
2664.211089 
2664.491787 
2664.546987 
2666.157190 
2666.472074 
2666.536743 
2666.810840 
2666.997120 
2667.529518 
2669.386320 
2669.738987 
2670.166388 
2670.251199 
2670.968224 
2671.237381 
2671.336924 
2671.704307 
2671.842885 
2672.061482 
2672.147529 
2672.202344 
2672.379954 
2672.567852 
2673.432074 
2675.325316 
2675.525225 
2676.382744 
2676.470766 
2676.978741 
2677.038745 
2677.102717 
2677.443672 
2677.459092 
2678.101126 
2678.828372 
2679.123869 
2680.976777 
2681.248620 
2681.491492 
2682.513590 
2682.721988 
2683.472929 
2683.672951 
2683.791546 
2685.450556 
2686.408259 
2687.292993 
2688.187720 
2688.451464 
2688.628247 
2690.494857 
2691.037595 
2692.191815 
2693.888739 
2694.478418 
2694.763242 
2695.144629 
2696.358929 
2696.504971 
2696.794350 
2696.852214 
2697.123339 
2698.901983 
2699.650639 
2699.970515 
2700.784956 
2700.879133 
2702.879828 
2703.596898 
2704.399760 
2705.346761 
2706.659933 
2706.824347 
2707.683309 
2707.977666 
2708.455071 
2709.032671 
2709.630977 
2711.079228 
2711.385091 
2711.592502 
2711.649804 
2712.963328 
2713.117277 
2713.370752 
2713.474289 
2715.024235 
2715.206427 
2715.349783 
2715.577232 
2715.930844 
2716.659942 
2717.012522 
2717.098922 
2717.290756 
2718.911574 
2719.462334 
2719.957562 
2720.476054 
2720.865956 
2722.495693 
2723.456564 
2724.146395 
2724.194775 
2724.337679 
2724.946702 
2725.080066 
2726.299035 
2727.357023 
2728.455608 
2728.910759 
2729.119115 
2730.307008 
2730.547564 
2730.679931 
2732.621984 
2734.505727 
2736.025654 
2738.087935 
2738.564357 
2738.583527 
2739.236079 
2740.169923 
2740.274669 
2740.667538 
2741.005785 
2741.285099 
2741.923068 
2743.488566 
2743.657246 
2743.713016 
2744.327294 
2744.338672 
2744.417604 
2745.823565 
2747.171117 
2748.057996 
2749.325226 
2750.128573 
2750.298573 
2751.098311 
2751.581301 
2753.055364 
2753.917438 
2754.118226 
2754.441173 
2754.480941 
2754.704949 
2755.457708 
2755.803816 
2756.037537 
2756.437745 
2756.820877 
2757.193545 
2757.766852 
2758.257021 
2758.629927 
2758.861160 
2759.487055 
2762.271836 
2762.924983 
2763.163660 
2763.215673 
2763.685182 
2764.242993 
2764.388147 
2764.892649 
2765.846155 
2765.986590 
2766.237045 
2767.153685 
2767.446932 
2768.087700 
2768.722628 
2769.438169 
2769.472694 
2769.969253 
2770.045502 
2770.783863 
2770.803252 
2770.896116 
2770.972398 
2771.492087 
2772.224002 
2772.405499 
2774.818389 
2776.749507 
2776.799481 
2777.602670 
2777.690333 
2777.851620 
2778.544339 
2778.664284 
2778.763512 
2779.082395 
2779.916444 
2779.942087 
2780.464118 
2780.847741 
2782.717489 
2783.721585 
2783.791098 
2784.091757 
2784.757276 
2785.007960 
2785.165248 
2785.330784 
2785.450093 
2785.853901 
2786.214322 
2786.545343 
2786.682905 
2786.789358 
2787.235902 
2787.564199 
2787.965379 
2789.002899 
2789.833873 
2790.083122 
2790.366257 
2791.037845 
2791.291052 
2791.297872 
2791.371774 
2791.470230 
2792.178439 
2792.758233 
2792.801277 
2792.904184 
2795.440823 
2795.490224 
2796.328943 
2796.481322 
2796.509244 
2798.075225 
2798.146796 
2798.893243 
2798.954683 
2799.248000 
2800.865537 
2801.104652 
2801.881299 
2802.028933 
2802.614199 
2802.650806 
2802.794281 
2802.859255 
2803.489105 
2803.976691 
2804.000291 
2805.405089 
2805.497713 
2806.847935 
2807.805065 
2808.513625 
2809.030952 
2809.568701 
2810.403075 
2810.545778 
2811.949029 
2812.300571 
2812.593862 
2812.946528 
2813.360308 
2813.630136 
2814.333873 
2815.206415 
2815.486833 
2817.262315 
2818.694380 
2818.940043 
2819.368595 
2819.558689 
2819.819319 
2819.934588 
2820.768040 
2820.792380 
2821.238636 
2821.667277 
2822.100195 
2822.268397 
2822.490388 
2823.069659 
2823.456608 
2823.748153 
2823.822356 
2823.945438 
2823.951982 
2824.835755 
2826.265513 
2826.344866 
2826.388947 
2826.729526 
2827.744798 
2828.231396 
2828.736325 
2828.756373 
2829.228399 
2829.433137 
2830.871350 
2830.986083 
2831.342383 
2832.293396 
2833.032076 
2833.510247 
2833.865182 
2835.702465 
2836.397408 
2836.710288 
2837.082918 
2837.116716 
2837.792525 
2837.962507 
2838.193022 
2838.359899 
2838.743229 
2839.128010 
2839.598925 
2840.824380 
2841.047589 
2841.408077 
2841.793916 
2842.311807 
2842.552256 
2842.607867 
2842.797919 
2843.156441 
2843.319366 
2843.331865 
2843.881974 
2844.061580 
2844.315549 
2844.945293 
2845.393581 
2845.431619 
2845.491192 
2845.700217 
2846.757297 
2847.675291 
2847.810893 
2848.145474 
2848.689627 
2850.502196 
2850.747209 
2851.660801 
2852.474529 
2852.597120 
2852.607937 
2852.816162 
2852.895855 
2852.940853 
2853.142048 
2853.188790 
2853.408769 
2853.792923 
2853.814656 
2853.921562 
2855.681702 
2855.730248 
2856.975173 
2857.178263 
2857.274140 
2857.912310 
2859.020157 
2859.585696 
2859.774412 
2860.198153 
2860.626678 
2862.015237 
2864.767832 
2864.954881 
2865.179137 
2865.994771 
2866.321885 
2866.801447 
2866.975595 
2867.308581 
2867.340481 
2867.382682 
2867.618712 
2868.068957 
2868.446176 
2870.522637 
2871.090584 
2871.532378 
2872.223310 
2872.830466 
2873.046589 
2873.194896 
2873.455536 
2873.717831 
2874.620380 
2874.637498 
2874.664096 
2874.991908 
2875.227040 
2875.858699 
2875.941042 
2877.592350 
2877.726195 
2878.034817 
2878.463264 
2879.386154 
2879.572185 
2879.684376 
2879.871888 
2880.171615 
2880.281726 
2880.543791 
2880.865356 
2881.347456 
2881.867429 
2881.933440 
2882.924744 
2883.203039 
2884.671689 
2884.948036 
2887.027420 
2887.666145 
2887.772851 
2889.224423 
2889.884538 
2891.072144 
2891.302641 
2892.591752 
2892.731933 
2892.960461 
2893.129200 
2893.437900 
2894.697571 
2895.126843 
2895.395659 
2896.190419 
2897.398449 
2897.427371 
2899.255169 
2899.502871 
2899.707699 
2900.668685 
2900.891712 
2901.658024 
2902.112970 
2902.598719 
2903.708855 
2905.449670 
2905.939646 
2905.987656 
2907.287359 
2909.585708 
2910.054221 
2910.647943 
2911.065095 
2911.929628 
2913.569804 
2913.657969 
2913.871571 
2913.928291 
2915.148318 
2915.405105 
2916.382129 
2916.758982 
2916.993513 
2917.608224 
2917.847191 
2918.807644 
2919.178701 
2919.677644 
2920.178299 
2920.814726 
2920.904865 
2921.411765 
2921.436628 
2922.448445 
2923.551211 
2924.529096 
2926.163554 
2926.318540 
2926.513610 
2926.906356 
2927.430245 
2927.752978 
2928.074390 
2929.884579 
2930.475554 
2931.983471 
2932.454233 
2933.787356 
2933.946270 
2934.360760 
2934.884931 
2935.658466 
2935.660143 
2935.750077 
2935.955115 
2936.104539 
2936.403299 
2936.420141 
2937.533197 
2938.367121 
2938.492071 
2938.989748 
2940.885579 
2941.856488 
2942.517616 
2942.639232 
2942.728751 
2943.142763 
2943.866538 
2943.898473 
2943.945415 
2945.858347 
2945.989949 
2946.477892 
2946.901183 
2947.009379 
2947.273374 
2947.286340 
2947.754687 
2948.123210 
2948.172314 
2948.545429 
2949.016376 
2949.223463 
2949.420547 
2949.931995 
2949.994254 
2950.851500 
2951.133485 
2951.767047 
2952.208057 
2954.590675 
2954.675096 
2955.086687 
2955.974390 
2957.345360 
2957.504201 
2958.578258 
2959.031429 
2959.965185 
2960.606633 
2960.706497 
2961.272057 
2961.674291 
2961.922274 
2962.788123 
2962.973104 
2963.154425 
2963.217777 
2963.693930 
2964.168396 
2965.194353 
2965.754642 
2966.321924 
2966.526262 
2966.890734 
2967.280558 
2968.092161 
2968.358554 
2968.518780 
2968.928761 
2969.304572 
2969.480200 
2969.728818 
2969.812845 
2969.925110 
2970.007083 
2970.143352 
2970.392957 
2970.613312 
2970.731151 
2970.953428 
2971.310397 
2971.687438 
2971.836571 
2972.384032 
2972.705621 
2975.161522 
2975.812059 
2977.852485 
2978.292538 
2979.360217 
2980.118755 
2980.218689 
2980.527306 
2980.868930 
2980.877458 
2981.365180 
2982.146214 
2982.941703 
2983.021677 
2983.416397 
2983.463084 
2984.396960 
2984.636270 
2985.167934 
2985.491323 
2985.963925 
2986.789523 
2988.209887 
2988.743239 
2988.761962 
2989.148622 
2989.177434 
2989.981729 
2992.273131 
2992.470386 
2992.637878 
2992.872904 
2993.319146 
2993.557830 
2993.697458 
2993.846954 
2993.898349 
2994.183833 
2994.576135 
2996.447549 
2996.868794 
2996.972610 
2996.976468 
2997.342783 
2997.698911 
2997.729568 
2997.847185 
2998.953589 
2999.717925 
3000.141873 
3000.495178 
3001.414955 
3001.758428 
3001.982751 
3002.063271 
3003.393862 
3003.659668 
3003.782040 
3004.367305 
3004.397645 
3004.410355 
3005.889954 
3006.111164 
3006.767509 
3006.806192 
3007.156538 
3007.220834 
3007.400029 
3007.592483 
3007.809808 
3007.814878 
3007.938508 
3008.235128 
3010.586502 
3010.732228 
3014.052768 
3015.161487 
3015.280042 
3016.984007 
3017.295060 
3018.314141 
3019.566158 
3020.230947 
3020.915067 
3020.933853 
3021.186524 
3021.800038 
3022.056874 
3022.811253 
3022.839197 
3023.302049 
3023.664559 
3024.079084 
3024.142629 
3025.239766 
3025.677290 
3025.705349 
3027.167700 
3029.770368 
3031.666407 
3031.684475 
3031.777602 
3033.129120 
3033.265095 
3033.498680 
3034.369725 
3034.385488 
3035.425210 
3037.175328 
3037.544941 
3037.607915 
3037.792286 
3039.482423 
3039.551356 
3040.470469 
3041.062956 
3041.703044 
3041.830925 
3042.629351 
3042.756263 
3042.936290 
3043.505258 
3044.070563 
3044.799201 
3045.548751 
3045.869250 
3046.153214 
3047.124048 
3047.325065 
3047.515753 
3047.657480 
3048.930269 
3049.500388 
3049.582279 
3049.606338 
3049.833411 
3051.042999 
3051.267767 
3051.372848 
3053.739269 
3054.168281 
3054.909536 
3054.951001 
3055.359169 
3055.453567 
3056.032562 
3056.478367 
3056.782231 
3056.914291 
3057.404455 
3057.725073 
3058.029702 
3058.637318 
3060.983986 
3061.123304 
3062.418428 
3063.200171 
3066.704534 
3066.876766 
3067.545626 
3068.256578 
3068.954454 
3069.636273 
3070.334064 
3072.223715 
3073.063305 
3073.075946 
3074.266415 
3074.558379 
3075.149156 
3076.305366 
3076.583374 
3077.159049 
3077.182047 
3077.379591 
3077.686104 
3078.330963 
3078.750873 
3078.860848 
3081.193424 
3081.254242 
3081.561227 
3083.323794 
3083.381373 
3083.809004 
3084.062245 
3084.650829 
3086.252528 
3086.551308 
3086.836541 
3088.495331 
3088.871228 
3089.391994 
3089.781777 
3089.881102 
3091.228873 
3091.488365 
3091.905266 
3092.031636 
3092.091628 
3092.991266 
3093.749829 
3093.992970 
3094.056057 
3094.307611 
3094.357194 
3095.596892 
3096.125410 
3096.963902 
3097.678313 
3098.251846 
3098.263336 
3098.614268 
3099.089143 
3099.157743 
3100.144683 
3100.359641 
3100.465202 
3100.509254 
3101.073174 
3101.546804 
3101.580673 
3102.297711 
3102.684511 
3102.773905 
3102.956361 
3102.980342 
3103.012160 
3103.685894 
3104.293669 
3104.787409 
3104.855896 
3105.652803 
3105.872937 
3106.469334 
3106.620271 
3107.122904 
3108.962830 
3109.428772 
3109.460446 
3109.929453 
3109.978857 
3111.102133 
3111.719317 
3111.724000 
3112.105537 
3112.203812 
3112.257010 
3112.650279 
3112.951623 
3113.849094 
3114.802049 
3114.961522 
3115.173724 
3115.206433 
3115.467879 
3116.150036 
3116.819593 
3116.837319 
3116.867816 
3117.327657 
3117.979410 
3118.222685 
3118.974769 
3119.104537 
3119.373672 
3120.149763 
3120.200344 
3120.921076 
3120.947158 
3121.253246 
3121.407835 
3121.488793 
3121.850283 
3122.131931 
3122.523328 
3122.798408 
3123.204589 
3123.324444 
3125.136924 
3125.300987 
3126.323498 
3126.505692 
3126.699540 
3126.894954 
3128.069473 
3128.626672 
3128.956610 
3129.000624 
3129.467067 
3130.003882 
3130.024270 
3130.530224 
3130.950626 
3131.064903 
3131.164129 
3131.436404 
3131.726031 
3132.196744 
3132.373535 
3132.463627 
3132.738093 
3132.821399 
3132.989090 
3133.974976 
3135.821434 
3136.279141 
3136.543765 
3137.875475 
3138.177636 
3138.310693 
3138.735274 
3139.033835 
3139.423004 
3140.824205 
3141.299117 
3141.800663 
3142.332960 
3143.229788 
3145.307931 
3146.252026 
3149.459993 
3150.225227 
3150.479137 
3150.941270 
3153.573261 
3154.156489 
3154.577500 
3155.617170 
3156.316975 
3156.471164 
3157.887701 
3158.648068 
3158.782478 
3160.518350 
3160.631802 
3161.258367 
3161.690027 
3162.447228 
3163.569228 
3164.078431 
3166.664268 
3166.916714 
3167.136695 
3167.548164 
3167.572679 
3168.208793 
3168.293671 
3168.647864 
3168.688576 
3168.783897 
3169.050767 
3169.201884 
3170.049885 
3170.373981 
3170.842603 
3170.888158 
3173.355079 
3173.768342 
3175.317454 
3176.096093 
3176.117150 
3176.321097 
3176.483407 
3176.495177 
3177.519082 
3178.863635 
3179.987100 
3180.288328 
3181.079330 
3181.777230 
3183.119137 
3184.123942 
3184.641505 
3184.950642 
3185.357822 
3186.145490 
3186.492783 
3187.043313 
3187.049179 
3187.224871 
3188.094071 
3188.407844 
3189.832319 
3189.879214 
3190.411679 
3191.183577 
3191.886983 
3193.938842 
3193.947624 
3194.093331 
3194.537891 
3194.905260 
3198.244693 
3198.382719 
3198.522908 
3198.935386 
3199.466973 
3199.913419 
3199.982715 
3200.447927 
3200.823886 
3201.281512 
3201.487719 
3202.443105 
3202.685785 
3202.718595 
3202.898981 
3203.348013 
3203.424964 
3203.694596 
3203.731827 
3203.760454 
3204.056042 
3204.534723 
3208.172928 
3208.527174 
3209.840084 
3210.245768 
3211.688757 
3212.629149 
3213.126544 
3213.472283 
3213.708030 
3214.978282 
3216.805950 
3216.942080 
3216.978930 
3217.073951 
3217.731648 
3218.218049 
3218.279836 
3219.651016 
3220.486247 
3222.327273 
3223.099988 
3224.179543 
3224.356870 
3224.369895 
3224.607330 
3224.943110 
3225.373643 
3225.384882 
3227.025289 
3227.414334 
3227.436450 
3227.740697 
3229.542177 
3230.163492 
3231.880421 
3231.940352 
3232.010452 
3232.164306 
3232.268572 
3232.532698 
3232.896324 
3232.992220 
3233.100226 
3233.599509 
3234.460833 
3234.871823 
3234.933520 
3235.245704 
3235.575398 
3238.123087 
3238.409284 
3238.770365 
3240.079987 
3240.247426 
3240.336010 
3240.479528 
3240.554808 
3242.114195 
3242.362033 
3244.507793 
3244.676237 
3245.542692 
3245.610463 
3245.942093 
3246.242399 
3246.578885 
3246.742387 
3246.799396 
3247.802693 
3247.913394 
3247.985511 
3248.270254 
3248.285025 
3248.545162 
3249.419122 
3249.583602 
3249.772899 
3249.847013 
3250.840414 
3252.470491 
3252.717796 
3253.192025 
3254.035393 
3254.049970 
3254.556054 
3254.623787 
3254.926310 
3255.429370 
3255.551114 
3255.734358 
3255.942229 
3256.645565 
3256.909393 
3257.973343 
3258.200307 
3258.823743 
3259.897354 
3260.437621 
3261.022932 
3261.443955 
3261.454148 
3261.947462 
3262.862213 
3263.231142 
3263.540660 
3263.630357 
3263.715899 
3264.779703 
3265.427483 
3265.486749 
3266.667103 
3267.169021 
3267.282736 
3267.430146 
3267.747328 
3268.295567 
3268.427213 
3269.013229 
3270.664927 
3271.577031 
3271.649690 
3272.879735 
3273.143191 
3274.090910 
3275.066314 
3275.127660 
3276.140399 
3276.370232 
3276.813792 
3277.882579 
3278.389327 
3278.506830 
3278.522103 
3278.727811 
3278.948118 
3279.091088 
3279.226120 
3280.222916 
3281.729474 
3282.969941 
3283.018387 
3283.075411 
3283.239472 
3284.106170 
3284.692451 
3285.455653 
3286.723038 
3286.873562 
3286.886365 
3287.586945 
3288.748311 
3289.198848 
3289.503701 
3290.011586 
3290.015284 
3290.577674 
3291.404105 
3291.901522 
3292.653516 
3293.051957 
3293.317456 
3293.602875 
3293.831161 
3294.097933 
3294.363046 
3294.442865 
3294.712491 
3296.443622 
3298.938049 
3299.748362 
3299.993441 
3300.055614 
3300.386636 
3300.541995 
3301.744539 
3301.951538 
3302.283462 
3302.499162 
3302.892724 
3303.825645 
3303.829962 
3304.123328 
3305.043076 
3305.242032 
3305.649614 
3306.187529 
3306.828759 
3306.880957 
3307.625522 
3307.803552 
3308.253215 
3308.831955 
3309.847183 
3310.108273 
3311.637067 
3313.080392 
3313.537979 
3314.367574 
3314.397514 
3314.726793 
3314.742757 
3315.727615 
3316.436417 
3317.018168 
3318.178872 
3318.240531 
3318.551602 
3318.632654 
3320.369060 
3321.538964 
3322.785572 
3323.360527 
3323.568734 
3324.387142 
3324.939117 
3325.070627 
3325.312268 
3325.845090 
3327.072818 
3327.956437 
3330.128056 
3331.238455 
3331.251592 
3331.859301 
3333.303184 
3334.183276 
3334.373670 
3335.509865 
3335.698357 
3336.336305 
3337.067726 
3337.261757 
3337.404102 
3337.766111 
3338.299373 
3340.852059 
3342.043684 
3342.385122 
3344.175481 
3344.840519 
3347.084956 
3347.120154 
3348.389619 
3348.856597 
3349.379457 
3349.575875 
3349.843337 
3350.093935 
3350.551615 
3350.571964 
3350.916543 
3351.200140 
3351.284602 
3351.791632 
3352.322579 
3352.387293 
3352.910230 
3353.038221 
3353.346751 
3354.853067 
3355.148915 
3355.278136 
3355.390686 
3355.540318 
3355.698630 
3356.472785 
3357.022435 
3357.094837 
3357.113956 
3357.229328 
3357.457480 
3358.100281 
3358.116888 
3359.312862 
3359.856862 
3360.001446 
3360.126843 
3360.493734 
3360.881224 
3361.380492 
3361.893548 
3362.243434 
3362.846242 
3362.896338 
3363.019839 
3363.197299 
3364.873264 
3365.800513 
3365.834787 
3366.115644 
3366.126345 
3367.111938 
3367.463370 
3368.006082 
3368.479325 
3368.513431 
3368.950027 
3369.105869 
3369.119591 
3369.185123 
3370.224918 
3370.418539 
3370.719080 
3371.243499 
3371.878624 
3372.412173 
3372.620154 
3372.638742 
3373.035215 
3373.157303 
3373.818991 
3374.049286 
3375.139544 
3375.948923 
3376.881878 
3377.005035 
3378.036837 
3378.125764 
3378.214849 
3378.368899 
3379.001641 
3379.552164 
3380.961210 
3381.089946 
3381.404948 
3381.482919 
3381.835408 
3382.450891 
3382.486022 
3384.334858 
3384.387798 
3384.607969 
3384.910939 
3385.289468 
3385.352938 
3386.226133 
3386.584648 
3386.683153 
3388.398671 
3388.521506 
3391.629993 
3394.020861 
3394.330664 
3394.389595 
3395.072538 
3395.649926 
3395.928270 
3396.952418 
3396.987899 
3396.993797 
3397.161513 
3397.448609 
3398.314271 
3398.371428 
3399.744194 
3400.586194 
3403.356009 
3404.146855 
3404.636911 
3404.687374 
3404.982125 
3405.505521 
3406.057433 
3406.438872 
3407.068080 
3407.291915 
3407.428077 
3408.316585 
3409.236474 
3409.302746 
3410.543574 
3410.695356 
3410.835620 
3411.034162 
3411.703286 
3411.768639 
3414.026192 
3414.795463 
3416.428833 
3416.858251 
3417.154023 
3418.216217 
3418.681447 
3419.416412 
3420.441049 
3420.708265 
3421.459174 
3421.488839 
3421.864498 
3423.471833 
3424.199969 
3424.784852 
3424.799656 
3425.022543 
3426.442507 
3427.096000 
3427.580264 
3427.629648 
3427.853646 
3428.255282 
3428.703529 
3429.110426 
3429.684578 
3430.309572 
3430.409218 
3430.464346 
3431.907999 
3432.096662 
3432.363132 
3433.046226 
3435.430518 
3436.354604 
3436.413405 
3436.494226 
3437.512304 
3437.564174 
3438.089227 
3438.173826 
3438.289753 
3438.343294 
3441.001629 
3441.136588 
3441.190860 
3441.336221 
3441.672711 
3441.894280 
3441.906981 
3442.476990 
3444.072891 
3444.812339 
3445.485600 
3445.785959 
3446.049156 
3447.342019 
3447.456506 
3447.733762 
3448.556050 
3448.765069 
3449.483468 
3450.322005 
3450.336845 
3450.631575 
3450.779561 
3451.966159 
3452.812979 
3453.502779 
3454.409964 
3454.660983 
3455.390190 
3455.637250 
3456.563248 
3458.441675 
3458.980880 
3459.353378 
3459.353738 
3459.358772 
3459.434677 
3459.915702 
3461.321765 
3461.415753 
3461.473502 
3461.598467 
3463.273318 
3463.393237 
3463.798342 
3464.162079 
3465.478444 
3465.596007 
3465.995289 
3466.953000 
3467.965263 
3467.983692 
3468.868606 
3470.193170 
3471.478663 
3471.953442 
3473.140720 
3473.253388 
3473.358261 
3474.085994 
3474.345939 
3474.442434 
3474.860957 
3475.141272 
3475.182546 
3475.235811 
3475.476381 
3475.846876 
3476.928367 
3477.390645 
3478.718916 
3478.753915 
3478.864314 
3479.326037 
3479.806592 
3481.374215 
3481.390151 
3483.640894 
3483.836313 
3486.046791 
3488.153066 
3490.234470 
3490.287458 
3490.874751 
3491.151665 
3491.473223 
3491.816366 
3493.239904 
3494.703620 
3496.022976 
3496.423347 
3497.816946 
3497.990753 
3499.038333 
3500.837897 
3501.177557 
3501.869551 
3503.137103 
3503.895863 
3505.031129 
3505.674372 
3505.816575 
3505.906290 
3506.396302 
3506.820864 
3506.909165 
3507.957056 
3508.219027 
3508.824302 
3508.972745 
3509.404806 
3509.625620 
3510.112369 
3510.499877 
3511.579585 
3513.073970 
3513.561045 
3514.069814 
3514.790095 
3515.005926 
3515.135645 
3515.259281 
3515.724030 
3516.019081 
3518.416500 
3518.420060 
3518.723301 
3518.894839 
3519.021334 
3519.112030 
3519.131726 
3519.286610 
3520.746753 
3520.910899 
3521.627979 
3522.656949 
3523.725996 
3524.465613 
3524.495542 
3524.569891 
3524.628515 
3524.795312 
3525.442341 
3525.455473 
3525.871408 
3526.121052 
3526.163909 
3527.471602 
3528.362802 
3528.438010 
3528.448951 
3528.460725 
3530.239877 
3530.481537 
3532.830687 
3533.015868 
3533.570549 
3533.895053 
3534.265817 
3534.291206 
3534.425662 
3534.457494 
3534.510482 
3535.115539 
3535.127959 
3535.299342 
3536.039665 
3536.645961 
3537.146039 
3537.627714 
3537.758927 
3537.894473 
3537.953787 
3538.090463 
3538.128795 
3538.497376 
3540.609035 
3541.027404 
3541.156899 
3542.035558 
3542.350695 
3542.706223 
3543.047444 
3543.328533 
3543.503576 
3543.748790 
3544.490871 
3545.034610 
3545.200120 
3545.731609 
3546.026497 
3546.063917 
3546.392083 
3546.599008 
3547.803304 
3548.014054 
3549.050150 
3549.155150 
3550.750902 
3551.119111 
3551.214444 
3551.857724 
3552.339091 
3552.520890 
3553.063889 
3554.073084 
3554.136297 
3554.989094 
3555.607174 
3556.957115 
3557.006772 
3558.638625 
3558.734526 
3558.918837 
3559.483872 
3560.314440 
3560.856511 
3561.032101 
3561.410056 
3561.609939 
3561.753176 
3562.152418 
3562.302938 
3563.687366 
3564.711102 
3564.774229 
3565.098011 
3565.263335 
3565.538477 
3566.140853 
3566.772404 
3566.830397 
3568.181961 
3568.412724 
3568.569831 
3568.622951 
3568.838625 
3570.825963 
3571.894762 
3572.477103 
3572.556307 
3572.632991 
3572.827118 
3573.023380 
3573.041490 
3573.340182 
3574.293597 
3575.036412 
3575.355094 
3575.594469 
3576.795601 
3577.136162 
3577.574173 
3578.359274 
3579.008054 
3579.395539 
3579.786291 
3580.500768 
3580.623524 
3580.658942 
3580.771460 
3581.093306 
3581.332912 
3581.688879 
3582.054102 
3582.256743 
3582.893906 
3583.031263 
3583.219621 
3584.047224 
3584.496333 
3584.590757 
3584.809054 
3588.036958 
3588.423253 
3588.823923 
3589.034030 
3589.376411 
3589.687850 
3590.095537 
3590.191599 
3590.495601 
3591.088435 
3591.287741 
3592.963164 
3592.978679 
3593.319590 
3593.521422 
3594.002627 
3594.138378 
3594.139376 
3594.498223 
3594.822257 
3595.230203 
3596.592299 
3597.164789 
3598.013008 
3599.137822 
3599.926378 
