1.231146 
0.487253 
0.431456 
1.533165 
0.487049 
0.160001 
0.464875 
0.132019 
0.086301 
1.309619 
1.284063 
1.397474 
0.703710 
0.196770 
0.884437 
0.205578 
0.151352 
0.697921 
0.763354 
0.305460 
0.088667 
1.706229 
0.931883 
0.257288 
2.901891 
0.419011 
2.299169 
1.235371 
0.556110 
1.299568 
1.119628 
1.960571 
0.086712 
1.219478 
0.771976 
2.067416 
0.099028 
0.183933 
0.821655 
1.102824 
0.802124 
1.166604 
0.251577 
0.755207 
1.667336 
0.162074 
1.301236 
0.049554 
0.432021 
0.394539 
0.087258 
5.235933 
0.007955 
2.127543 
0.339056 
1.048954 
0.153649 
1.257500 
2.212400 
0.698100 
0.106541 
0.384415 
0.523385 
0.274967 
0.822158 
0.568938 
4.015548 
0.004751 
0.606235 
0.767642 
0.614291 
2.463001 
0.139545 
2.687651 
0.993840 
0.265037 
0.220393 
0.656065 
0.128943 
0.452380 
2.995225 
0.244043 
1.227513 
0.101626 
0.779826 
1.470814 
2.465962 
1.147698 
0.914269 
0.324910 
0.004177 
1.539453 
1.142157 
0.919730 
0.114633 
4.139432 
2.735342 
0.540258 
1.294009 
0.131754 
1.519413 
0.331893 
0.709689 
0.103014 
1.147425 
0.212981 
1.177307 
0.815932 
1.009928 
2.684125 
0.370799 
0.319213 
0.857886 
1.744422 
0.676283 
0.248423 
2.983199 
0.124782 
2.179238 
0.716729 
0.893361 
0.288944 
0.471798 
3.117106 
0.780490 
0.017766 
0.644524 
0.627379 
0.721876 
1.714508 
1.279942 
0.284044 
1.700456 
0.461147 
0.657978 
0.396270 
2.337358 
0.012449 
1.932679 
0.196250 
1.525362 
1.337827 
1.384999 
1.977798 
0.166252 
1.344984 
2.017646 
0.019491 
0.062766 
0.177660 
1.310081 
1.321126 
0.797459 
2.068006 
0.214271 
1.171743 
0.490118 
0.553766 
0.132573 
0.018255 
0.568667 
0.309874 
0.980211 
0.259347 
1.511265 
0.048736 
2.134420 
0.381798 
0.656101 
0.563593 
1.367344 
0.506294 
0.126319 
1.836964 
2.642168 
1.067807 
1.357317 
0.219818 
0.106555 
0.775433 
0.237513 
0.480982 
3.970170 
3.263680 
1.070462 
2.018372 
0.558444 
0.231104 
0.160995 
2.334105 
0.588777 
1.163858 
0.189339 
0.912397 
0.896486 
1.766920 
0.270996 
1.686043 
0.441952 
0.572272 
0.005409 
1.103851 
0.224960 
0.106035 
2.552394 
0.092160 
1.728691 
1.823392 
1.351136 
0.787850 
0.668336 
2.450849 
0.376994 
0.968865 
0.631585 
0.773576 
0.747436 
1.824813 
0.287279 
1.587598 
3.418853 
0.688691 
1.425579 
2.243764 
1.470347 
0.240281 
0.057234 
0.683148 
0.599512 
0.342091 
0.637184 
0.249672 
0.924081 
0.309140 
2.629545 
0.085942 
0.989548 
0.889522 
0.934496 
0.727796 
0.275253 
0.677261 
1.728610 
0.931933 
0.786143 
0.236072 
1.211193 
0.585522 
0.059663 
0.037541 
0.920219 
0.462352 
4.363139 
0.152748 
0.733113 
0.400114 
0.046309 
2.227711 
1.470030 
0.074270 
0.280683 
3.893597 
1.735958 
0.989303 
0.096920 
1.910542 
0.346310 
0.264783 
1.045265 
0.909428 
0.597565 
0.874182 
0.108518 
0.093195 
0.298481 
2.273980 
0.999137 
2.620814 
0.283032 
0.054029 
0.281110 
1.576737 
0.010364 
0.495417 
1.068936 
0.213912 
0.519575 
0.452307 
0.131716 
0.197694 
0.587284 
0.219091 
0.570858 
0.016147 
1.708936 
0.232788 
0.579324 
0.568174 
0.463263 
0.161367 
1.212758 
0.078635 
0.141950 
0.398833 
1.092747 
0.019777 
0.325875 
0.742293 
1.958255 
0.188884 
1.290283 
0.779023 
0.613745 
1.365602 
0.326235 
0.246383 
0.020445 
0.606694 
2.617164 
0.732755 
0.459792 
0.384686 
1.230995 
1.087344 
3.052946 
1.031426 
0.105890 
0.707458 
0.146791 
0.411673 
0.720424 
1.048613 
0.170153 
0.219654 
1.134054 
2.180235 
0.201586 
1.103344 
0.527935 
0.915927 
0.628571 
0.899131 
0.075170 
1.168088 
1.538195 
0.566144 
0.214548 
1.417039 
0.039057 
1.339223 
1.017335 
1.443625 
0.410740 
0.646130 
0.131142 
2.457402 
0.385684 
2.034656 
0.553996 
0.539765 
1.141385 
0.787729 
0.794448 
1.030977 
0.531039 
1.565911 
1.197263 
0.235293 
0.693245 
0.272669 
2.532553 
0.116863 
0.843234 
0.636183 
0.031296 
0.435100 
1.845256 
3.099078 
2.380122 
0.107031 
0.576130 
0.073853 
0.080386 
0.070696 
1.064449 
0.821520 
1.056499 
2.110535 
0.154624 
0.090826 
0.394680 
1.421666 
1.991646 
1.006317 
2.668377 
0.326836 
0.039418 
0.224821 
0.083438 
0.099435 
4.290447 
0.060788 
1.083286 
0.294145 
0.957668 
1.447971 
0.937127 
2.254766 
1.034893 
0.954118 
1.896178 
2.798007 
0.747419 
1.190158 
0.007880 
0.632052 
2.023950 
0.602543 
0.383590 
0.438474 
0.931037 
0.910864 
0.244284 
0.172696 
0.557288 
0.857332 
1.798708 
0.148120 
0.517351 
0.053747 
0.339332 
0.226882 
0.038665 
1.291780 
0.245683 
0.071106 
1.335022 
2.267123 
0.456125 
0.180629 
0.215240 
3.426999 
2.354446 
0.740251 
0.150636 
0.244896 
1.865657 
0.533072 
1.676003 
0.499947 
0.402936 
1.345638 
0.895301 
1.033675 
0.531284 
0.406119 
1.084303 
3.259373 
0.717870 
0.237936 
0.593698 
0.402066 
0.440889 
0.342275 
1.685915 
0.018400 
0.110195 
1.678397 
0.403113 
1.989635 
0.743183 
0.171707 
0.209524 
1.018504 
1.677189 
1.795749 
0.944139 
3.144369 
0.304628 
0.017817 
0.551297 
0.180015 
1.522432 
1.121835 
1.251551 
0.394475 
0.345205 
0.198832 
0.684452 
1.865447 
2.757593 
0.093512 
0.872047 
0.003460 
0.592499 
1.360742 
0.379063 
0.049801 
1.220594 
2.624080 
0.780152 
0.404388 
0.087958 
1.690194 
0.280358 
0.713876 
0.757371 
0.299762 
0.073153 
0.037780 
2.242707 
0.170087 
0.188126 
0.295894 
0.197540 
0.173184 
4.347911 
2.131189 
1.097454 
0.048994 
0.594142 
0.934079 
1.435214 
0.904197 
1.525557 
0.524993 
0.031893 
0.156571 
1.002660 
0.784860 
0.224208 
0.171244 
0.064712 
0.031139 
0.748307 
2.862740 
0.929523 
0.781074 
0.820987 
1.066688 
0.453341 
1.500782 
0.351643 
1.598838 
1.156562 
0.948552 
1.296371 
0.818797 
0.254834 
0.578185 
0.307583 
0.316492 
2.337286 
2.213139 
1.148844 
0.845657 
0.218323 
0.223300 
2.610043 
0.282134 
1.477426 
2.511370 
0.113445 
0.534912 
1.589130 
1.883225 
0.351401 
1.319348 
2.391708 
0.434641 
0.788200 
0.259769 
1.167321 
2.094107 
0.597981 
0.866795 
1.005376 
0.203964 
0.149163 
2.725731 
1.509915 
0.386137 
0.471137 
0.962885 
0.349841 
0.033486 
1.628011 
0.521491 
0.562089 
1.239753 
0.145342 
0.399655 
0.725996 
0.282691 
0.473231 
1.440915 
0.171230 
1.740582 
0.184655 
0.784812 
1.648155 
0.439018 
2.010378 
0.698270 
0.758637 
0.571170 
0.106492 
0.674049 
0.709514 
0.879636 
0.725997 
0.298725 
0.182124 
0.032885 
0.026180 
1.743121 
0.027629 
0.106316 
0.844787 
1.812289 
0.279262 
0.720887 
0.754842 
2.079200 
0.081356 
0.899482 
0.608349 
1.019566 
0.247308 
0.147799 
0.372883 
0.048788 
1.595290 
0.604852 
0.444241 
0.812269 
3.941736 
0.497483 
2.333845 
0.113062 
0.125164 
0.104364 
0.188316 
0.150983 
1.122951 
1.215252 
0.167990 
1.211692 
2.106145 
0.298630 
2.149616 
0.846125 
0.900799 
0.696520 
0.656619 
0.122497 
1.118916 
0.048126 
0.122425 
0.690143 
0.451971 
0.371018 
0.013411 
0.809267 
0.219866 
1.487538 
0.330773 
0.058588 
0.253875 
3.743172 
0.525797 
0.470442 
3.205786 
3.372137 
0.584801 
0.035119 
0.201682 
0.137482 
2.302971 
0.262907 
0.725215 
1.278392 
0.299416 
0.520709 
0.294028 
0.081650 
0.951315 
1.143557 
3.560569 
0.434007 
0.281651 
0.222829 
0.075022 
0.187697 
1.342867 
0.011718 
0.475113 
0.721300 
0.029494 
1.802072 
0.944870 
1.227930 
0.091905 
0.738591 
0.674880 
1.868091 
0.155286 
0.609023 
0.073328 
0.050135 
0.945623 
0.984782 
2.098977 
0.372498 
0.313601 
1.922160 
0.114405 
0.234777 
0.117712 
0.656449 
0.807529 
4.664895 
1.126144 
1.587947 
0.088690 
0.250953 
1.282628 
0.389173 
0.276852 
0.636923 
1.689852 
0.309508 
1.521013 
1.569621 
1.869100 
0.663843 
2.121221 
0.170461 
3.025398 
0.105738 
0.017279 
0.800945 
1.044129 
4.866285 
0.866304 
0.171709 
0.242453 
0.075476 
3.587819 
3.304067 
0.352632 
0.352637 
0.442528 
0.046711 
0.054790 
0.969197 
0.854002 
1.593868 
3.219316 
0.088484 
1.278932 
1.138708 
0.629028 
1.853393 
0.515464 
0.205232 
0.015436 
1.431517 
0.803176 
1.350721 
1.723816 
0.612733 
0.222086 
0.257831 
0.758279 
0.807126 
2.392914 
2.928442 
1.490863 
0.174270 
1.079865 
0.066437 
3.752349 
0.100891 
0.347385 
2.156680 
0.995224 
1.521503 
0.647447 
0.125561 
0.749330 
0.276958 
2.898345 
1.187814 
0.359596 
1.864845 
0.696013 
0.140211 
0.829235 
0.293330 
1.029850 
1.234669 
0.131044 
0.398609 
0.009390 
0.531084 
0.311638 
3.709122 
0.345054 
0.297224 
0.056985 
0.171341 
0.751107 
1.053647 
0.481443 
0.033628 
0.452468 
2.806327 
0.571180 
0.207012 
0.545350 
1.391184 
0.803941 
0.893454 
2.238419 
0.680317 
1.074689 
1.824877 
0.508778 
0.662738 
0.027615 
1.830247 
0.810238 
0.808033 
1.619629 
1.013603 
0.256760 
0.700005 
0.573754 
0.952778 
0.204599 
0.833875 
0.991372 
2.836634 
0.085257 
0.037612 
2.083327 
1.138817 
0.071943 
0.196512 
1.256071 
0.335692 
0.628091 
0.165661 
0.841161 
0.348500 
0.050563 
0.197818 
0.378786 
0.941612 
0.479516 
2.500465 
0.696869 
0.670095 
0.717215 
1.153824 
0.598119 
2.637765 
0.345078 
0.787002 
2.299667 
0.570182 
0.344415 
0.133115 
1.277726 
0.292307 
1.892716 
0.072241 
0.371464 
0.671988 
0.346659 
1.037340 
0.098372 
0.202219 
0.147754 
0.922306 
0.472150 
1.755351 
1.185683 
1.034159 
0.335093 
1.430156 
0.470843 
0.464257 
0.259523 
0.293818 
0.255042 
0.465443 
0.555354 
0.145043 
0.830050 
0.360173 
0.087244 
1.289305 
0.226110 
1.590807 
0.235900 
0.285475 
0.354019 
1.523152 
0.187436 
1.500150 
0.091140 
0.941113 
0.134959 
0.487156 
0.349068 
0.268042 
2.666668 
0.962933 
0.891082 
0.584825 
0.287341 
1.011951 
0.242627 
0.743022 
1.718039 
0.727722 
0.943170 
0.887668 
1.241402 
2.171585 
1.469538 
0.301185 
0.096408 
0.302000 
4.942705 
1.264442 
1.700059 
0.295159 
0.334584 
0.256534 
0.414699 
0.264970 
0.304238 
1.602666 
1.427143 
2.090406 
1.165235 
0.253257 
0.281444 
0.437071 
0.698931 
0.261559 
1.220934 
0.780718 
1.454918 
0.639846 
1.081486 
0.177555 
0.161993 
0.642959 
0.201609 
0.048169 
1.981900 
0.966679 
0.770420 
0.754220 
1.907329 
0.118176 
0.122382 
1.635870 
0.431686 
0.584431 
0.506897 
0.702671 
0.337019 
0.734384 
1.819482 
0.121967 
0.067349 
1.462626 
3.099602 
0.248636 
3.128984 
0.591378 
2.438119 
0.872711 
1.105760 
0.991250 
0.199968 
0.668221 
2.165847 
0.175634 
1.020302 
0.972704 
1.893571 
0.023368 
1.342998 
0.740306 
0.843795 
0.852574 
0.617239 
1.117679 
0.436793 
0.387845 
0.156645 
1.627132 
1.242869 
1.454941 
0.804504 
2.335012 
1.232275 
1.365000 
1.633354 
1.210414 
1.057767 
0.220051 
0.652318 
0.330973 
0.957096 
0.110837 
0.525748 
2.005528 
1.497157 
0.670241 
1.696147 
0.209527 
1.153284 
1.048109 
0.244776 
0.171645 
0.269355 
0.138088 
0.900434 
0.029017 
0.234042 
0.700365 
0.744818 
0.672473 
0.864382 
0.540240 
0.795557 
0.252191 
0.236722 
0.066868 
0.544261 
1.063928 
0.861299 
0.425455 
0.206084 
1.012314 
0.515879 
0.762068 
5.120843 
0.188864 
0.545038 
0.862348 
2.035152 
0.497459 
0.986172 
0.798222 
1.317091 
0.187890 
1.062059 
2.125549 
1.482696 
2.603054 
0.055732 
0.192722 
1.218627 
0.578742 
1.281720 
0.280022 
2.724544 
1.211618 
0.711902 
1.841705 
0.483151 
1.075088 
0.122485 
0.671738 
0.102126 
2.325786 
1.509153 
1.050275 
1.677292 
0.160718 
0.826643 
3.797519 
1.582625 
0.019817 
0.023797 
0.778065 
3.111662 
0.438892 
0.535121 
3.493198 
0.434785 
0.249387 
0.841097 
1.713005 
0.780104 
3.817408 
0.235347 
0.348144 
0.688596 
3.091081 
0.130972 
0.189597 
0.712715 
1.257549 
0.139977 
1.758686 
0.763336 
0.138350 
1.603852 
0.671487 
1.969730 
0.400741 
0.708721 
2.026976 
0.523576 
0.259147 
0.016280 
0.296826 
1.107901 
0.392143 
0.191289 
0.114916 
0.900673 
0.994635 
0.169836 
0.329341 
0.696605 
0.252052 
0.296788 
0.197584 
1.591924 
1.392885 
0.396830 
0.951736 
0.539812 
0.193561 
0.423672 
0.502845 
0.403628 
0.029543 
1.195815 
0.068804 
4.060652 
0.602390 
1.934499 
0.158612 
1.001386 
1.317302 
0.095301 
1.120185 
1.932368 
0.656609 
0.036831 
2.135157 
0.897754 
0.823115 
0.918384 
0.060774 
0.536402 
0.175652 
2.666481 
0.582762 
0.124670 
0.081755 
0.510545 
0.259834 
0.908578 
1.086899 
0.601696 
0.252476 
0.270655 
0.117797 
2.212876 
0.320793 
0.318142 
0.784619 
0.372367 
1.009877 
0.912930 
0.248699 
1.839389 
1.544514 
1.262037 
1.519336 
0.039373 
0.484130 
0.422612 
0.048411 
0.152884 
1.062249 
4.950656 
0.406816 
3.973515 
1.178974 
0.004599 
0.975339 
0.726950 
0.223637 
1.771025 
5.847509 
0.975354 
0.945244 
0.188183 
0.133170 
0.908580 
1.131860 
0.294871 
0.499802 
1.483436 
0.830329 
0.456007 
1.706593 
0.984278 
1.256393 
1.458935 
0.418358 
0.284765 
0.992218 
0.211191 
0.337017 
0.671932 
1.564275 
0.414589 
2.743565 
1.315428 
4.570093 
0.247282 
1.355944 
0.695425 
0.075279 
0.829989 
1.884800 
2.665818 
1.629656 
0.571091 
0.356522 
0.334986 
0.495723 
4.482241 
0.621216 
0.029805 
0.584932 
0.341193 
0.033227 
0.172741 
0.162816 
0.365412 
0.577382 
0.448878 
0.354981 
2.438605 
0.228966 
0.249689 
1.946652 
0.510438 
0.109676 
0.280743 
1.497328 
0.122908 
0.484484 
0.245844 
0.403651 
0.329379 
0.027454 
2.704430 
0.370892 
0.546834 
2.068598 
0.350629 
0.016168 
0.245687 
0.126778 
0.352061 
0.111329 
0.734429 
0.246303 
1.920814 
0.143914 
0.936735 
0.370989 
0.942800 
0.200761 
0.431588 
0.378788 
1.037838 
0.038159 
1.076633 
1.742423 
0.144944 
0.029769 
1.556281 
6.079749 
0.497407 
0.100686 
2.080117 
1.388575 
0.192518 
0.959476 
0.524072 
0.496158 
1.020344 
2.191046 
0.001583 
0.693389 
0.632368 
1.554809 
0.111872 
0.660624 
0.101603 
0.205646 
0.171330 
0.449915 
0.066141 
1.710843 
0.725013 
0.069338 
0.222989 
0.487707 
0.336123 
0.040941 
0.485074 
1.000221 
0.858895 
0.111745 
0.494627 
0.188250 
0.154022 
0.858576 
1.555079 
0.014162 
0.458025 
0.684738 
0.422816 
0.511479 
0.129125 
0.381177 
2.302933 
0.197840 
0.980157 
2.203075 
0.736043 
0.729216 
0.059179 
0.773471 
1.189094 
1.120787 
0.117692 
0.192135 
1.934115 
0.352669 
1.386220 
1.351196 
1.592707 
0.297395 
0.380854 
3.484224 
2.164310 
0.797623 
0.162076 
1.424215 
1.039177 
2.369104 
0.468825 
0.045844 
1.014693 
1.697295 
0.557777 
0.678147 
0.939013 
0.372505 
0.443763 
0.141203 
0.513512 
0.866492 
0.651548 
0.372867 
1.738460 
0.535842 
0.475045 
1.469175 
2.887396 
0.653741 
0.169568 
0.157130 
0.537129 
0.962151 
0.856764 
1.322998 
0.899046 
0.606848 
0.470084 
0.002512 
1.699416 
0.559415 
3.152014 
0.840537 
1.242939 
0.122525 
0.164178 
0.724482 
0.929367 
0.707699 
0.204051 
0.525108 
0.227963 
1.154590 
0.545117 
0.485155 
0.729492 
0.398929 
1.721011 
1.312865 
1.893924 
1.593361 
0.404608 
1.140265 
1.080336 
1.134452 
0.018187 
0.219194 
3.621096 
0.321942 
0.336508 
4.140459 
0.140967 
1.008725 
0.902870 
1.192114 
1.187284 
1.030359 
1.330101 
0.012361 
0.274995 
3.450653 
0.834533 
0.689002 
0.608682 
1.653283 
1.042021 
0.922157 
0.469501 
0.712777 
0.287387 
0.322013 
0.241739 
2.035902 
1.943863 
0.513361 
0.025324 
0.355902 
0.650979 
0.185026 
0.223651 
0.052805 
1.168285 
1.562841 
0.959940 
0.496891 
0.723721 
0.308518 
1.071028 
0.106621 
1.000067 
0.987875 
0.212934 
0.032382 
2.856310 
0.912139 
1.951037 
1.577319 
2.041097 
2.837792 
0.013563 
0.443495 
0.086421 
1.493925 
0.062592 
0.155408 
0.482691 
1.007450 
1.786112 
0.044343 
0.007857 
0.088438 
3.385699 
0.472080 
0.082158 
0.334978 
0.342707 
0.416950 
1.179370 
7.096161 
1.004248 
0.325742 
1.595764 
4.390403 
0.085127 
1.654831 
0.304013 
1.648299 
1.533334 
4.105310 
0.490011 
0.327374 
0.022576 
0.380701 
0.102539 
1.469380 
1.112615 
4.512329 
0.316030 
1.710049 
0.370144 
0.202787 
0.864501 
0.324490 
0.680523 
0.628408 
0.104807 
0.733223 
0.285694 
0.322062 
1.890316 
0.820890 
3.077339 
1.440760 
0.798205 
0.928206 
1.543055 
1.724837 
0.321887 
0.799594 
0.346931 
0.141984 
2.054431 
0.713368 
0.292853 
0.253623 
0.514651 
0.900746 
0.171763 
0.064633 
1.004923 
0.513516 
0.963147 
4.749636 
0.185698 
0.504239 
0.242602 
0.200101 
0.664700 
0.737829 
0.272074 
1.165265 
0.457524 
2.166867 
2.007298 
0.413351 
0.412235 
0.181124 
1.286713 
0.948560 
1.502940 
2.283316 
0.685711 
1.748566 
0.926906 
0.153912 
1.941782 
2.676859 
0.513009 
0.338318 
0.234402 
1.138407 
2.228360 
1.561605 
0.800759 
0.268570 
0.285100 
0.227107 
0.329354 
1.082209 
0.248418 
1.912692 
0.113945 
1.003038 
2.030001 
0.416841 
0.555848 
0.118607 
0.175799 
0.208879 
0.118987 
0.465485 
2.474123 
0.653826 
2.493454 
0.416510 
0.744011 
2.538447 
1.083831 
0.358167 
2.885584 
0.142950 
0.314526 
0.069294 
0.577184 
0.533424 
0.586312 
1.291917 
1.689459 
0.164981 
0.036594 
0.967658 
1.512012 
0.954513 
0.519034 
1.177431 
0.223331 
0.451686 
0.109983 
0.363238 
0.442926 
0.816194 
0.953448 
0.703062 
0.956753 
2.088305 
1.878809 
0.119382 
1.729303 
0.703970 
0.487872 
0.092417 
0.176959 
0.015931 
1.901454 
2.089622 
0.307389 
1.152003 
0.040442 
0.663062 
2.337129 
1.069903 
1.130435 
1.098837 
1.028045 
6.437093 
1.646155 
0.454069 
0.022945 
0.068816 
0.195095 
0.551114 
0.354867 
0.614253 
0.782309 
0.284537 
0.743109 
0.758466 
0.090668 
1.024975 
1.021963 
0.907057 
0.378976 
3.727716 
2.023347 
0.319957 
0.405024 
0.998872 
0.338667 
1.068316 
1.026696 
2.816559 
1.868216 
0.541864 
0.211579 
0.032691 
0.683428 
2.380571 
1.104220 
0.247086 
4.543987 
0.153783 
1.777982 
0.083269 
0.243117 
0.713639 
0.743512 
1.788089 
0.112853 
1.050106 
1.800949 
1.532720 
2.090385 
1.048054 
2.265519 
3.607359 
1.013897 
0.026594 
0.400088 
1.175975 
1.812578 
3.875822 
0.496171 
1.500310 
0.971308 
0.023173 
0.216123 
2.686382 
0.574066 
1.192608 
0.182588 
0.102622 
0.177973 
0.735117 
2.202722 
4.046064 
0.576045 
0.247677 
0.442413 
1.231745 
0.276395 
0.232281 
0.159044 
0.499237 
1.235792 
0.539573 
1.232894 
1.150339 
0.455512 
0.301347 
0.289916 
0.745875 
0.148542 
0.117108 
0.853927 
0.306219 
0.187271 
0.343724 
0.377256 
1.910805 
2.131544 
0.354953 
0.769905 
0.586025 
2.954195 
0.117580 
0.409733 
0.812159 
0.150622 
0.016240 
0.737449 
0.130218 
0.008009 
2.049321 
1.379128 
0.297732 
1.856900 
1.330122 
0.096882 
0.253738 
0.047779 
3.316531 
0.208065 
0.068649 
0.325818 
1.545974 
0.951456 
0.899988 
3.156492 
0.115164 
1.133843 
1.433690 
1.719251 
2.144844 
0.473792 
4.628045 
1.335426 
0.898760 
0.669773 
1.058028 
1.165553 
1.822659 
3.193408 
0.416152 
0.389967 
1.871802 
1.621370 
0.042320 
0.005544 
0.226025 
0.819751 
0.486074 
0.723450 
0.018369 
0.728613 
0.050754 
0.772257 
0.122684 
1.267948 
1.950783 
0.300186 
1.256439 
0.013771 
0.200383 
1.198625 
2.724254 
0.585105 
0.001991 
0.135303 
2.601290 
0.236828 
0.823167 
0.022453 
0.114117 
0.619627 
0.135474 
1.067832 
2.337251 
1.806292 
0.280161 
1.731648 
2.615725 
0.083228 
0.708437 
0.580735 
0.316097 
1.186939 
2.926598 
0.584395 
0.068891 
0.620297 
0.490897 
2.083454 
2.736018 
0.051034 
0.638878 
1.543187 
0.317008 
1.091048 
0.802090 
0.553168 
0.091688 
1.991063 
0.592897 
0.896954 
0.084162 
0.510471 
0.575280 
1.093717 
0.452739 
0.015960 
0.490686 
0.843799 
0.923876 
2.272437 
0.409626 
0.360566 
0.012375 
0.645169 
0.433704 
1.379670 
0.564730 
0.117025 
0.273618 
0.021012 
1.670807 
0.336937 
0.630419 
1.361906 
0.130190 
0.756506 
0.344947 
2.243701 
1.107712 
0.350603 
1.054488 
0.292980 
2.874196 
0.583904 
0.299653 
0.853288 
0.996473 
0.682261 
1.160080 
1.422120 
0.919082 
1.297142 
0.004293 
3.776968 
0.113738 
0.266223 
1.087781 
0.467899 
1.346857 
1.183862 
0.748607 
0.454058 
2.097011 
1.323895 
0.593401 
0.625020 
0.789612 
0.225119 
0.500511 
0.453706 
2.418141 
0.614940 
0.051223 
1.722086 
1.188480 
0.946406 
1.346499 
0.241659 
1.243517 
1.637947 
1.009562 
1.155564 
0.611449 
0.070620 
0.421450 
0.598964 
0.050952 
0.066100 
0.138768 
0.645234 
3.288161 
1.079321 
0.005822 
0.408934 
0.124445 
0.509639 
0.949954 
1.902254 
1.109164 
0.242504 
1.491106 
0.039879 
0.543580 
1.218462 
1.011139 
0.328446 
2.522058 
0.320013 
0.094074 
0.079639 
0.334337 
0.058988 
0.257233 
0.181478 
0.170090 
0.252078 
0.933099 
0.329426 
0.909872 
0.623557 
2.332501 
0.245640 
0.554542 
2.896355 
0.255289 
1.910491 
0.204949 
1.499353 
0.300968 
0.201396 
1.755156 
0.217920 
0.352028 
1.051763 
0.603220 
1.504863 
1.010887 
1.352509 
0.311241 
1.201189 
0.761015 
0.740319 
1.120498 
0.753614 
3.419044 
0.858715 
1.548476 
0.024270 
0.169431 
0.038101 
1.000437 
2.523833 
0.332591 
0.731405 
0.223346 
0.868502 
1.592480 
0.737035 
1.153954 
0.161197 
0.083931 
0.622861 
0.492575 
0.043233 
0.271128 
0.978358 
0.821647 
0.926843 
1.209462 
0.052355 
1.456821 
0.728681 
0.863475 
2.949643 
2.315135 
1.129093 
0.748539 
1.635831 
0.272868 
1.039167 
1.843069 
1.102744 
0.149695 
0.408399 
1.356765 
2.469761 
0.310478 
0.946776 
0.192267 
1.835385 
0.108981 
1.334309 
2.028422 
0.291967 
0.299545 
0.159575 
1.221904 
0.251919 
0.465696 
0.293913 
0.696283 
0.585104 
3.882044 
3.766017 
0.020974 
0.137474 
1.422901 
0.916943 
0.400488 
0.661093 
0.323593 
1.718058 
0.837941 
0.994470 
0.150049 
2.728594 
0.454191 
0.453530 
2.596389 
0.128433 
0.144974 
0.653048 
2.184798 
1.210939 
0.250838 
0.133752 
0.008865 
1.185680 
0.987327 
1.424667 
0.492696 
0.383724 
0.025066 
0.923966 
0.662496 
1.784958 
0.080599 
1.144827 
0.904239 
0.099612 
2.728502 
0.337765 
0.118931 
0.589644 
0.128584 
0.779462 
2.590287 
1.231435 
1.420837 
1.079471 
1.735919 
0.743332 
0.444223 
0.448276 
0.620134 
2.026472 
0.539624 
0.287043 
0.902178 
4.619099 
1.413315 
0.841871 
0.679584 
0.277921 
0.162072 
1.198218 
2.541798 
0.493060 
0.298076 
0.609520 
1.430652 
0.315817 
0.045912 
1.923493 
0.054888 
0.422083 
1.930707 
1.993939 
0.389645 
3.382327 
2.561245 
1.232355 
0.162161 
0.127159 
0.613786 
0.161915 
0.301755 
1.163134 
0.589629 
3.811527 
0.932520 
0.574412 
0.141318 
0.284342 
2.161325 
0.711031 
0.614423 
0.178664 
0.145840 
0.277412 
0.181441 
0.855715 
0.210445 
0.312194 
0.345444 
0.251141 
0.478057 
2.361059 
0.727159 
2.939190 
0.652643 
0.261539 
0.553033 
1.172465 
0.083211 
0.254355 
1.179745 
1.953333 
1.165871 
0.620205 
0.733040 
1.273393 
0.978122 
0.105867 
0.147256 
1.232971 
0.082445 
0.210728 
0.586963 
0.088810 
0.300294 
0.186373 
1.028244 
0.188310 
0.052899 
0.434244 
0.009613 
0.744277 
0.110329 
0.047501 
0.043658 
1.600878 
0.159212 
0.048841 
1.334328 
3.444025 
2.254734 
0.905832 
4.086224 
0.962435 
0.517311 
0.893271 
0.937518 
0.619086 
0.062972 
1.300301 
2.517988 
1.018654 
1.236595 
0.261072 
2.549289 
1.055715 
0.423135 
0.157585 
0.792128 
1.192595 
0.118153 
1.220041 
0.299434 
1.050685 
0.234686 
1.479728 
0.262901 
0.571288 
0.290122 
0.392060 
0.191143 
2.127266 
1.585659 
1.316781 
1.687831 
0.645753 
1.105844 
0.117192 
4.492376 
1.412926 
0.093806 
0.757621 
0.314573 
1.033024 
0.799658 
1.475012 
0.195974 
1.016651 
1.012615 
0.274357 
0.203644 
0.442932 
0.981127 
0.007486 
0.219601 
2.433994 
0.584947 
0.561968 
0.704105 
0.751020 
3.735622 
0.235685 
0.169908 
0.484896 
1.169016 
0.713780 
1.273108 
0.414829 
1.368842 
0.715805 
1.702220 
0.423837 
0.397087 
1.228722 
1.866200 
1.151424 
0.032050 
3.400738 
1.914988 
0.236501 
2.003526 
1.364484 
1.144315 
2.785220 
1.574152 
0.886740 
0.298724 
0.175911 
2.447092 
1.165237 
0.261065 
1.646624 
1.466340 
0.814789 
0.043619 
0.131008 
1.315498 
0.315536 
0.405497 
0.319062 
0.910216 
1.641268 
1.097625 
6.489628 
0.792954 
0.125017 
1.164599 
3.961300 
2.745589 
0.737784 
1.977335 
0.210794 
0.546494 
0.513201 
0.366690 
0.404896 
0.144881 
0.024485 
0.080204 
2.881992 
0.496466 
3.670703 
0.500334 
0.634704 
0.456144 
0.442214 
0.570657 
0.021248 
0.151510 
0.031521 
0.539663 
0.980569 
0.624149 
0.546735 
2.005237 
0.229972 
1.506051 
1.644088 
0.193025 
0.328532 
0.046965 
0.736787 
1.020773 
0.612602 
3.471905 
0.079950 
0.868654 
2.141829 
0.208006 
0.199423 
0.426543 
1.759981 
5.094474 
0.624063 
0.953722 
0.346718 
0.518324 
0.285429 
1.097253 
2.670552 
0.454834 
0.932437 
2.331367 
0.950922 
0.169731 
1.065456 
0.403673 
0.755542 
0.716809 
0.324546 
0.270694 
0.990959 
0.446977 
1.219025 
0.447972 
0.038584 
0.329724 
0.618769 
0.084063 
1.224725 
1.353109 
1.376546 
1.689801 
0.139776 
0.924476 
2.445153 
0.367017 
0.509298 
0.031753 
0.918664 
2.712729 
3.512992 
2.309729 
3.680860 
0.870663 
0.184196 
0.809632 
3.982785 
1.509566 
0.125048 
0.247156 
4.530727 
0.731590 
1.258100 
1.047916 
0.106640 
4.355481 
0.026921 
0.318380 
1.101621 
3.959211 
0.577746 
3.250042 
1.806049 
0.958667 
0.236718 
0.007441 
0.448282 
0.732939 
2.341354 
0.739658 
0.310940 
1.265931 
0.994172 
0.331603 
1.397077 
3.249793 
1.211977 
0.308236 
3.027617 
0.710228 
1.034663 
0.310160 
0.515984 
1.002968 
0.573336 
0.663967 
0.007960 
0.000606 
0.341486 
1.360464 
0.200256 
1.619403 
3.412625 
2.279855 
0.476869 
1.850289 
0.026562 
1.399894 
0.090074 
0.924847 
0.482085 
0.047524 
0.540622 
0.614580 
0.986464 
0.482276 
0.130761 
1.372066 
1.021797 
0.917972 
0.308365 
1.012828 
0.723620 
0.531766 
0.381271 
0.072817 
0.263852 
1.144985 
0.558648 
0.287542 
0.457401 
0.659972 
0.267046 
0.122873 
1.653505 
0.380399 
0.479208 
0.722124 
2.339758 
0.386006 
1.532390 
1.365401 
0.588168 
1.500243 
0.498880 
2.241582 
0.510237 
4.674436 
1.108202 
4.716087 
2.357543 
1.363312 
2.177864 
0.282271 
1.002474 
0.528704 
0.881676 
1.853113 
1.318419 
2.305720 
0.222855 
0.552813 
0.643888 
1.071672 
1.321237 
0.060805 
4.470844 
0.024307 
1.721291 
0.700002 
0.528069 
0.031759 
1.210381 
0.682512 
2.334389 
1.891646 
0.905757 
0.577730 
1.522343 
0.464172 
0.321031 
0.473000 
0.255562 
1.149586 
0.584717 
0.215049 
0.173006 
0.254770 
0.784590 
0.108092 
0.041773 
0.282147 
3.624971 
0.808393 
0.759614 
0.342530 
0.103625 
1.982751 
0.483716 
1.765190 
1.146031 
2.424755 
1.872531 
0.692235 
0.656798 
1.204490 
1.316350 
3.597753 
0.458885 
0.179733 
0.628169 
2.043047 
1.155494 
0.127110 
1.122546 
0.749136 
1.060182 
0.121367 
0.304776 
6.105183 
3.157171 
0.624642 
0.053954 
2.670006 
1.853125 
1.435883 
0.166474 
0.225197 
0.742722 
0.458316 
1.428671 
1.218696 
1.464620 
0.309452 
0.067329 
0.530398 
0.191793 
1.151021 
2.589479 
2.039744 
0.371728 
1.395995 
1.057888 
2.220845 
3.310123 
0.192522 
1.122678 
0.286487 
0.070972 
0.535076 
0.651041 
1.236716 
1.552120 
0.179219 
0.940113 
0.761561 
2.455711 
0.305735 
1.278428 
0.531588 
0.629181 
0.312262 
0.232459 
1.167900 
1.757702 
3.077364 
1.511448 
1.060301 
1.480715 
1.503005 
0.146996 
0.857238 
0.183636 
0.064810 
1.198786 
1.230055 
0.230441 
0.783825 
0.130635 
1.238389 
1.152862 
0.623864 
1.435749 
0.973504 
2.611533 
1.443485 
1.649810 
0.364343 
0.163873 
1.431279 
1.043354 
0.542197 
0.859358 
0.523617 
1.016476 
0.862824 
0.326978 
2.003816 
0.407641 
1.366343 
0.365441 
1.608917 
0.457848 
0.704679 
0.572559 
1.693202 
1.657320 
0.993343 
0.175308 
0.992904 
0.547233 
2.769142 
0.100977 
1.262444 
1.036917 
0.844968 
0.188486 
1.188391 
0.206275 
0.651478 
1.120113 
0.616627 
2.676381 
3.434708 
0.103634 
0.034553 
0.028794 
0.202249 
0.804987 
0.865875 
0.110625 
2.696952 
0.445574 
1.365944 
1.086011 
0.670867 
0.449455 
1.783311 
1.699877 
1.303582 
0.399691 
3.360721 
0.484506 
0.576510 
1.519290 
1.932513 
1.618297 
0.738447 
0.376118 
2.083068 
0.245999 
0.755424 
0.817092 
0.485619 
0.832010 
1.793795 
1.037296 
1.688756 
0.153066 
0.746383 
0.311733 
0.248331 
0.953489 
1.494175 
2.830814 
0.500630 
1.005947 
1.053249 
0.099082 
0.075093 
0.485643 
1.805719 
1.576663 
1.338985 
1.001704 
1.143389 
0.099783 
1.470743 
1.016134 
0.729124 
0.325563 
0.614996 
0.799572 
0.149118 
0.241933 
0.963282 
1.790508 
0.326204 
1.646179 
0.568710 
1.159740 
0.040422 
0.156547 
0.322582 
0.976927 
0.770785 
0.563729 
0.134682 
3.264581 
0.139032 
1.250185 
5.248019 
1.013219 
2.337267 
1.965117 
1.024014 
2.338121 
0.070547 
0.110678 
1.511297 
0.162742 
0.181193 
1.533201 
0.695282 
1.685912 
0.011203 
2.270497 
0.557468 
0.486617 
0.553407 
0.638560 
2.018618 
2.672206 
3.757115 
0.585972 
0.528994 
0.910218 
1.704056 
0.703136 
0.309077 
0.104213 
1.014732 
0.074160 
0.429879 
0.769313 
1.368735 
0.106899 
0.291534 
0.528112 
0.582379 
0.444686 
1.008692 
0.509005 
2.325058 
1.386502 
2.138438 
0.366764 
0.306434 
0.037237 
0.182496 
1.096640 
0.739245 
2.077458 
1.735013 
0.097122 
0.287594 
0.100753 
0.008661 
2.800049 
0.277024 
1.822013 
0.429231 
0.053741 
0.208371 
0.832818 
1.694268 
1.847328 
2.578630 
0.495259 
4.310040 
0.139404 
1.071123 
0.951186 
1.905915 
2.682992 
0.277835 
4.084367 
0.303503 
0.040190 
0.005951 
1.338280 
1.077701 
1.929628 
0.681315 
0.532772 
1.239845 
0.783183 
0.107860 
0.214242 
0.318679 
0.889160 
0.121655 
4.060755 
0.640061 
0.991813 
1.068858 
1.326502 
0.945728 
0.386341 
1.951398 
0.820946 
0.446110 
1.957911 
0.553426 
1.101486 
0.256961 
0.404418 
0.537076 
0.099747 
0.200775 
0.813168 
1.437001 
0.460099 
1.380139 
0.397932 
1.955371 
0.061730 
0.115773 
1.115736 
2.023738 
0.065679 
1.610553 
0.637677 
1.363946 
0.647376 
0.589799 
0.916126 
1.683806 
2.932846 
3.438254 
0.745830 
1.373029 
0.807447 
0.420746 
0.250163 
0.805152 
1.872055 
0.498338 
0.094589 
1.202453 
1.364496 
1.329733 
0.527149 
0.569976 
0.297769 
0.419688 
1.733419 
1.317611 
0.509940 
1.638775 
0.174039 
0.142343 
0.876066 
0.485818 
1.307248 
0.475964 
2.339940 
0.825258 
0.952808 
0.462867 
1.223260 
1.260655 
0.554610 
0.941865 
0.066813 
0.633158 
0.124938 
0.538804 
1.724735 
0.018713 
1.715028 
0.206918 
0.053511 
0.155382 
5.624891 
0.720542 
1.018101 
0.485837 
3.273673 
0.905564 
0.154073 
0.494712 
0.093788 
0.277254 
0.022763 
1.247592 
2.175772 
1.405192 
2.225737 
1.081091 
2.994552 
1.391137 
0.465589 
0.080448 
0.124324 
0.569807 
0.844224 
1.249449 
0.761491 
0.427466 
0.788505 
0.868690 
0.163318 
0.159678 
0.392915 
0.639467 
0.230446 
0.961350 
0.584891 
2.195233 
1.641437 
0.216202 
0.107308 
0.061573 
0.453569 
0.434121 
0.802158 
3.605542 
0.054551 
0.551841 
1.024577 
0.313607 
3.011478 
0.023072 
0.429091 
0.518703 
0.261570 
2.097978 
0.672250 
0.927683 
0.364092 
0.031564 
0.217695 
0.013438 
0.085704 
0.883842 
0.036896 
0.075038 
0.556272 
0.449545 
1.914525 
0.202921 
0.872278 
0.908851 
0.734861 
1.452342 
2.553112 
1.933113 
0.137067 
0.278079 
0.374918 
0.130331 
1.669416 
0.257455 
0.314366 
2.964398 
0.240250 
0.876204 
0.452390 
0.065635 
0.068952 
0.724588 
0.680317 
1.078230 
1.783092 
0.300447 
0.242238 
0.009807 
0.147256 
1.227444 
1.362624 
0.082595 
1.244306 
0.699891 
0.609308 
1.355068 
2.147704 
0.359775 
0.113520 
1.032103 
0.122599 
0.415204 
0.201898 
0.400370 
0.102167 
0.827534 
0.876768 
0.415391 
0.466523 
0.590307 
0.746695 
1.644657 
2.090787 
0.495543 
0.047511 
0.242718 
1.791289 
0.317780 
1.591896 
1.083683 
0.622836 
0.186279 
0.263731 
0.032456 
0.313698 
0.159981 
0.087846 
2.754639 
0.655975 
0.355671 
0.854331 
0.212295 
0.851730 
0.437694 
1.060940 
0.588323 
0.336425 
2.367309 
4.502378 
0.050135 
0.932049 
0.389139 
1.689021 
2.223737 
0.709229 
0.210505 
0.174307 
0.296243 
1.910785 
1.778023 
0.194553 
0.334836 
0.603172 
0.393601 
1.419249 
0.774144 
0.045306 
0.119142 
2.338154 
0.116422 
0.421663 
3.228569 
2.075416 
0.054544 
0.356874 
1.202388 
0.556448 
0.158601 
0.626998 
0.002193 
2.178941 
0.052677 
0.590225 
1.311470 
1.535783 
0.324424 
1.010344 
0.584599 
0.062463 
2.163123 
0.791023 
0.170444 
1.089597 
0.664266 
1.019744 
0.328276 
1.187971 
0.108621 
1.457419 
1.323854 
0.332110 
0.371183 
0.049997 
0.212966 
0.615055 
0.141531 
1.002449 
0.305170 
0.244669 
0.954847 
0.809623 
2.304636 
0.961529 
0.884499 
0.917956 
0.180761 
0.221134 
0.392895 
0.292249 
0.095242 
1.141319 
0.245386 
1.683688 
0.880357 
0.874951 
0.719120 
1.225150 
1.487856 
0.529527 
0.158344 
0.583582 
0.137623 
0.185095 
0.285289 
1.402770 
0.481133 
0.924724 
0.801373 
3.159744 
2.496856 
0.377001 
1.261598 
1.431321 
1.677804 
0.930192 
0.022090 
0.605713 
0.820288 
0.541377 
0.233257 
0.237516 
0.550346 
0.716132 
0.836770 
0.035269 
1.931472 
0.742247 
0.646178 
0.777401 
1.203673 
1.301382 
1.072070 
0.025792 
1.536769 
0.930005 
1.385580 
0.217722 
0.474985 
0.139671 
2.920764 
0.256253 
0.496147 
0.732379 
0.304971 
0.792900 
1.108646 
0.483971 
0.922341 
0.927189 
0.040242 
2.483662 
1.745561 
0.802725 
0.351270 
0.117300 
1.344193 
0.774459 
0.704668 
0.426044 
0.046430 
0.063938 
0.799667 
1.901751 
0.766317 
2.579896 
1.316761 
1.280689 
0.897543 
0.145946 
2.649909 
0.368945 
0.393616 
2.993215 
1.985841 
1.357615 
0.536040 
0.534710 
1.231106 
0.234025 
0.316318 
0.913924 
3.221003 
3.272648 
0.125864 
0.608598 
0.037689 
0.303398 
0.931694 
4.706002 
2.313403 
0.250145 
0.359009 
0.656168 
0.063784 
2.065539 
0.772062 
0.785616 
0.113538 
3.191845 
0.678413 
3.720299 
1.037006 
0.129462 
1.431042 
1.374392 
0.120051 
1.464607 
0.253921 
0.883211 
0.882781 
0.859684 
1.386632 
0.498108 
0.912157 
0.003969 
3.014870 
0.261409 
0.925087 
0.018112 
1.686037 
0.415783 
0.011632 
1.566175 
0.826528 
0.122390 
3.227620 
0.473970 
2.820045 
1.135115 
0.682639 
0.034734 
0.307899 
0.600853 
0.174745 
0.005621 
0.921673 
0.159772 
1.528063 
0.022099 
0.979715 
0.128575 
0.528279 
0.210427 
0.016138 
1.047775 
0.311612 
0.923984 
0.927685 
0.389225 
1.948023 
0.424658 
2.335214 
0.025843 
1.218011 
0.625500 
0.050294 
0.536390 
0.048139 
0.379042 
1.411031 
1.169264 
1.499580 
0.080882 
0.692845 
1.449126 
2.866300 
0.461567 
0.213719 
0.819652 
1.017494 
1.286995 
2.204647 
0.089515 
0.191491 
0.165366 
0.021852 
0.158599 
0.564367 
0.636635 
0.194052 
1.322884 
0.140874 
0.181203 
3.426382 
1.001434 
0.058237 
0.101565 
0.737898 
1.580482 
0.110723 
0.730102 
0.490284 
0.267933 
0.529221 
3.864761 
0.875219 
0.524259 
0.424910 
1.750976 
0.078714 
0.615447 
1.651260 
0.974865 
0.739253 
3.025330 
0.062080 
0.229549 
1.042712 
1.051930 
0.552778 
0.152174 
0.647069 
1.045685 
0.088485 
1.325261 
0.371679 
0.178515 
1.788106 
0.156601 
0.149157 
1.661046 
1.022047 
0.136968 
1.030147 
0.649255 
0.719336 
0.724736 
1.309979 
0.357737 
0.755458 
1.830773 
1.894587 
0.369373 
0.939260 
3.071465 
0.195578 
1.146890 
0.492959 
0.185840 
0.812803 
0.028069 
0.077137 
0.588453 
0.766417 
1.218352 
0.143574 
0.243795 
0.209734 
1.379798 
3.550774 
1.789242 
0.063084 
1.171428 
1.555406 
0.092568 
1.192533 
1.512845 
0.723993 
0.741203 
2.978693 
0.058775 
0.642770 
0.577326 
1.684374 
0.814081 
1.089978 
0.921387 
0.253703 
0.731715 
1.403817 
0.668178 
0.675112 
2.319525 
2.875999 
1.753116 
1.397289 
1.497713 
0.610305 
0.245622 
0.207972 
1.050357 
0.350910 
0.761405 
1.038871 
0.119973 
0.662792 
0.653410 
0.180739 
1.935638 
0.914207 
1.947881 
0.065878 
0.315199 
2.389635 
0.982987 
0.996911 
0.236208 
1.042617 
0.132545 
0.768281 
0.773841 
0.959445 
0.244181 
1.101575 
1.205456 
0.619385 
1.864070 
1.132307 
0.947652 
2.076974 
2.804376 
1.742830 
0.254919 
1.024387 
0.156482 
0.288113 
0.139647 
0.772937 
0.637989 
0.929979 
0.846466 
0.108792 
0.936719 
0.235382 
1.547220 
1.575442 
1.512686 
6.320847 
0.022708 
1.264518 
0.198624 
0.484802 
1.111590 
0.501892 
0.170641 
1.235643 
1.236654 
0.674186 
1.269166 
0.524824 
0.287235 
0.246647 
1.280823 
0.240233 
0.419289 
0.181606 
0.121235 
0.122177 
0.608960 
0.583961 
1.683049 
1.382890 
0.498617 
0.094788 
0.085390 
0.324449 
0.005969 
0.094746 
0.427984 
0.824872 
1.313292 
1.195116 
0.863485 
0.033412 
0.637004 
0.794644 
0.191869 
1.855033 
0.370898 
0.673136 
0.574640 
0.457287 
0.244399 
1.513632 
0.305076 
4.648042 
2.414853 
0.329621 
0.158081 
0.391305 
0.065078 
0.464356 
0.400093 
1.411571 
1.584764 
2.020911 
0.604954 
0.412652 
0.102841 
1.594106 
1.174007 
2.108309 
0.167561 
0.090117 
0.421358 
0.472852 
0.860060 
0.600734 
0.031997 
0.032984 
1.467520 
2.198358 
2.278134 
1.746006 
1.373525 
0.834589 
2.687831 
1.634686 
1.397118 
0.130744 
0.657270 
4.005295 
1.373575 
1.497491 
1.105369 
0.672664 
0.323488 
0.599651 
0.957469 
0.660335 
0.642380 
2.190431 
4.883413 
0.035937 
1.942622 
1.289381 
0.740613 
0.122272 
0.047010 
0.396428 
1.581151 
0.289065 
0.040283 
1.030506 
0.940404 
0.594820 
0.191491 
0.158528 
0.383342 
0.409641 
0.624897 
0.510391 
0.866226 
0.863422 
0.792843 
0.286919 
2.560236 
0.947792 
1.523445 
0.193903 
0.663458 
0.571213 
0.677420 
0.263167 
0.175089 
0.330554 
0.241705 
0.467618 
0.942736 
1.368657 
1.414605 
0.860793 
1.228101 
2.185266 
0.645817 
0.303192 
2.025071 
1.069061 
2.319819 
0.424081 
0.192257 
1.167979 
0.272172 
0.080620 
0.059372 
2.806732 
1.466566 
0.493543 
0.606081 
0.097159 
1.997099 
1.355139 
0.205876 
0.794383 
0.180025 
3.263794 
1.254899 
1.959634 
0.104757 
1.139148 
1.529802 
2.994170 
0.680842 
0.325669 
1.900156 
3.122164 
0.679815 
0.312550 
0.024866 
0.006864 
1.042597 
0.018010 
3.503130 
0.186888 
0.619808 
1.667199 
1.294806 
0.993090 
0.843236 
0.668018 
0.096758 
0.155847 
0.340622 
1.172734 
0.537371 
0.135567 
0.185784 
1.205163 
0.058456 
2.611939 
0.218336 
0.479012 
0.465400 
3.788006 
0.202270 
2.199155 
0.216772 
0.578591 
0.289576 
3.080916 
3.551606 
0.160532 
1.079911 
0.355786 
0.058146 
0.637818 
0.069215 
0.098737 
0.330449 
1.918880 
1.826971 
0.763643 
0.811866 
2.497864 
0.653626 
0.127462 
0.486145 
0.356709 
0.959991 
1.242868 
1.421209 
0.126188 
1.225464 
0.338810 
0.677808 
0.986102 
0.149664 
1.845677 
3.463609 
1.440257 
1.066328 
0.374332 
2.171668 
2.563407 
0.082875 
0.681513 
0.180117 
0.442758 
1.019685 
2.737238 
0.139971 
1.267197 
0.546713 
0.986111 
0.208198 
0.035159 
2.248165 
0.783992 
0.517642 
0.104078 
0.498706 
0.043675 
0.129883 
0.810685 
3.568410 
0.170207 
0.041281 
0.609582 
0.427554 
0.830948 
4.973897 
0.108356 
0.486155 
0.513003 
0.258544 
0.747100 
0.130785 
0.171004 
0.402286 
0.011896 
1.057511 
1.225019 
0.183722 
0.435812 
0.056311 
0.383925 
0.572066 
3.456411 
2.294789 
0.420433 
0.789179 
1.763846 
0.186764 
0.862252 
0.213494 
0.305892 
1.682299 
0.886196 
0.601143 
2.743276 
0.645664 
2.015639 
0.030810 
0.866504 
0.823132 
1.303472 
1.901636 
0.338555 
0.266408 
0.286542 
1.596507 
0.385828 
0.934551 
2.196713 
0.255649 
2.545924 
3.743452 
0.668063 
0.632318 
0.396965 
0.290893 
1.368394 
1.136569 
0.220713 
0.196960 
0.578157 
0.013168 
0.105797 
6.567770 
0.866216 
0.703586 
0.130616 
0.528195 
0.380112 
2.105787 
0.915202 
0.850547 
1.460365 
0.929264 
1.773947 
0.858525 
0.537115 
0.629399 
0.342425 
1.327539 
0.076553 
0.564974 
0.722228 
1.445075 
1.482698 
2.700353 
0.731711 
1.292789 
1.151468 
0.275049 
1.157485 
0.493016 
1.482130 
2.156954 
0.129122 
0.312436 
0.645125 
3.434994 
0.231254 
0.372690 
0.996740 
0.177506 
0.462626 
0.044701 
0.419210 
0.268998 
0.198435 
0.785771 
0.353188 
0.372521 
0.773043 
0.381160 
1.125502 
0.461951 
0.646760 
1.852261 
1.208585 
1.374624 
0.061909 
0.254578 
1.891491 
0.297174 
0.436225 
1.513483 
1.325023 
0.344441 
0.566207 
1.657258 
0.594360 
1.266641 
2.207960 
0.498223 
1.830467 
0.125259 
0.988002 
0.000896 
1.149491 
3.698650 
0.122620 
1.149557 
0.354150 
0.557597 
1.134140 
0.410162 
1.019050 
0.126726 
0.580087 
2.657996 
0.259287 
3.186787 
1.444201 
0.674487 
0.476273 
0.348561 
1.557100 
1.115518 
1.135005 
2.672001 
1.396136 
0.258050 
0.916348 
0.380753 
