2.051910 
0.812089 
0.719093 
2.555276 
0.811749 
0.266669 
0.774791 
0.220032 
0.143835 
2.182699 
2.140105 
2.329124 
1.172850 
0.327951 
1.474062 
0.342630 
0.252254 
1.163201 
1.272257 
0.509100 
0.147778 
2.843715 
1.553138 
0.428814 
4.836485 
0.698351 
3.831949 
2.058952 
0.926850 
2.165947 
1.866047 
3.267618 
0.144520 
2.032464 
1.286626 
3.445693 
0.165047 
0.306556 
1.369426 
1.838040 
1.336874 
1.944341 
0.419295 
1.258678 
2.778893 
0.270123 
2.168726 
0.082590 
0.720036 
0.657565 
0.145430 
8.726556 
0.013259 
3.545905 
0.565094 
1.748256 
0.256082 
2.095833 
3.687333 
1.163500 
0.177569 
0.640691 
0.872309 
0.458279 
1.370263 
0.948231 
6.692580 
0.007918 
1.010392 
1.279403 
1.023818 
4.105001 
0.232575 
4.479419 
1.656400 
0.441728 
0.367321 
1.093441 
0.214905 
0.753967 
4.992041 
0.406739 
2.045855 
0.169376 
1.299710 
2.451356 
4.109937 
1.912830 
1.523781 
0.541517 
0.006961 
2.565755 
1.903595 
1.532883 
0.191055 
6.899053 
4.558904 
0.900429 
2.156682 
0.219590 
2.532356 
0.553156 
1.182814 
0.171690 
1.912374 
0.354969 
1.962178 
1.359887 
1.683213 
4.473541 
0.617998 
0.532021 
1.429811 
2.907369 
1.127138 
0.414039 
4.971999 
0.207970 
3.632064 
1.194548 
1.488936 
0.481573 
0.786330 
5.195177 
1.300817 
0.029609 
1.074207 
1.045632 
1.203126 
2.857513 
2.133237 
0.473407 
2.834093 
0.768578 
1.096631 
0.660450 
3.895596 
0.020749 
3.221132 
0.327084 
2.542270 
2.229712 
2.308332 
3.296329 
0.277086 
2.241641 
3.362743 
0.032485 
0.104610 
0.296100 
2.183468 
2.201877 
1.329098 
3.446676 
0.357119 
1.952905 
0.816863 
0.922944 
0.220955 
0.030425 
0.947778 
0.516457 
1.633684 
0.432245 
2.518775 
0.081226 
3.557366 
0.636330 
1.093502 
0.939322 
2.278907 
0.843824 
0.210531 
3.061607 
4.403614 
1.779678 
2.262195 
0.366363 
0.177592 
1.292389 
0.395854 
0.801636 
6.616950 
5.439467 
1.784103 
3.363954 
0.930740 
0.385173 
0.268325 
3.890174 
0.981296 
1.939763 
0.315565 
1.520661 
1.494143 
2.944866 
0.451661 
2.810072 
0.736586 
0.953786 
0.009015 
1.839752 
0.374933 
0.176724 
4.253990 
0.153600 
2.881152 
3.038987 
2.251894 
1.313083 
1.113894 
4.084748 
0.628323 
1.614776 
1.052642 
1.289293 
1.245727 
3.041355 
0.478798 
2.645996 
5.698088 
1.147819 
2.375966 
3.739606 
2.450578 
0.400468 
0.095389 
1.138580 
0.999186 
0.570152 
1.061973 
0.416120 
1.540135 
0.515234 
4.382575 
0.143236 
1.649247 
1.482537 
1.557494 
1.212994 
0.458755 
1.128768 
2.881016 
1.553222 
1.310239 
0.393454 
2.018655 
0.975870 
0.099438 
0.062569 
1.533698 
0.770587 
7.271898 
0.254580 
1.221855 
0.666857 
0.077181 
3.712852 
2.450050 
0.123784 
0.467805 
6.489328 
2.893263 
1.648839 
0.161533 
3.184237 
0.577184 
0.441305 
1.742108 
1.515714 
0.995942 
1.456970 
0.180863 
0.155324 
0.497469 
3.789966 
1.665228 
4.368023 
0.471720 
0.090048 
0.468517 
2.627894 
0.017273 
0.825695 
1.781559 
0.356520 
0.865958 
0.753845 
0.219526 
0.329490 
0.978807 
0.365151 
0.951430 
0.026912 
2.848227 
0.387980 
0.965540 
0.946957 
0.772105 
0.268945 
2.021264 
0.131059 
0.236583 
0.664722 
1.821245 
0.032962 
0.543126 
1.237154 
3.263759 
0.314807 
2.150471 
1.298371 
1.022908 
2.276004 
0.543725 
0.410639 
0.034075 
1.011157 
4.361940 
1.221258 
0.766320 
0.641143 
2.051659 
1.812239 
5.088244 
1.719043 
0.176484 
1.179096 
0.244652 
0.686122 
1.200707 
1.747688 
0.283589 
0.366090 
1.890090 
3.633725 
0.335977 
1.838907 
0.879892 
1.526544 
1.047619 
1.498552 
0.125283 
1.946814 
2.563658 
0.943573 
0.357579 
2.361732 
0.065096 
2.232039 
1.695558 
2.406042 
0.684566 
1.076883 
0.218570 
4.095670 
0.642807 
3.391094 
0.923326 
0.899609 
1.902308 
1.312882 
1.324080 
1.718295 
0.885065 
2.609851 
1.995439 
0.392155 
1.155409 
0.454449 
4.220922 
0.194772 
1.405389 
1.060305 
0.052159 
0.725167 
3.075427 
5.165131 
3.966871 
0.178385 
0.960217 
0.123088 
0.133977 
0.117827 
1.774081 
1.369200 
1.760832 
3.517558 
0.257707 
0.151377 
0.657800 
2.369443 
3.319409 
1.677194 
4.447295 
0.544726 
0.065697 
0.374701 
0.139063 
0.165725 
7.150744 
0.101314 
1.805477 
0.490241 
1.596113 
2.413286 
1.561878 
3.757943 
1.724822 
1.590196 
3.160297 
4.663345 
1.245699 
1.983596 
0.013133 
1.053419 
3.373251 
1.004239 
0.639316 
0.730789 
1.551728 
1.518107 
0.407140 
0.287826 
0.928814 
1.428887 
2.997846 
0.246867 
0.862252 
0.089578 
0.565554 
0.378137 
0.064442 
2.152966 
0.409472 
0.118511 
2.225037 
3.778539 
0.760209 
0.301049 
0.358733 
5.711665 
3.924076 
1.233751 
0.251061 
0.408159 
3.109428 
0.888453 
2.793338 
0.833245 
0.671560 
2.242729 
1.492168 
1.722792 
0.885474 
0.676865 
1.807171 
5.432288 
1.196450 
0.396560 
0.989496 
0.670110 
0.734815 
0.570458 
2.809859 
0.030666 
0.183659 
2.797328 
0.671855 
3.316059 
1.238639 
0.286178 
0.349207 
1.697507 
2.795315 
2.992914 
1.573566 
5.240615 
0.507713 
0.029696 
0.918829 
0.300024 
2.537387 
1.869725 
2.085919 
0.657458 
0.575342 
0.331387 
1.140753 
3.109078 
4.595989 
0.155853 
1.453412 
0.005766 
0.987498 
2.267903 
0.631772 
0.083002 
2.034323 
4.373467 
1.300253 
0.673980 
0.146596 
2.816991 
0.467264 
1.189794 
1.262284 
0.499604 
0.121921 
0.062967 
3.737845 
0.283478 
0.313544 
0.493157 
0.329234 
0.288641 
7.246518 
3.551981 
1.829089 
0.081657 
0.990236 
1.556799 
2.392024 
1.506995 
2.542594 
0.874989 
0.053155 
0.260951 
1.671100 
1.308100 
0.373680 
0.285407 
0.107853 
0.051899 
1.247179 
4.771233 
1.549205 
1.301790 
1.368312 
1.777813 
0.755568 
2.501303 
0.586071 
2.664730 
1.927603 
1.580920 
2.160619 
1.364661 
0.424723 
0.963642 
0.512638 
0.527487 
3.895477 
3.688566 
1.914739 
1.409428 
0.363871 
0.372166 
4.350072 
0.470223 
2.462376 
4.185617 
0.189076 
0.891520 
2.648550 
3.138708 
0.585668 
2.198913 
3.986181 
0.724402 
1.313667 
0.432949 
1.945535 
3.490178 
0.996635 
1.444658 
1.675626 
0.339940 
0.248606 
4.542885 
2.516526 
0.643562 
0.785228 
1.604809 
0.583068 
0.055809 
2.713351 
0.869152 
0.936814 
2.066255 
0.242237 
0.666092 
1.209993 
0.471152 
0.788718 
2.401525 
0.285384 
2.900971 
0.307758 
1.308019 
2.746925 
0.731697 
3.350630 
1.163783 
1.264395 
0.951951 
0.177486 
1.123416 
1.182523 
1.466059 
1.209995 
0.497875 
0.303541 
0.054809 
0.043633 
2.905202 
0.046048 
0.177193 
1.407979 
3.020482 
0.465437 
1.201478 
1.258070 
3.465333 
0.135593 
1.499137 
1.013915 
1.699277 
0.412180 
0.246331 
0.621472 
0.081313 
2.658817 
1.008086 
0.740401 
1.353781 
6.569561 
0.829139 
3.889742 
0.188436 
0.208606 
0.173940 
0.313860 
0.251638 
1.871586 
2.025421 
0.279984 
2.019486 
3.510242 
0.497716 
3.582693 
1.410209 
1.501332 
1.160867 
1.094365 
0.204161 
1.864860 
0.080211 
0.204041 
1.150238 
0.753285 
0.618364 
0.022352 
1.348778 
0.366443 
2.479230 
0.551288 
0.097647 
0.423126 
6.238621 
0.876329 
0.784070 
5.342977 
5.620228 
0.974669 
0.058532 
0.336137 
0.229137 
3.838285 
0.438178 
1.208691 
2.130654 
0.499026 
0.867848 
0.490047 
0.136084 
1.585525 
1.905928 
5.934282 
0.723344 
0.469419 
0.371381 
0.125036 
0.312829 
2.238112 
0.019530 
0.791855 
1.202167 
0.049157 
3.003453 
1.574783 
2.046550 
0.153176 
1.230986 
1.124800 
3.113485 
0.258810 
1.015039 
0.122213 
0.083559 
1.576038 
1.641303 
3.498295 
0.620830 
0.522668 
3.203600 
0.190674 
0.391295 
0.196186 
1.094081 
1.345881 
7.774825 
1.876906 
2.646578 
0.147816 
0.418255 
2.137714 
0.648622 
0.461421 
1.061539 
2.816421 
0.515847 
2.535022 
2.616036 
3.115167 
1.106405 
3.535369 
0.284101 
5.042331 
0.176230 
0.028798 
1.334908 
1.740216 
8.110475 
1.443840 
0.286181 
0.404088 
0.125793 
5.979699 
5.506778 
0.587720 
0.587729 
0.737546 
0.077852 
0.091317 
1.615328 
1.423336 
2.656446 
5.365526 
0.147473 
2.131554 
1.897847 
1.048380 
3.088988 
0.859107 
0.342054 
0.025726 
2.385862 
1.338627 
2.251201 
2.873026 
1.021221 
0.370144 
0.429718 
1.263799 
1.345210 
3.988191 
4.880736 
2.484772 
0.290449 
1.799775 
0.110728 
6.253916 
0.168152 
0.578975 
3.594467 
1.658707 
2.535838 
1.079079 
0.209268 
1.248883 
0.461597 
4.830575 
1.979690 
0.599327 
3.108075 
1.160021 
0.233686 
1.382059 
0.488884 
1.716417 
2.057781 
0.218407 
0.664348 
0.015650 
0.885140 
0.519397 
6.181869 
0.575091 
0.495374 
0.094975 
0.285569 
1.251846 
1.756079 
0.802406 
0.056047 
0.754113 
4.677212 
0.951966 
0.345020 
0.908916 
2.318640 
1.339902 
1.489090 
3.730698 
1.133861 
1.791148 
3.041462 
0.847963 
1.104563 
0.046026 
3.050412 
1.350397 
1.346722 
2.699381 
1.689338 
0.427933 
1.166675 
0.956257 
1.587963 
0.340999 
1.389791 
1.652287 
4.727723 
0.142095 
0.062686 
3.472212 
1.898029 
0.119905 
0.327520 
2.093451 
0.559487 
1.046818 
0.276102 
1.401934 
0.580834 
0.084271 
0.329697 
0.631309 
1.569353 
0.799194 
4.167442 
1.161449 
1.116825 
1.195358 
1.923039 
0.996865 
4.396275 
0.575130 
1.311670 
3.832779 
0.950303 
0.574025 
0.221859 
2.129544 
0.487178 
3.154527 
0.120402 
0.619107 
1.119980 
0.577765 
1.728900 
0.163953 
0.337032 
0.246257 
1.537177 
0.786916 
2.925585 
1.976138 
1.723598 
0.558489 
2.383594 
0.784738 
0.773762 
0.432538 
0.489696 
0.425070 
0.775738 
0.925590 
0.241738 
1.383417 
0.600288 
0.145407 
2.148841 
0.376850 
2.651346 
0.393167 
0.475792 
0.590032 
2.538587 
0.312393 
2.500250 
0.151900 
1.568521 
0.224931 
0.811927 
0.581781 
0.446736 
4.444446 
1.604889 
1.485136 
0.974709 
0.478902 
1.686585 
0.404378 
1.238369 
2.863399 
1.212871 
1.571950 
1.479447 
2.069004 
3.619309 
2.449230 
0.501975 
0.160679 
0.503334 
8.237841 
2.107403 
2.833431 
0.491932 
0.557641 
0.427556 
0.691165 
0.441617 
0.507063 
2.671110 
2.378571 
3.484011 
1.942059 
0.422095 
0.469073 
0.728452 
1.164885 
0.435932 
2.034889 
1.301196 
2.424864 
1.066410 
1.802476 
0.295926 
0.269989 
1.071598 
0.336016 
0.080282 
3.303166 
1.611132 
1.284033 
1.257034 
3.178881 
0.196961 
0.203970 
2.726450 
0.719477 
0.974052 
0.844828 
1.171118 
0.561699 
1.223974 
3.032469 
0.203278 
0.112249 
2.437710 
5.166003 
0.414393 
5.214973 
0.985630 
4.063532 
1.454519 
1.842934 
1.652083 
0.333280 
1.113701 
3.609746 
0.292723 
1.700503 
1.621173 
3.155952 
0.038947 
2.238330 
1.233844 
1.406325 
1.420956 
1.028732 
1.862798 
0.727989 
0.646409 
0.261075 
2.711886 
2.071449 
2.424901 
1.340839 
3.891686 
2.053791 
2.275001 
2.722257 
2.017357 
1.762944 
0.366751 
1.087196 
0.551622 
1.595161 
0.184728 
0.876246 
3.342546 
2.495262 
1.117069 
2.826912 
0.349212 
1.922140 
1.746848 
0.407960 
0.286075 
0.448925 
0.230147 
1.500723 
0.048361 
0.390070 
1.167275 
1.241363 
1.120789 
1.440637 
0.900401 
1.325929 
0.420318 
0.394537 
0.111446 
0.907102 
1.773213 
1.435498 
0.709092 
0.343473 
1.687189 
0.859799 
1.270113 
8.534739 
0.314774 
0.908397 
1.437247 
3.391920 
0.829099 
1.643620 
1.330369 
2.195152 
0.313149 
1.770099 
3.542581 
2.471160 
4.338424 
0.092886 
0.321204 
2.031046 
0.964571 
2.136199 
0.466704 
4.540906 
2.019364 
1.186503 
3.069508 
0.805252 
1.791814 
0.204142 
1.119563 
0.170210 
3.876311 
2.515255 
1.750458 
2.795487 
0.267863 
1.377739 
6.329198 
2.637709 
0.033028 
0.039662 
1.296776 
5.186103 
0.731487 
0.891868 
5.821996 
0.724642 
0.415645 
1.401828 
2.855008 
1.300173 
6.362346 
0.392245 
0.580240 
1.147660 
5.151802 
0.218286 
0.315995 
1.187859 
2.095916 
0.233295 
2.931143 
1.272226 
0.230584 
2.673087 
1.119145 
3.282884 
0.667901 
1.181202 
3.378294 
0.872626 
0.431912 
0.027133 
0.494709 
1.846501 
0.653572 
0.318815 
0.191526 
1.501121 
1.657725 
0.283060 
0.548902 
1.161008 
0.420087 
0.494646 
0.329307 
2.653206 
2.321475 
0.661383 
1.586227 
0.899686 
0.322602 
0.706120 
0.838075 
0.672713 
0.049238 
1.993025 
0.114673 
6.767754 
1.003983 
3.224166 
0.264354 
1.668977 
2.195504 
0.158835 
1.866975 
3.220614 
1.094349 
0.061384 
3.558596 
1.496256 
1.371859 
1.530640 
0.101290 
0.894004 
0.292753 
4.444134 
0.971270 
0.207783 
0.136258 
0.850908 
0.433057 
1.514297 
1.811499 
1.002827 
0.420793 
0.451091 
0.196328 
3.688126 
0.534655 
0.530237 
1.307699 
0.620611 
1.683128 
1.521549 
0.414499 
3.065648 
2.574189 
2.103395 
2.532227 
0.065622 
0.806883 
0.704353 
0.080684 
0.254806 
1.770415 
8.251093 
0.678027 
6.622525 
1.964957 
0.007665 
1.625565 
1.211583 
0.372729 
2.951708 
9.745849 
1.625590 
1.575406 
0.313638 
0.221950 
1.514300 
1.886434 
0.491451 
0.833004 
2.472393 
1.383881 
0.760011 
2.844321 
1.640463 
2.093989 
2.431559 
0.697264 
0.474609 
1.653697 
0.351985 
0.561695 
1.119886 
2.607125 
0.690981 
4.572608 
2.192380 
7.616822 
0.412137 
2.259907 
1.159042 
0.125465 
1.383315 
3.141333 
4.443029 
2.716094 
0.951819 
0.594203 
0.558311 
0.826205 
7.470401 
1.035360 
0.049675 
0.974887 
0.568656 
0.055378 
0.287902 
0.271360 
0.609020 
0.962303 
0.748130 
0.591636 
4.064341 
0.381609 
0.416148 
3.244419 
0.850729 
0.182794 
0.467905 
2.495546 
0.204847 
0.807473 
0.409740 
0.672751 
0.548965 
0.045757 
4.507384 
0.618154 
0.911390 
3.447663 
0.584382 
0.026947 
0.409479 
0.211297 
0.586769 
0.185548 
1.224049 
0.410505 
3.201357 
0.239856 
1.561225 
0.618314 
1.571333 
0.334602 
0.719313 
0.631314 
1.729730 
0.063598 
1.794388 
2.904038 
0.241573 
0.049615 
2.593801 
10.132915 
0.829012 
0.167811 
3.466862 
2.314292 
0.320863 
1.599127 
0.873453 
0.826931 
1.700573 
3.651743 
0.002638 
1.155649 
1.053947 
2.591348 
0.186453 
1.101041 
0.169339 
0.342744 
0.285550 
0.749858 
0.110235 
2.851405 
1.208355 
0.115563 
0.371649 
0.812845 
0.560205 
0.068235 
0.808457 
1.667036 
1.431492 
0.186241 
0.824379 
0.313750 
0.256703 
1.430961 
2.591799 
0.023603 
0.763375 
1.141230 
0.704693 
0.852464 
0.215209 
0.635294 
3.838221 
0.329733 
1.633595 
3.671792 
1.226739 
1.215360 
0.098631 
1.289118 
1.981824 
1.867979 
0.196153 
0.320225 
3.223525 
0.587781 
2.310367 
2.251993 
2.654512 
0.495658 
0.634757 
5.807040 
3.607184 
1.329372 
0.270126 
2.373691 
1.731962 
3.948507 
0.781375 
0.076407 
1.691156 
2.828825 
0.929629 
1.130245 
1.565021 
0.620842 
0.739604 
0.235338 
0.855853 
1.444154 
1.085913 
0.621445 
2.897433 
0.893070 
0.791742 
2.448625 
4.812326 
1.089568 
0.282613 
0.261884 
0.895216 
1.603585 
1.427940 
2.204996 
1.498409 
1.011413 
0.783473 
0.004187 
2.832360 
0.932358 
5.253357 
1.400896 
2.071565 
0.204208 
0.273631 
1.207470 
1.548945 
1.179498 
0.340085 
0.875179 
0.379939 
1.924316 
0.908528 
0.808592 
1.215820 
0.664882 
2.868351 
2.188108 
3.156541 
2.655602 
0.674347 
1.900442 
1.800559 
1.890753 
0.030311 
0.365323 
6.035160 
0.536570 
0.560847 
6.900765 
0.234945 
1.681209 
1.504783 
1.986856 
1.978806 
1.717265 
2.216836 
0.020602 
0.458325 
5.751088 
1.390889 
1.148336 
1.014470 
2.755472 
1.736702 
1.536928 
0.782502 
1.187961 
0.478979 
0.536688 
0.402899 
3.393171 
3.239771 
0.855602 
0.042207 
0.593170 
1.084964 
0.308376 
0.372751 
0.088008 
1.947142 
2.604735 
1.599901 
0.828151 
1.206202 
0.514196 
1.785047 
0.177702 
1.666779 
1.646458 
0.354891 
0.053969 
4.760517 
1.520232 
3.251728 
2.628865 
3.401829 
4.729653 
0.022606 
0.739158 
0.144036 
2.489875 
0.104321 
0.259014 
0.804485 
1.679083 
2.976853 
0.073905 
0.013096 
0.147396 
5.642831 
0.786800 
0.136930 
0.558297 
0.571179 
0.694916 
1.965617 
11.826934 
1.673746 
0.542904 
2.659607 
7.317339 
0.141879 
2.758052 
0.506689 
2.747165 
2.555556 
6.842183 
0.816685 
0.545623 
0.037626 
0.634502 
0.170898 
2.448967 
1.854359 
7.520549 
0.526716 
2.850082 
0.616907 
0.337978 
1.440835 
0.540816 
1.134204 
1.047346 
0.174679 
1.222039 
0.476156 
0.536770 
3.150527 
1.368150 
5.128899 
2.401266 
1.330342 
1.547010 
2.571758 
2.874728 
0.536478 
1.332657 
0.578219 
0.236640 
3.424052 
1.188947 
0.488088 
0.422706 
0.857751 
1.501243 
0.286271 
0.107722 
1.674872 
0.855859 
1.605244 
7.916060 
0.309496 
0.840398 
0.404336 
0.333502 
1.107834 
1.229715 
0.453456 
1.942109 
0.762541 
3.611445 
3.345497 
0.688919 
0.687058 
0.301873 
2.144521 
1.580933 
2.504900 
3.805526 
1.142851 
2.914276 
1.544843 
0.256520 
3.236304 
4.461432 
0.855016 
0.563864 
0.390669 
1.897346 
3.713933 
2.602676 
1.334598 
0.447617 
0.475166 
0.378512 
0.548923 
1.803682 
0.414029 
3.187820 
0.189909 
1.671729 
3.383335 
0.694736 
0.926413 
0.197678 
0.292998 
0.348132 
0.198312 
0.775809 
4.123538 
1.089709 
4.155756 
0.694183 
1.240018 
4.230745 
1.806384 
0.596945 
4.809306 
0.238249 
0.524211 
0.115491 
0.961973 
0.889040 
0.977187 
2.153194 
2.815765 
0.274969 
0.060989 
1.612763 
2.520020 
1.590856 
0.865057 
1.962384 
0.372218 
0.752810 
0.183305 
0.605396 
0.738210 
1.360324 
1.589079 
1.171770 
1.594588 
3.480509 
3.131349 
0.198970 
2.882172 
1.173284 
0.813119 
0.154028 
0.294932 
0.026551 
3.169090 
3.482703 
0.512315 
1.920005 
0.067404 
1.105103 
3.895215 
1.783171 
1.884058 
1.831396 
1.713408 
10.728489 
2.743591 
0.756782 
0.038242 
0.114693 
0.325158 
0.918523 
0.591445 
1.023756 
1.303848 
0.474228 
1.238516 
1.264110 
0.151113 
1.708292 
1.703271 
1.511762 
0.631627 
6.212860 
3.372245 
0.533262 
0.675040 
1.664786 
0.564445 
1.780526 
1.711160 
4.694264 
3.113694 
0.903107 
0.352631 
0.054485 
1.139046 
3.967618 
1.840366 
0.411810 
7.573312 
0.256306 
2.963304 
0.138782 
0.405195 
1.189398 
1.239187 
2.980149 
0.188088 
1.750177 
3.001582 
2.554533 
3.483976 
1.746757 
3.775864 
6.012265 
1.689828 
0.044323 
0.666813 
1.959958 
3.020963 
6.459704 
0.826951 
2.500516 
1.618846 
0.038621 
0.360205 
4.477304 
0.956777 
1.987679 
0.304314 
0.171036 
0.296621 
1.225195 
3.671204 
6.743440 
0.960075 
0.412796 
0.737356 
2.052908 
0.460659 
0.387135 
0.265073 
0.832062 
2.059653 
0.899288 
2.054823 
1.917232 
0.759187 
0.502246 
0.483193 
1.243125 
0.247571 
0.195179 
1.423211 
0.510365 
0.312119 
0.572874 
0.628760 
3.184675 
3.552574 
0.591588 
1.283174 
0.976708 
4.923658 
0.195967 
0.682888 
1.353598 
0.251037 
0.027067 
1.229082 
0.217029 
0.013348 
3.415534 
2.298547 
0.496220 
3.094833 
2.216870 
0.161470 
0.422897 
0.079632 
5.527552 
0.346776 
0.114414 
0.543031 
2.576623 
1.585759 
1.499981 
5.260819 
0.191940 
1.889739 
2.389484 
2.865419 
3.574739 
0.789654 
7.713408 
2.225711 
1.497933 
1.116288 
1.763381 
1.942588 
3.037765 
5.322347 
0.693586 
0.649945 
3.119669 
2.702283 
0.070533 
0.009241 
0.376709 
1.366251 
0.810123 
1.205750 
0.030615 
1.214355 
0.084590 
1.287095 
0.204473 
2.113247 
3.251305 
0.500311 
2.094066 
0.022951 
0.333972 
1.997709 
4.540424 
0.975175 
0.003318 
0.225504 
4.335483 
0.394714 
1.371945 
0.037422 
0.190195 
1.032711 
0.225790 
1.779721 
3.895419 
3.010487 
0.466936 
2.886081 
4.359541 
0.138714 
1.180728 
0.967891 
0.526828 
1.978232 
4.877663 
0.973991 
0.114819 
1.033828 
0.818162 
3.472424 
4.560030 
0.085056 
1.064797 
2.571978 
0.528347 
1.818413 
1.336816 
0.921947 
0.152813 
3.318438 
0.988162 
1.494923 
0.140270 
0.850786 
0.958800 
1.822861 
0.754565 
0.026600 
0.817809 
1.406331 
1.539793 
3.787395 
0.682711 
0.600943 
0.020625 
1.075282 
0.722841 
2.299450 
0.941216 
0.195042 
0.456030 
0.035020 
2.784679 
0.561562 
1.050699 
2.269843 
0.216984 
1.260843 
0.574912 
3.739502 
1.846186 
0.584339 
1.757479 
0.488300 
4.790327 
0.973173 
0.499421 
1.422147 
1.660789 
1.137101 
1.933467 
2.370201 
1.531804 
2.161903 
0.007156 
6.294946 
0.189563 
0.443704 
1.812968 
0.779832 
2.244761 
1.973103 
1.247679 
0.756764 
3.495018 
2.206491 
0.989002 
1.041701 
1.316020 
0.375198 
0.834184 
0.756177 
4.030235 
1.024900 
0.085372 
2.870144 
1.980800 
1.577343 
2.244165 
0.402765 
2.072528 
2.729912 
1.682603 
1.925939 
1.019082 
0.117700 
0.702417 
0.998273 
0.084920 
0.110167 
0.231279 
1.075390 
5.480268 
1.798868 
0.009703 
0.681557 
0.207409 
0.849398 
1.583256 
3.170424 
1.848607 
0.404173 
2.485177 
0.066464 
0.905967 
2.030769 
1.685231 
0.547410 
4.203429 
0.533356 
0.156790 
0.132731 
0.557229 
0.098314 
0.428721 
0.302463 
0.283484 
0.420130 
1.555165 
0.549043 
1.516453 
1.039261 
3.887501 
0.409400 
0.924236 
4.827259 
0.425482 
3.184151 
0.341582 
2.498921 
0.501613 
0.335659 
2.925261 
0.363200 
0.586713 
1.752938 
1.005366 
2.508105 
1.684812 
2.254182 
0.518735 
2.001981 
1.268359 
1.233865 
1.867497 
1.256023 
5.698407 
1.431192 
2.580793 
0.040450 
0.282384 
0.063502 
1.667395 
4.206389 
0.554319 
1.219008 
0.372243 
1.447503 
2.654133 
1.228391 
1.923257 
0.268662 
0.139885 
1.038101 
0.820959 
0.072054 
0.451880 
1.630597 
1.369412 
1.544739 
2.015770 
0.087258 
2.428034 
1.214468 
1.439125 
4.916072 
3.858558 
1.881822 
1.247564 
2.726384 
0.454780 
1.731946 
3.071782 
1.837907 
0.249492 
0.680665 
2.261276 
4.116268 
0.517463 
1.577960 
0.320445 
3.058975 
0.181636 
2.223848 
3.380703 
0.486611 
0.499241 
0.265959 
2.036507 
0.419866 
0.776160 
0.489856 
1.160472 
0.975173 
6.470074 
6.276695 
0.034956 
0.229124 
2.371501 
1.528238 
0.667480 
1.101821 
0.539322 
2.863430 
1.396569 
1.657450 
0.250081 
4.547657 
0.756985 
0.755883 
4.327315 
0.214056 
0.241624 
1.088413 
3.641329 
2.018231 
0.418064 
0.222920 
0.014775 
1.976133 
1.645545 
2.374446 
0.821160 
0.639540 
0.041777 
1.539943 
1.104159 
2.974931 
0.134332 
1.908045 
1.507065 
0.166020 
4.547503 
0.562941 
0.198218 
0.982740 
0.214306 
1.299103 
4.317145 
2.052392 
2.368061 
1.799119 
2.893198 
1.238887 
0.740371 
0.747127 
1.033557 
3.377454 
0.899374 
0.478406 
1.503630 
7.698499 
2.355525 
1.403119 
1.132639 
0.463201 
0.270120 
1.997029 
4.236330 
0.821767 
0.496794 
1.015867 
2.384420 
0.526361 
0.076520 
3.205822 
0.091480 
0.703472 
3.217846 
3.323232 
0.649408 
5.637211 
4.268741 
2.053926 
0.270269 
0.211931 
1.022976 
0.269858 
0.502926 
1.938557 
0.982714 
6.352545 
1.554200 
0.957353 
0.235529 
0.473903 
3.602208 
1.185052 
1.024038 
0.297773 
0.243066 
0.462353 
0.302402 
1.426192 
0.350742 
0.520323 
0.575741 
0.418568 
0.796762 
3.935098 
1.211932 
4.898649 
1.087739 
0.435898 
0.921721 
1.954109 
0.138685 
0.423924 
1.966241 
3.255555 
1.943119 
1.033674 
1.221733 
2.122321 
1.630203 
0.176444 
0.245427 
2.054952 
0.137409 
0.351214 
0.978272 
0.148017 
0.500489 
0.310621 
1.713740 
0.313849 
0.088164 
0.723741 
0.016022 
1.240462 
0.183882 
0.079168 
0.072763 
2.668130 
0.265353 
0.081402 
2.223881 
5.740042 
3.757889 
1.509721 
6.810374 
1.604059 
0.862184 
1.488785 
1.562530 
1.031811 
0.104953 
2.167168 
4.196646 
1.697756 
2.060992 
0.435120 
4.248815 
1.759525 
0.705225 
0.262642 
1.320213 
1.987659 
0.196921 
2.033401 
0.499057 
1.751142 
0.391143 
2.466213 
0.438168 
0.952147 
0.483537 
0.653434 
0.318571 
3.545444 
2.642766 
2.194635 
2.813052 
1.076256 
1.843073 
0.195319 
7.487293 
2.354877 
0.156343 
1.262701 
0.524288 
1.721707 
1.332763 
2.458353 
0.326624 
1.694419 
1.687692 
0.457262 
0.339407 
0.738219 
1.635212 
0.012477 
0.366001 
4.056656 
0.974912 
0.936613 
1.173508 
1.251701 
6.226036 
0.392808 
0.283179 
0.808160 
1.948360 
1.189634 
2.121846 
0.691381 
2.281404 
1.193009 
2.837033 
0.706396 
0.661812 
2.047870 
3.110333 
1.919040 
0.053416 
5.667897 
3.191646 
0.394168 
3.339210 
2.274140 
1.907192 
4.642033 
2.623586 
1.477900 
0.497874 
0.293185 
4.078487 
1.942061 
0.435108 
2.744374 
2.443900 
1.357982 
0.072698 
0.218346 
2.192496 
0.525894 
0.675828 
0.531769 
1.517027 
2.735447 
1.829375 
10.816047 
1.321590 
0.208361 
1.940998 
6.602167 
4.575982 
1.229640 
3.295558 
0.351324 
0.910823 
0.855335 
0.611150 
0.674827 
0.241468 
0.040809 
0.133673 
4.803319 
0.827443 
6.117839 
0.833890 
1.057840 
0.760239 
0.737024 
0.951094 
0.035414 
0.252517 
0.052535 
0.899438 
1.634281 
1.040248 
0.911225 
3.342061 
0.383287 
2.510085 
2.740147 
0.321709 
0.547553 
0.078275 
1.227978 
1.701289 
1.021003 
5.786509 
0.133249 
1.447756 
3.569715 
0.346677 
0.332372 
0.710905 
2.933301 
8.490789 
1.040105 
1.589537 
0.577864 
0.863873 
0.475716 
1.828756 
4.450920 
0.758057 
1.554062 
3.885612 
1.584871 
0.282886 
1.775761 
0.672788 
1.259237 
1.194681 
0.540909 
0.451157 
1.651598 
0.744962 
2.031709 
0.746620 
0.064307 
0.549540 
1.031282 
0.140105 
2.041209 
