0.807085 
0.319422 
0.282843 
1.005075 
0.319288 
0.104890 
0.304751 
0.086546 
0.056575 
0.858528 
0.841775 
0.916122 
0.461321 
0.128994 
0.579798 
0.134768 
0.099220 
0.457526 
0.500421 
0.200246 
0.058126 
1.118528 
0.610901 
0.168667 
1.902351 
0.274685 
1.507233 
0.809854 
0.364561 
0.851939 
0.733978 
1.285263 
0.056845 
0.799436 
0.506073 
1.355306 
0.064918 
0.120579 
0.538641 
0.722962 
0.525837 
0.764774 
0.164923 
0.495080 
1.093031 
0.106248 
0.853032 
0.032485 
0.283214 
0.258642 
0.057203 
3.432445 
0.005215 
1.394723 
0.222270 
0.687647 
0.100726 
0.824361 
1.450351 
0.457643 
0.069844 
0.252005 
0.343108 
0.180256 
0.538970 
0.372971 
2.632415 
0.003115 
0.397421 
0.503232 
0.402702 
1.614634 
0.091479 
1.761905 
0.651517 
0.173746 
0.144480 
0.430087 
0.084529 
0.296560 
1.963536 
0.159984 
0.804703 
0.066621 
0.511219 
0.964200 
1.616575 
0.752380 
0.599354 
0.212997 
0.002738 
1.009197 
0.748747 
0.602934 
0.075148 
2.713628 
1.793169 
0.354169 
0.848295 
0.086372 
0.996060 
0.217575 
0.465240 
0.067532 
0.752201 
0.139621 
0.771790 
0.534889 
0.662064 
1.759593 
0.243079 
0.209262 
0.562392 
1.143565 
0.443341 
0.162855 
1.955653 
0.081802 
1.428612 
0.469856 
0.585648 
0.189419 
0.309290 
2.043436 
0.511655 
0.011646 
0.422522 
0.411282 
0.473230 
1.123955 
0.839073 
0.186207 
1.114743 
0.302307 
0.431341 
0.259777 
1.532268 
0.008161 
1.266979 
0.128653 
0.999959 
0.877020 
0.907944 
1.296556 
0.108987 
0.881712 
1.322679 
0.012777 
0.041146 
0.116466 
0.858831 
0.866072 
0.522779 
1.355693 
0.140467 
0.768143 
0.321299 
0.363025 
0.086909 
0.011967 
0.372793 
0.203140 
0.642582 
0.170016 
0.990718 
0.031949 
1.399231 
0.250290 
0.430111 
0.369467 
0.896370 
0.331904 
0.082809 
1.204232 
1.732088 
0.700007 
0.889797 
0.144103 
0.069853 
0.508340 
0.155703 
0.315310 
2.602667 
2.139524 
0.701747 
1.323155 
0.366091 
0.151501 
0.105541 
1.530135 
0.385976 
0.762973 
0.124122 
0.598127 
0.587696 
1.158314 
0.177653 
1.105295 
0.289724 
0.375156 
0.003546 
0.723636 
0.147474 
0.069512 
1.673236 
0.060416 
1.133253 
1.195335 
0.885745 
0.516479 
0.438131 
1.606668 
0.247140 
0.635145 
0.414039 
0.507122 
0.489986 
1.196266 
0.188327 
1.040758 
2.241248 
0.451475 
0.934547 
1.470912 
0.963894 
0.157518 
0.037520 
0.447841 
0.393013 
0.224260 
0.417709 
0.163674 
0.605786 
0.202659 
1.723813 
0.056340 
0.648704 
0.583131 
0.612614 
0.477111 
0.180444 
0.443982 
1.133200 
0.610934 
0.515361 
0.154758 
0.794004 
0.383842 
0.039112 
0.024610 
0.603254 
0.303098 
2.860280 
0.100135 
0.480596 
0.262297 
0.030358 
1.460389 
0.963686 
0.048688 
0.184003 
2.552469 
1.138017 
0.648543 
0.063537 
1.252467 
0.227026 
0.173580 
0.685229 
0.596181 
0.391737 
0.573075 
0.071139 
0.061094 
0.195671 
1.490720 
0.654990 
1.718089 
0.185543 
0.035419 
0.184283 
1.033638 
0.006794 
0.324773 
0.700747 
0.140231 
0.340610 
0.296512 
0.086347 
0.129599 
0.384997 
0.143626 
0.374229 
0.010585 
1.120303 
0.152606 
0.379779 
0.372470 
0.303695 
0.105785 
0.795031 
0.051550 
0.093056 
0.261457 
0.716356 
0.012965 
0.213629 
0.486614 
1.283745 
0.123824 
0.845852 
0.510693 
0.402344 
0.895228 
0.213865 
0.161518 
0.013403 
0.397722 
1.715697 
0.480362 
0.301419 
0.252183 
0.806986 
0.712814 
2.001376 
0.676157 
0.069417 
0.463778 
0.096230 
0.269875 
0.472278 
0.687424 
0.111545 
0.143996 
0.743435 
1.429265 
0.132151 
0.723303 
0.346091 
0.600441 
0.412063 
0.589431 
0.049278 
0.765747 
1.008372 
0.371139 
0.140648 
0.928948 
0.025604 
0.877935 
0.666919 
0.946377 
0.269263 
0.423574 
0.085971 
1.610963 
0.252837 
1.333830 
0.363175 
0.353846 
0.748241 
0.516400 
0.520805 
0.675863 
0.348126 
1.026541 
0.784872 
0.154247 
0.454461 
0.178750 
1.660229 
0.076610 
0.552786 
0.417053 
0.020516 
0.285232 
1.209668 
2.031618 
1.560302 
0.070165 
0.377685 
0.048414 
0.052697 
0.046345 
0.697805 
0.538552 
0.692594 
1.383573 
0.101365 
0.059542 
0.258735 
0.931981 
1.305634 
0.659696 
1.749269 
0.214259 
0.025841 
0.147383 
0.054698 
0.065185 
2.812626 
0.039850 
0.710154 
0.192828 
0.627805 
0.949226 
0.614339 
1.478124 
0.678430 
0.625477 
1.243050 
1.834249 
0.489975 
0.780215 
0.005166 
0.414345 
1.326812 
0.395000 
0.251464 
0.287444 
0.610346 
0.597122 
0.160142 
0.113212 
0.365333 
0.562029 
1.179153 
0.097101 
0.339153 
0.035234 
0.222451 
0.148734 
0.025347 
0.846833 
0.161059 
0.046614 
0.875181 
1.486225 
0.299015 
0.118413 
0.141102 
2.246588 
1.543470 
0.485275 
0.098751 
0.160543 
1.223042 
0.349458 
1.098713 
0.327743 
0.264147 
0.882140 
0.586919 
0.677631 
0.348286 
0.266234 
0.710821 
2.136700 
0.470604 
0.155980 
0.389202 
0.263576 
0.289027 
0.224380 
1.105211 
0.012062 
0.072239 
1.100282 
0.264263 
1.304316 
0.487198 
0.112563 
0.137355 
0.667686 
1.099490 
1.177213 
0.618936 
2.061309 
0.199700 
0.011680 
0.361406 
0.118010 
0.998039 
0.735425 
0.820461 
0.258600 
0.226301 
0.130346 
0.448696 
1.222904 
1.807756 
0.061302 
0.571675 
0.002268 
0.388416 
0.892042 
0.248497 
0.032647 
0.800167 
1.720230 
0.511433 
0.265099 
0.057661 
1.108016 
0.183790 
0.467986 
0.496499 
0.196511 
0.047956 
0.024767 
1.470219 
0.111501 
0.123327 
0.193975 
0.129499 
0.113532 
2.850297 
1.397113 
0.719442 
0.032118 
0.389493 
0.612341 
0.940863 
0.592751 
1.000087 
0.344162 
0.020908 
0.102641 
0.657299 
0.514520 
0.146981 
0.112260 
0.042422 
0.020414 
0.490557 
1.876685 
0.609354 
0.512038 
0.538203 
0.699273 
0.297190 
0.983846 
0.230521 
1.048127 
0.758190 
0.621829 
0.849843 
0.536767 
0.167058 
0.379033 
0.201638 
0.207478 
1.532221 
1.450836 
0.753131 
0.554375 
0.143123 
0.146385 
1.711028 
0.184954 
0.968535 
1.646343 
0.074370 
0.350664 
1.041763 
1.234559 
0.230363 
0.864906 
1.567898 
0.284931 
0.516709 
0.170293 
0.765244 
1.372803 
0.392010 
0.568232 
0.659080 
0.133710 
0.097785 
1.786868 
0.989833 
0.253134 
0.308856 
0.631225 
0.229340 
0.021952 
1.067251 
0.341866 
0.368480 
0.812727 
0.095280 
0.261996 
0.475930 
0.185320 
0.310229 
0.944600 
0.112251 
1.141049 
0.121052 
0.514488 
1.080457 
0.287801 
1.317914 
0.457754 
0.497329 
0.374434 
0.069811 
0.441877 
0.465126 
0.576650 
0.475931 
0.195831 
0.119393 
0.021558 
0.017162 
1.142713 
0.018112 
0.069696 
0.553805 
1.188056 
0.183072 
0.472582 
0.494841 
1.363031 
0.053333 
0.589660 
0.398807 
0.668382 
0.162124 
0.096890 
0.244446 
0.031983 
1.045801 
0.396514 
0.291224 
0.532487 
2.584027 
0.326128 
1.529965 
0.074118 
0.082052 
0.068417 
0.123452 
0.098978 
0.736157 
0.796665 
0.110127 
0.794331 
1.380695 
0.195768 
1.409193 
0.554682 
0.590524 
0.456608 
0.430450 
0.080303 
0.733512 
0.031550 
0.080256 
0.452427 
0.296292 
0.243223 
0.008792 
0.530520 
0.144134 
0.975164 
0.216840 
0.038408 
0.166429 
2.453857 
0.344689 
0.308401 
2.101571 
2.210623 
0.383370 
0.023023 
0.132214 
0.090127 
1.509726 
0.172350 
0.475419 
0.838057 
0.196284 
0.341354 
0.192752 
0.053526 
0.623640 
0.749665 
2.334151 
0.284515 
0.184638 
0.146077 
0.049181 
0.123046 
0.880324 
0.007682 
0.311463 
0.472853 
0.019335 
1.181358 
0.619415 
0.804976 
0.060249 
0.484188 
0.442421 
1.224637 
0.101798 
0.399249 
0.048070 
0.032867 
0.619908 
0.645579 
1.375996 
0.244193 
0.205583 
1.260082 
0.074999 
0.153910 
0.077167 
0.430339 
0.529380 
3.058098 
0.738250 
1.040987 
0.058141 
0.164514 
0.840834 
0.255125 
0.181492 
0.417539 
1.107792 
0.202900 
0.997109 
1.028974 
1.225299 
0.435186 
1.390579 
0.111746 
1.983317 
0.069317 
0.011327 
0.525064 
0.684485 
3.190120 
0.567911 
0.112565 
0.158941 
0.049478 
2.352015 
2.165999 
0.231170 
0.231173 
0.290101 
0.030622 
0.035918 
0.635362 
0.559846 
1.044869 
2.110440 
0.058006 
0.838411 
0.746487 
0.412363 
1.215002 
0.337916 
0.134541 
0.010119 
0.938439 
0.526527 
0.885472 
1.130057 
0.401680 
0.145590 
0.169022 
0.497094 
0.529116 
1.568688 
1.919756 
0.977344 
0.114243 
0.707912 
0.043553 
2.459873 
0.066140 
0.227730 
1.413824 
0.652425 
0.997430 
0.424438 
0.082312 
0.491227 
0.181562 
1.900026 
0.778678 
0.235735 
1.222509 
0.456275 
0.091916 
0.543610 
0.192294 
0.675124 
0.809394 
0.085907 
0.261310 
0.006156 
0.348155 
0.204296 
2.431535 
0.226202 
0.194847 
0.037357 
0.112324 
0.492393 
0.690724 
0.315613 
0.022045 
0.296618 
1.839703 
0.374440 
0.135708 
0.357507 
0.911998 
0.527028 
0.585709 
1.467408 
0.445985 
0.704518 
1.196309 
0.333532 
0.434462 
0.018103 
1.199829 
0.531156 
0.529711 
1.061757 
0.664473 
0.168320 
0.458892 
0.376128 
0.624599 
0.134126 
0.546651 
0.649899 
1.859571 
0.055891 
0.024656 
1.365737 
0.746558 
0.047162 
0.128825 
0.823424 
0.220065 
0.411748 
0.108600 
0.551428 
0.228461 
0.033147 
0.129681 
0.248315 
0.617279 
0.314350 
1.639194 
0.456837 
0.439284 
0.470174 
0.756395 
0.392100 
1.729201 
0.226218 
0.515924 
1.507560 
0.373786 
0.225783 
0.087265 
0.837621 
0.191623 
1.240781 
0.047358 
0.243515 
0.440525 
0.227254 
0.680034 
0.064488 
0.132566 
0.096861 
0.604623 
0.309520 
1.150730 
0.777281 
0.677949 
0.219672 
0.937547 
0.308663 
0.304346 
0.170132 
0.192614 
0.167194 
0.305124 
0.364065 
0.095084 
0.544144 
0.236113 
0.057193 
0.845211 
0.148228 
1.042863 
0.154646 
0.187145 
0.232079 
0.998511 
0.122875 
0.983432 
0.059747 
0.616952 
0.088473 
0.319358 
0.228834 
0.175716 
1.748149 
0.631256 
0.584154 
0.383385 
0.188368 
0.663390 
0.159055 
0.487092 
1.126270 
0.477062 
0.618301 
0.581916 
0.813808 
1.423595 
0.963364 
0.197443 
0.063201 
0.197978 
3.240218 
0.828912 
1.114483 
0.193493 
0.219339 
0.168172 
0.271858 
0.173703 
0.199445 
1.050637 
0.935571 
1.370377 
0.763877 
0.166024 
0.184502 
0.286524 
0.458188 
0.171466 
0.800390 
0.511804 
0.953780 
0.419455 
0.708974 
0.116397 
0.106196 
0.421495 
0.132166 
0.031578 
1.299245 
0.633712 
0.505053 
0.494433 
1.250360 
0.077471 
0.080228 
1.072404 
0.282994 
0.383127 
0.332299 
0.460640 
0.220935 
0.481430 
1.192771 
0.079956 
0.044151 
0.958832 
2.031961 
0.162994 
2.051223 
0.387681 
1.598323 
0.572111 
0.724887 
0.649819 
0.131090 
0.438056 
1.419833 
0.115138 
0.668864 
0.637661 
1.241341 
0.015319 
0.880410 
0.485312 
0.553154 
0.558909 
0.404635 
0.732701 
0.286342 
0.254254 
0.102689 
1.066675 
0.814770 
0.953794 
0.527397 
1.530730 
0.807824 
0.894834 
1.070754 
0.793494 
0.693425 
0.144255 
0.427630 
0.216971 
0.627430 
0.072660 
0.344657 
1.314735 
0.981470 
0.439381 
1.111919 
0.137357 
0.756042 
0.687094 
0.160464 
0.112523 
0.176577 
0.090524 
0.590285 
0.019022 
0.153428 
0.459128 
0.488269 
0.440844 
0.566651 
0.354158 
0.521532 
0.165325 
0.155184 
0.043835 
0.356794 
0.697464 
0.564629 
0.278910 
0.135099 
0.663628 
0.338187 
0.499578 
3.356997 
0.123811 
0.357303 
0.565317 
1.334155 
0.326112 
0.646490 
0.523279 
0.863426 
0.123172 
0.696239 
1.393415 
0.971990 
1.706447 
0.036535 
0.126340 
0.798878 
0.379398 
0.840238 
0.183570 
1.786090 
0.794283 
0.466691 
1.207340 
0.316732 
0.704780 
0.080296 
0.440361 
0.066949 
1.524682 
0.989334 
0.688514 
1.099558 
0.105360 
0.541911 
2.489484 
1.037499 
0.012991 
0.015600 
0.510065 
2.039867 
0.287718 
0.350801 
2.289985 
0.285026 
0.163487 
0.551386 
1.122970 
0.511401 
2.502523 
0.154283 
0.228228 
0.451413 
2.026375 
0.085859 
0.124291 
0.467224 
0.824393 
0.091763 
1.152916 
0.500409 
0.090696 
1.051414 
0.440197 
1.291268 
0.262708 
0.464606 
1.328796 
0.343233 
0.169885 
0.010672 
0.194586 
0.726291 
0.257071 
0.125401 
0.075334 
0.590441 
0.652038 
0.111337 
0.215902 
0.456663 
0.165234 
0.194561 
0.129527 
1.043594 
0.913114 
0.260144 
0.623916 
0.353877 
0.126890 
0.277741 
0.329643 
0.264600 
0.019367 
0.783923 
0.045105 
2.661983 
0.394900 
1.268172 
0.103979 
0.656464 
0.863565 
0.062475 
0.734344 
1.266775 
0.430444 
0.024144 
1.399714 
0.588527 
0.539598 
0.602052 
0.039841 
0.351642 
0.115149 
1.748026 
0.382033 
0.081728 
0.053595 
0.334691 
0.170336 
0.595623 
0.712523 
0.394445 
0.165512 
0.177429 
0.077223 
1.450663 
0.210298 
0.208560 
0.514362 
0.244107 
0.662030 
0.598476 
0.163036 
1.205821 
1.012514 
0.827335 
0.996009 
0.025811 
0.317374 
0.277045 
0.031736 
0.100224 
0.696363 
3.245430 
0.266691 
2.604860 
0.772883 
0.003015 
0.639389 
0.476556 
0.146607 
1.161005 
3.833367 
0.639399 
0.619660 
0.123364 
0.087300 
0.595625 
0.741997 
0.193304 
0.327648 
0.972475 
0.544327 
0.298938 
1.118766 
0.645249 
0.823636 
0.956413 
0.274257 
0.186679 
0.650454 
0.138447 
0.220933 
0.440489 
1.025469 
0.271786 
1.798559 
0.862336 
2.995950 
0.162107 
0.888897 
0.455890 
0.049349 
0.544104 
1.235591 
1.747591 
1.068330 
0.374382 
0.233720 
0.219602 
0.324974 
2.938358 
0.407242 
0.019539 
0.383456 
0.223671 
0.021782 
0.113242 
0.106735 
0.239548 
0.378506 
0.294265 
0.232710 
1.598641 
0.150100 
0.163685 
1.276138 
0.334620 
0.071899 
0.184043 
0.981581 
0.080573 
0.317606 
0.161164 
0.264616 
0.215926 
0.017998 
1.772904 
0.243140 
0.358480 
1.356081 
0.229857 
0.010599 
0.161062 
0.083110 
0.230796 
0.072982 
0.481459 
0.161465 
1.259200 
0.094343 
0.614082 
0.243204 
0.618058 
0.131610 
0.282930 
0.248317 
0.680361 
0.025015 
0.705793 
1.142255 
0.095019 
0.019515 
1.020229 
3.985613 
0.326078 
0.066006 
1.363633 
0.910288 
0.126206 
0.628990 
0.343558 
0.325259 
0.668892 
1.436352 
0.001038 
0.454555 
0.414552 
1.019263 
0.073338 
0.433076 
0.066607 
0.134813 
0.112316 
0.294944 
0.043359 
1.121553 
0.475286 
0.045455 
0.146182 
0.319719 
0.220347 
0.026839 
0.317993 
0.655701 
0.563054 
0.073255 
0.324256 
0.123409 
0.100970 
0.562845 
1.019441 
0.009284 
0.300261 
0.448884 
0.277179 
0.335303 
0.084649 
0.249882 
1.509700 
0.129695 
0.642547 
1.444238 
0.482517 
0.478042 
0.038795 
0.507053 
0.779517 
0.734738 
0.077154 
0.125955 
1.267920 
0.231194 
0.908744 
0.885784 
1.044108 
0.194959 
0.249671 
2.284102 
1.418826 
0.522886 
0.106250 
0.933652 
0.681238 
1.553079 
0.307341 
0.030053 
0.665188 
1.112671 
0.365654 
0.444563 
0.615575 
0.244198 
0.290911 
0.092566 
0.336636 
0.568034 
0.427126 
0.244435 
1.139657 
0.351274 
0.311418 
0.963126 
1.892848 
0.428563 
0.111161 
0.103008 
0.352118 
0.630743 
0.561656 
0.867298 
0.589374 
0.397823 
0.308166 
0.001647 
1.114061 
0.366728 
2.066320 
0.551019 
0.814815 
0.080322 
0.107628 
0.474938 
0.609252 
0.463936 
0.133767 
0.344237 
0.149443 
0.756898 
0.357354 
0.318046 
0.478223 
0.261520 
1.128218 
0.860656 
1.241573 
1.044537 
0.265243 
0.747507 
0.708220 
0.743696 
0.011922 
0.143694 
2.373830 
0.211051 
0.220600 
2.714301 
0.092412 
0.661276 
0.591881 
0.781497 
0.778330 
0.675457 
0.871955 
0.008104 
0.180274 
2.262095 
0.547083 
0.451679 
0.399025 
1.083819 
0.683103 
0.604525 
0.307784 
0.467265 
0.188398 
0.211097 
0.158474 
1.334647 
1.274310 
0.336537 
0.016602 
0.233313 
0.426753 
0.121295 
0.146615 
0.034616 
0.765876 
1.024529 
0.629294 
0.325739 
0.474440 
0.202251 
0.702118 
0.069896 
0.655600 
0.647607 
0.139590 
0.021228 
1.872470 
0.597958 
1.279013 
1.034020 
1.338053 
1.860330 
0.008892 
0.290736 
0.056654 
0.979351 
0.041033 
0.101879 
0.316431 
0.660439 
1.170896 
0.029069 
0.005151 
0.057976 
2.219514 
0.309475 
0.053859 
0.219597 
0.224664 
0.273334 
0.773143 
4.651928 
0.658340 
0.213542 
1.046112 
2.878153 
0.055806 
1.084834 
0.199298 
1.080552 
1.005185 
2.691258 
0.321230 
0.214612 
0.014800 
0.249571 
0.067220 
0.963260 
0.729381 
2.958083 
0.207175 
1.121032 
0.242650 
0.132938 
0.566729 
0.212721 
0.446120 
0.411956 
0.068707 
0.480669 
0.187288 
0.211130 
1.239207 
0.538139 
2.017367 
0.944498 
0.523268 
0.608491 
1.011558 
1.130726 
0.211015 
0.524178 
0.227433 
0.093078 
1.346794 
0.467653 
0.191981 
0.166264 
0.337382 
0.590489 
0.112600 
0.042371 
0.658783 
0.336638 
0.631396 
3.113650 
0.121735 
0.330557 
0.159039 
0.131178 
0.435748 
0.483688 
0.178360 
0.763896 
0.299933 
1.420502 
1.315895 
0.270975 
0.270243 
0.118737 
0.843512 
0.621833 
0.985261 
1.496840 
0.449521 
1.146282 
0.607638 
0.100898 
1.272946 
1.754830 
0.336306 
0.221787 
0.153663 
0.746289 
1.460814 
1.023719 
0.524942 
0.176063 
0.186899 
0.148881 
0.215910 
0.709448 
0.162852 
1.253876 
0.074697 
0.657547 
1.330778 
0.273263 
0.364389 
0.077753 
0.115246 
0.136932 
0.078003 
0.305152 
1.621925 
0.428619 
1.634597 
0.273045 
0.487741 
1.664093 
0.710511 
0.234798 
1.891660 
0.093711 
0.206190 
0.045426 
0.378376 
0.349689 
0.384360 
0.846923 
1.107534 
0.108154 
0.023989 
0.634353 
0.991208 
0.625737 
0.340256 
0.771871 
0.146406 
0.296105 
0.072100 
0.238123 
0.290362 
0.535061 
0.625038 
0.460896 
0.627205 
1.369000 
1.231664 
0.078261 
1.133654 
0.461492 
0.319827 
0.060584 
0.116006 
0.010443 
1.246509 
1.369863 
0.201510 
0.755202 
0.026512 
0.434674 
1.532118 
0.701381 
0.741063 
0.720349 
0.673940 
4.219872 
1.079146 
0.297668 
0.015042 
0.045113 
0.127896 
0.361286 
0.232635 
0.402677 
0.512847 
0.186530 
0.487149 
0.497217 
0.059438 
0.671928 
0.669953 
0.594626 
0.248440 
2.443725 
1.326417 
0.209750 
0.265516 
0.654816 
0.222015 
0.700340 
0.673056 
1.846411 
1.224720 
0.355222 
0.138702 
0.021431 
0.448025 
1.560596 
0.723877 
0.161978 
2.978836 
0.100814 
1.165566 
0.054588 
0.159377 
0.467830 
0.487414 
1.172192 
0.073981 
0.688403 
1.180622 
1.004783 
1.370364 
0.687058 
1.485173 
2.364824 
0.664666 
0.017434 
0.262280 
0.770917 
1.188245 
2.540817 
0.325268 
0.983536 
0.636746 
0.015191 
0.141681 
1.761073 
0.376332 
0.781821 
0.119697 
0.067274 
0.116671 
0.481910 
1.444007 
2.652420 
0.377630 
0.162366 
0.290027 
0.807477 
0.181192 
0.152273 
0.104262 
0.327278 
0.810130 
0.353720 
0.808231 
0.754111 
0.298614 
0.197550 
0.190056 
0.488962 
0.097378 
0.076770 
0.559796 
0.200744 
0.122767 
0.225330 
0.247312 
1.252639 
1.397346 
0.232691 
0.504715 
0.384172 
1.936639 
0.077081 
0.268603 
0.532415 
0.098741 
0.010646 
0.483439 
0.085365 
0.005250 
1.343444 
0.904095 
0.195180 
1.217301 
0.871969 
0.063512 
0.166339 
0.031322 
2.174170 
0.136398 
0.045003 
0.213592 
1.013472 
0.623732 
0.589992 
2.069256 
0.075497 
0.743297 
0.939864 
1.127065 
1.406064 
0.310597 
3.033940 
0.875446 
0.589187 
0.439073 
0.693596 
0.764085 
1.194854 
2.093456 
0.272811 
0.255645 
1.227070 
1.062898 
0.027743 
0.003635 
0.148172 
0.537392 
0.318648 
0.474262 
0.012042 
0.477646 
0.033272 
0.506257 
0.080426 
0.831210 
1.278847 
0.196789 
0.823666 
0.009027 
0.131362 
0.785766 
1.785900 
0.383569 
0.001305 
0.088698 
1.705290 
0.155254 
0.539632 
0.014720 
0.074810 
0.406200 
0.088811 
0.700023 
1.532198 
1.184125 
0.183661 
1.135192 
1.714753 
0.054561 
0.464420 
0.380704 
0.207219 
0.778105 
1.918547 
0.383103 
0.045162 
0.406639 
0.321811 
1.365820 
1.793612 
0.033455 
0.418820 
1.011645 
0.207816 
0.715243 
0.525814 
0.362632 
0.060106 
1.305252 
0.388677 
0.588003 
0.055173 
0.334642 
0.377128 
0.716992 
0.296796 
0.010463 
0.321672 
0.553157 
0.605652 
1.489709 
0.268533 
0.236371 
0.008112 
0.422944 
0.284317 
0.904450 
0.370212 
0.076716 
0.179372 
0.013775 
1.095307 
0.220881 
0.413275 
0.892805 
0.085347 
0.495932 
0.226132 
1.470871 
0.726167 
0.229840 
0.691275 
0.192065 
1.884195 
0.382781 
0.196439 
0.559378 
0.653244 
0.447260 
0.760497 
0.932279 
0.602509 
0.850349 
0.002815 
2.476012 
0.074561 
0.174524 
0.713101 
0.306734 
0.882940 
0.776087 
0.490754 
0.297660 
1.374707 
0.867887 
0.389008 
0.409736 
0.517634 
0.147578 
0.328113 
0.297430 
1.585226 
0.403127 
0.033580 
1.128923 
0.779115 
0.620422 
0.882705 
0.158421 
0.815194 
1.073766 
0.661824 
0.757536 
0.400839 
0.046295 
0.276284 
0.392654 
0.033402 
0.043332 
0.090970 
0.422987 
2.155572 
0.707555 
0.003816 
0.268079 
0.081581 
0.334097 
0.622747 
1.247033 
0.727119 
0.158975 
0.977503 
0.026143 
0.356347 
0.798769 
0.662858 
0.215315 
1.653349 
0.209787 
0.061671 
0.052208 
0.219177 
0.038670 
0.168630 
0.118969 
0.111504 
0.165251 
0.611698 
0.215957 
0.596472 
0.408776 
1.529084 
0.161031 
0.363533 
1.898722 
0.167356 
1.252433 
0.134356 
0.982909 
0.197301 
0.132026 
1.150602 
0.142859 
0.230774 
0.689489 
0.395444 
0.986521 
0.662693 
0.886645 
0.204036 
0.787446 
0.498888 
0.485320 
0.734549 
0.494036 
2.241373 
0.562936 
1.015112 
0.015910 
0.111071 
0.024978 
0.655842 
1.654513 
0.218032 
0.479476 
0.146416 
0.569351 
1.043959 
0.483167 
0.756481 
0.105674 
0.055021 
0.408320 
0.322911 
0.028341 
0.177739 
0.641368 
0.538635 
0.607597 
0.792870 
0.034321 
0.955027 
0.477691 
0.566056 
1.933655 
1.517700 
0.740183 
0.490709 
1.072378 
0.178880 
0.681232 
1.208234 
0.722910 
0.098134 
0.267728 
0.889435 
1.619066 
0.203536 
0.620664 
0.126042 
1.203197 
0.071443 
0.874713 
1.329743 
0.191400 
0.196368 
0.104611 
0.801026 
0.165147 
0.305289 
0.192677 
0.456452 
0.383568 
2.544896 
2.468833 
0.013749 
0.090122 
0.932790 
0.601107 
0.262542 
0.433383 
0.212133 
1.126282 
0.549317 
0.651930 
0.098365 
1.788745 
0.297747 
0.297314 
1.702077 
0.084195 
0.095039 
0.428109 
1.432256 
0.793838 
0.164439 
0.087682 
0.005811 
0.777279 
0.647248 
0.933949 
0.322989 
0.251553 
0.016432 
0.605711 
0.434303 
1.170139 
0.052837 
0.750498 
0.592779 
0.065301 
1.788684 
0.221423 
0.077966 
0.386544 
0.084294 
0.510980 
1.698077 
0.807274 
0.931437 
0.707653 
1.137991 
0.487295 
0.291213 
0.293870 
0.406532 
1.328465 
0.353754 
0.188173 
0.591428 
3.028076 
0.926506 
0.551893 
0.445505 
0.182192 
0.106247 
0.785498 
1.666290 
0.323228 
0.195406 
0.399574 
0.937872 
0.207035 
0.030098 
1.260957 
0.035982 
0.276699 
1.265686 
1.307138 
0.255434 
2.217303 
1.679038 
0.807877 
0.106306 
0.083360 
0.402371 
0.106144 
0.197817 
0.762499 
0.386534 
2.498668 
0.611319 
0.376559 
0.092642 
0.186402 
1.416869 
0.466120 
0.402788 
0.117124 
0.095606 
0.181859 
0.118945 
0.560969 
0.137958 
0.204660 
0.226458 
0.164637 
0.313393 
1.547805 
0.476693 
1.926802 
0.427844 
0.171453 
0.362544 
0.768616 
0.054549 
0.166744 
0.773388 
1.280518 
0.764293 
0.406579 
0.480548 
0.834780 
0.641213 
0.069401 
0.096535 
0.808281 
0.054048 
0.138144 
0.384787 
0.058220 
0.196859 
0.122178 
0.674071 
0.123447 
0.034678 
0.284671 
0.006302 
0.487915 
0.072327 
0.031139 
0.028620 
1.049464 
0.104372 
0.032018 
0.874726 
2.257750 
1.478103 
0.593823 
2.678747 
0.630930 
0.339126 
0.585589 
0.614595 
0.405846 
0.041281 
0.852419 
1.650681 
0.667784 
0.810657 
0.171147 
1.671201 
0.692080 
0.277388 
0.103306 
0.519284 
0.781813 
0.077456 
0.799804 
0.196296 
0.688783 
0.153850 
0.970044 
0.172346 
0.374511 
0.190191 
0.257017 
0.125305 
1.394541 
1.039488 
0.863223 
1.106467 
0.423327 
0.724942 
0.076826 
2.945002 
0.926252 
0.061495 
0.496662 
0.206220 
0.677205 
0.524220 
0.966952 
0.128472 
0.666471 
0.663825 
0.179856 
0.133500 
0.290366 
0.643183 
0.004907 
0.143960 
1.595618 
0.383466 
0.368401 
0.461580 
0.492336 
2.448908 
0.154504 
0.111384 
0.317876 
0.766355 
0.467923 
0.834593 
0.271943 
0.897352 
0.469250 
1.115900 
0.277849 
0.260313 
0.805495 
1.223397 
0.754822 
0.021010 
2.229373 
1.255381 
0.155039 
1.313423 
0.894495 
0.750162 
1.825866 
1.031944 
0.581308 
0.195830 
0.115320 
1.604205 
0.763877 
0.171142 
1.079454 
0.961267 
0.534139 
0.028595 
0.085883 
0.862382 
0.206852 
0.265826 
0.209163 
0.596697 
1.075943 
0.719554 
4.254312 
0.519825 
0.081955 
0.763459 
2.596852 
1.799886 
0.483658 
1.296253 
0.138187 
0.358257 
0.336432 
0.240386 
0.265432 
0.094977 
0.016051 
0.052578 
1.889306 
0.325461 
2.406350 
0.327997 
0.416084 
0.299027 
0.289896 
0.374097 
0.013930 
0.099323 
0.020664 
0.353779 
0.642817 
0.409164 
0.358415 
1.314544 
0.150760 
0.987300 
1.077791 
0.126539 
0.215371 
0.030788 
0.483005 
0.669173 
0.401594 
2.276027 
0.052411 
0.569451 
1.404088 
0.136360 
0.130733 
0.279623 
1.153765 
3.339710 
0.409108 
0.625218 
0.227293 
0.339790 
0.187115 
0.719311 
1.750695 
0.298169 
0.611264 
1.528341 
0.623383 
0.111268 
0.698466 
0.264630 
0.495300 
0.469908 
0.212758 
0.177455 
0.649628 
0.293018 
0.799139 
0.293670 
0.025294 
0.216153 
0.405638 
0.055108 
0.802876 
0.887038 
0.902402 
1.107758 
0.091631 
0.606045 
1.602933 
0.240600 
0.333873 
0.020816 
0.602235 
1.778344 
2.302961 
1.514156 
2.413008 
0.570768 
0.120751 
0.530759 
2.610937 
0.989604 
0.081976 
0.162025 
2.970144 
0.479598 
0.824755 
0.686967 
0.069909 
2.855260 
0.017648 
0.208716 
0.722173 
2.595483 
0.378745 
2.130583 
1.183965 
0.628459 
0.155182 
0.004878 
0.293874 
0.480483 
1.534888 
0.484887 
0.203838 
0.829888 
0.651735 
0.217384 
0.915862 
2.130420 
0.794518 
0.202066 
1.984771 
0.465594 
0.678279 
0.203327 
0.338256 
0.657501 
0.375853 
0.435267 
0.005218 
0.000397 
0.223863 
0.891860 
0.131279 
1.061608 
2.237165 
1.494572 
0.312614 
1.212967 
0.017413 
0.917709 
0.059048 
0.606289 
0.316033 
0.031154 
0.354408 
0.402892 
0.646682 
0.316158 
0.085721 
0.899465 
0.669845 
0.601781 
0.202151 
0.663965 
0.474373 
0.348602 
0.249944 
0.047735 
0.172969 
0.750601 
0.366225 
0.188500 
0.299852 
0.432648 
0.175063 
0.080550 
1.083964 
0.249373 
0.314147 
0.473392 
1.533842 
0.253049 
1.004567 
0.895096 
0.385577 
0.983493 
0.327043 
1.469481 
0.334489 
3.064352 
0.726488 
3.091657 
1.545500 
0.893727 
1.427711 
0.185044 
0.657178 
0.346595 
0.577987 
1.214819 
0.864297 
1.511527 
0.146094 
0.362400 
0.422105 
0.702541 
0.866144 
0.039861 
2.930887 
0.015935 
1.128402 
0.458890 
0.346179 
0.020820 
0.793472 
0.447425 
1.530322 
1.240079 
0.593774 
0.378734 
0.997980 
0.304290 
0.210454 
0.310078 
0.167535 
0.753618 
0.383314 
0.140977 
0.113415 
0.167016 
0.514343 
0.070860 
0.027385 
0.184963 
2.376370 
0.529946 
0.497969 
0.224547 
0.067932 
1.299804 
0.317102 
1.157180 
0.751287 
1.589562 
1.227548 
0.453798 
0.430568 
0.789610 
0.862940 
2.358527 
0.300825 
0.117825 
0.411800 
1.339331 
0.757490 
0.083328 
0.735891 
0.491100 
0.695008 
0.079563 
0.199798 
4.002286 
2.069701 
0.409488 
0.035370 
1.750338 
1.214826 
0.941301 
0.109133 
0.147629 
0.486895 
0.300451 
0.936573 
0.798923 
0.960140 
0.202863 
0.044138 
0.347706 
0.125731 
0.754559 
1.697547 
1.337165 
0.243688 
0.915153 
0.693504 
1.455887 
2.169970 
0.126209 
0.735978 
0.187808 
0.046526 
0.350772 
0.426793 
0.810736 
1.017501 
0.117488 
0.616296 
0.499245 
1.609855 
0.200427 
0.838081 
0.348485 
0.412463 
0.204705 
0.152390 
0.765623 
1.152271 
2.017383 
0.990838 
0.695086 
0.970691 
0.985304 
0.096364 
0.561967 
0.120383 
0.042486 
0.785871 
0.806369 
0.151067 
0.513841 
0.085638 
0.811833 
0.755765 
0.408978 
0.941213 
0.638186 
1.712005 
0.946285 
1.081542 
0.238847 
0.107428 
0.938283 
0.683976 
0.355440 
0.563357 
0.343260 
0.666356 
0.565629 
0.214352 
1.313613 
0.267231 
0.895713 
0.239567 
1.054735 
0.300145 
0.461956 
0.375344 
1.109988 
1.086466 
0.651191 
0.114924 
0.650903 
0.358742 
1.815327 
0.066196 
0.827602 
0.679757 
0.553924 
0.123563 
0.779056 
0.135225 
0.427080 
0.734296 
0.404233 
1.754516 
2.251642 
0.067938 
0.022652 
0.018876 
0.132585 
0.527714 
0.567629 
0.072521 
1.768002 
0.292098 
0.895452 
0.711940 
0.439791 
0.294643 
1.169060 
1.114364 
0.854570 
0.262019 
2.203139 
0.317620 
0.377934 
0.995979 
1.266870 
1.060884 
0.484093 
0.246566 
1.365567 
0.161266 
0.495222 
0.535649 
0.318350 
0.545428 
1.175932 
0.680005 
1.107073 
0.100343 
0.489295 
0.204359 
0.162795 
0.625065 
0.979515 
1.855756 
0.328191 
0.659454 
0.690463 
0.064953 
0.049228 
0.318366 
1.183749 
1.033590 
0.877779 
0.656673 
0.749555 
0.065413 
0.964153 
0.666132 
0.477982 
0.213424 
0.403164 
0.524164 
0.097755 
0.158600 
0.631485 
1.173778 
0.213845 
1.079162 
0.372821 
0.760274 
0.026499 
0.102625 
0.211470 
0.640430 
0.505293 
0.369556 
0.088292 
2.140114 
0.091143 
0.819565 
3.440368 
0.664222 
1.532208 
1.288243 
0.671298 
1.532768 
0.046247 
0.072555 
0.990739 
0.106686 
0.118782 
1.005098 
0.455796 
1.105209 
0.007344 
1.488437 
0.365451 
0.319004 
0.362789 
0.418611 
1.323316 
1.751780 
2.462997 
0.384137 
0.346785 
0.596698 
1.117103 
0.460945 
0.202617 
0.068318 
0.665213 
0.048616 
0.281810 
0.504328 
0.897282 
0.070078 
0.191117 
0.346207 
0.381782 
0.291517 
0.661254 
0.333681 
1.524204 
0.908929 
1.401865 
0.240434 
0.200884 
0.024411 
0.119636 
0.718908 
0.484616 
1.361889 
1.137397 
0.063669 
0.188534 
0.066049 
0.005677 
1.835588 
0.181605 
1.194431 
0.281385 
0.035230 
0.136599 
0.545958 
1.110687 
1.211026 
1.690435 
0.324670 
2.825471 
0.091387 
0.702181 
0.623555 
1.249433 
1.758851 
0.182136 
2.677529 
0.198963 
0.026346 
0.003902 
0.877317 
0.706493 
1.264979 
0.446640 
0.349262 
0.812787 
0.513420 
0.070708 
0.140448 
0.208912 
0.582893 
0.079752 
2.662050 
0.419595 
0.650189 
0.700696 
0.869596 
0.619977 
0.253268 
1.279250 
0.538176 
0.292450 
1.283519 
0.362802 
0.722085 
0.168452 
0.265118 
0.352083 
0.065389 
0.131619 
0.533077 
0.942034 
0.301620 
0.904758 
0.260866 
1.281855 
0.040467 
0.075895 
0.731427 
1.326673 
0.043056 
1.055807 
0.418033 
0.894142 
0.424391 
0.386646 
0.600571 
1.103828 
1.922643 
2.253966 
0.488933 
0.900097 
0.529326 
0.275822 
0.163996 
0.527822 
1.227236 
0.326688 
0.062008 
0.788275 
0.894503 
0.871714 
0.345575 
0.373651 
0.195204 
0.275129 
1.136353 
0.863767 
0.334294 
1.074308 
0.114092 
0.093314 
0.574310 
0.318480 
0.856973 
0.312021 
1.533960 
0.541002 
0.624619 
0.303435 
0.801915 
0.826429 
0.363578 
0.617445 
0.043800 
0.415071 
0.081904 
0.353216 
1.130659 
0.012268 
1.124296 
0.135646 
0.035079 
0.101861 
3.687429 
0.472356 
0.667422 
0.318493 
2.146074 
0.593648 
0.101004 
0.324311 
0.061483 
0.181756 
0.014922 
0.817866 
1.426339 
0.921181 
1.459094 
0.708715 
1.963095 
0.911968 
0.305219 
0.052738 
0.081502 
0.373540 
0.553436 
0.819083 
0.499200 
0.280228 
0.516909 
0.569474 
0.107064 
0.104678 
0.257577 
0.419206 
0.151070 
0.630218 
0.383428 
1.439097 
1.076053 
0.141732 
0.070347 
0.040365 
0.297340 
0.284591 
0.525859 
2.363633 
0.035761 
0.361762 
0.671667 
0.205587 
1.974191 
0.015125 
0.281293 
0.340039 
0.171474 
1.375341 
0.440697 
0.608147 
0.238682 
0.020692 
0.142711 
0.008810 
0.056183 
0.579407 
0.024187 
0.049191 
0.364667 
0.294702 
1.255078 
0.133026 
0.571826 
0.595802 
0.481742 
0.952091 
1.673706 
1.267263 
0.089855 
0.182296 
0.245780 
0.085439 
1.094395 
0.168776 
0.206084 
1.943328 
0.157497 
0.574401 
0.296567 
0.043028 
0.045202 
0.475008 
0.445986 
0.706840 
1.168916 
0.196960 
0.158800 
0.006429 
0.096535 
0.804658 
0.893276 
0.054145 
0.815712 
0.458817 
0.399435 
0.888322 
1.407939 
0.235853 
0.074419 
0.676601 
0.080370 
0.272189 
0.132355 
0.262465 
0.066976 
0.542495 
0.574770 
0.272312 
0.305832 
0.386979 
0.489500 
1.078164 
1.370627 
0.324856 
0.031146 
0.159115 
1.174289 
0.208322 
1.043576 
0.710414 
0.408303 
0.122116 
0.172890 
0.021277 
0.205647 
0.104877 
0.057588 
1.805819 
0.430028 
0.233162 
0.560061 
0.139171 
0.558356 
0.286932 
0.695505 
0.385678 
0.220546 
1.551903 
2.951559 
0.032866 
0.611010 
0.255102 
1.107247 
1.457783 
0.464939 
0.137998 
0.114268 
0.194204 
1.252626 
1.165593 
0.127540 
0.219504 
0.395413 
0.258028 
0.930396 
0.507494 
0.029701 
0.078104 
1.532790 
0.076321 
0.276424 
2.116506 
1.360550 
0.035757 
0.233951 
0.788232 
0.364782 
0.103972 
0.411032 
0.001438 
1.428417 
0.034533 
0.386925 
0.859742 
1.006791 
0.212678 
0.662336 
0.383237 
0.040948 
1.418047 
0.518560 
0.111735 
0.714291 
0.435463 
0.668499 
0.215203 
0.778781 
0.071207 
0.955419 
0.867860 
0.217716 
0.243331 
0.032776 
0.139611 
0.403203 
0.092781 
0.657161 
0.200056 
0.160394 
0.625955 
0.530753 
1.510817 
0.630336 
0.579838 
0.601771 
0.118499 
0.144966 
0.257565 
0.191586 
0.062437 
0.748198 
0.160864 
1.103751 
0.577123 
0.573579 
0.471423 
0.803154 
0.975372 
0.347134 
0.103804 
0.382570 
0.090220 
0.121340 
0.187023 
0.919594 
0.315409 
0.606208 
0.525345 
2.071388 
1.636828 
0.247145 
0.827047 
0.938311 
1.099893 
0.609792 
0.014481 
0.397078 
0.537745 
0.354903 
0.152913 
0.155705 
0.360782 
0.469465 
0.548549 
0.023121 
1.266187 
0.486584 
0.423606 
0.509629 
0.789074 
0.853128 
0.702801 
0.016908 
1.007438 
0.609670 
0.908325 
0.142729 
0.311379 
0.091562 
1.914723 
0.167988 
0.325252 
0.480115 
0.199925 
0.519790 
0.726779 
0.317270 
0.604646 
0.607824 
0.026381 
1.628179 
1.144312 
0.526231 
0.230277 
0.076897 
0.881193 
0.507701 
0.461949 
0.279295 
0.030437 
0.041915 
0.524226 
1.246704 
0.502363 
1.691265 
0.863210 
0.839563 
0.588389 
0.095675 
1.737162 
0.241864 
0.258037 
1.962219 
1.301829 
0.889992 
0.351404 
0.350532 
0.807059 
0.153416 
0.207364 
0.599128 
2.111546 
2.145403 
0.082511 
0.398970 
0.024707 
0.198894 
0.610777 
3.085046 
1.516564 
0.163984 
0.235350 
0.430155 
0.041814 
1.354075 
0.506129 
0.515015 
0.074430 
2.092431 
0.444737 
2.438863 
0.679815 
0.084870 
0.938128 
0.900990 
0.078700 
0.960132 
0.166459 
0.578994 
0.578712 
0.563571 
0.909014 
0.326538 
0.597969 
0.002602 
1.976415 
0.171368 
0.606446 
0.011873 
1.105291 
0.272569 
0.007625 
1.026714 
0.541835 
0.080234 
2.115884 
0.310714 
1.848696 
0.744131 
0.447508 
0.022770 
0.201845 
0.393893 
0.114555 
0.003685 
0.604208 
0.104739 
1.001730 
0.014487 
0.642257 
0.084288 
0.346316 
0.137946 
0.010580 
0.686875 
0.204279 
0.605723 
0.608149 
0.255158 
1.277038 
0.278387 
1.530863 
0.016942 
0.798474 
0.410050 
0.032970 
0.351634 
0.031558 
0.248483 
0.925009 
0.766518 
0.983058 
0.053022 
0.454198 
0.949983 
1.879019 
0.302583 
0.140105 
0.537328 
0.667024 
0.843697 
1.445269 
0.058682 
0.125533 
0.108407 
0.014325 
0.103971 
0.369974 
0.417350 
0.127212 
0.867224 
0.092351 
0.118789 
2.246184 
0.656496 
0.038178 
0.066581 
0.483733 
1.036093 
0.072585 
0.478622 
0.321408 
0.175645 
0.346934 
2.533565 
0.573755 
0.343681 
0.278552 
1.147862 
0.051601 
0.403460 
1.082493 
0.639078 
0.484622 
1.983272 
0.040697 
0.150482 
0.683555 
0.689599 
0.362377 
0.099759 
0.424190 
0.685505 
0.058007 
0.868782 
0.243656 
0.117026 
1.172203 
0.102661 
0.097780 
1.088908 
0.670009 
0.089790 
0.675319 
0.425622 
0.471565 
0.475105 
0.858764 
0.234517 
0.495245 
1.200173 
1.242007 
0.242144 
0.615737 
2.013516 
0.128212 
0.751850 
0.323162 
0.121829 
0.532837 
0.018401 
0.050567 
0.385764 
0.502429 
0.798698 
0.094121 
0.159821 
0.137493 
0.904534 
2.327729 
1.172947 
0.041355 
0.767936 
1.019655 
0.060684 
0.781772 
0.991754 
0.474618 
0.485900 
1.952699 
0.038530 
0.421371 
0.378469 
1.104201 
0.533676 
0.714541 
0.604020 
0.166316 
0.479680 
0.920280 
0.438028 
0.442573 
1.520577 
1.885377 
1.149265 
0.916001 
0.981834 
0.400089 
0.161019 
0.136337 
0.688568 
0.230041 
0.499143 
0.681038 
0.078649 
0.434497 
0.428346 
0.118484 
1.268918 
0.599313 
1.276944 
0.043187 
0.206631 
1.566538 
0.644402 
0.653531 
0.154847 
0.683494 
0.086891 
0.503651 
0.507296 
0.628969 
0.160074 
0.722144 
0.790243 
0.406042 
1.222002 
0.742290 
0.621238 
1.361572 
1.838424 
1.142522 
0.167114 
0.671543 
0.102582 
0.188874 
0.091546 
0.506703 
0.418237 
0.609653 
0.554905 
0.071319 
0.614071 
0.154306 
1.014289 
1.032789 
0.991650 
4.143666 
0.014886 
0.828962 
0.130209 
0.317815 
0.728709 
0.329018 
0.111864 
0.810033 
0.810695 
0.441967 
0.832009 
0.344052 
0.188299 
0.161690 
0.839650 
0.157486 
0.274867 
0.119053 
0.079476 
0.080094 
0.399207 
0.382819 
1.103332 
0.906561 
0.326871 
0.062139 
0.055978 
0.212695 
0.003913 
0.062111 
0.280567 
0.540749 
0.860936 
0.783465 
0.566062 
0.021903 
0.417591 
0.520933 
0.125781 
1.216077 
0.243144 
0.441278 
0.376709 
0.299777 
0.160217 
0.992270 
0.199995 
3.047050 
1.583071 
0.216085 
0.103631 
0.256522 
0.042662 
0.304411 
0.262283 
0.925363 
1.038901 
1.324820 
0.396581 
0.270516 
0.067418 
1.045025 
0.769627 
1.382114 
0.109846 
0.059077 
0.276224 
0.309981 
0.563817 
0.393815 
0.020976 
0.021623 
0.962041 
1.441146 
1.493443 
1.144604 
0.900422 
0.547120 
1.762022 
1.071628 
0.915889 
0.085710 
0.430877 
2.625693 
0.900455 
0.981689 
0.724631 
0.440969 
0.212065 
0.393105 
0.627674 
0.432886 
0.421116 
1.435949 
3.201349 
0.023559 
1.273497 
0.845261 
0.485513 
0.080156 
0.030818 
0.259881 
1.036532 
0.189498 
0.026408 
0.675554 
0.616487 
0.389938 
0.125533 
0.103924 
0.251302 
0.268542 
0.409655 
0.334589 
0.567859 
0.566021 
0.519753 
0.188091 
1.678377 
0.621331 
0.998703 
0.127114 
0.434934 
0.374462 
0.444086 
0.172521 
0.114781 
0.216697 
0.158451 
0.306549 
0.618016 
0.897231 
0.927352 
0.564297 
0.805088 
1.432564 
0.423369 
0.198759 
1.327547 
0.700829 
1.520770 
0.278008 
0.126035 
0.765675 
0.178424 
0.052851 
0.038922 
1.839969 
0.961415 
0.323545 
0.397320 
0.063693 
1.309209 
0.888369 
0.134963 
0.520763 
0.118016 
2.139598 
0.822656 
1.284649 
0.068674 
0.746775 
1.002871 
1.962845 
0.446330 
0.213494 
1.245658 
2.046752 
0.445656 
0.204894 
0.016301 
0.004499 
0.683480 
0.011806 
2.296497 
0.122515 
0.406319 
1.092941 
0.848817 
0.651025 
0.552788 
0.437923 
0.063430 
0.102167 
0.223297 
0.768792 
0.352277 
0.088871 
0.121792 
0.790051 
0.038321 
1.712271 
0.143131 
0.314019 
0.305096 
2.483248 
0.132599 
1.441668 
0.142106 
0.379299 
0.189833 
2.019712 
2.328275 
0.105238 
0.707941 
0.233238 
0.038118 
0.418125 
0.045374 
0.064727 
0.216628 
1.257932 
1.197681 
0.500610 
0.532223 
1.637489 
0.428488 
0.083559 
0.318695 
0.233842 
0.629327 
0.814769 
0.931681 
0.082723 
0.803360 
0.222109 
0.444341 
0.646445 
0.098113 
1.209944 
2.270588 
0.944169 
0.699037 
0.245395 
1.423649 
1.680456 
0.054329 
0.446770 
0.118077 
0.290252 
0.668460 
1.794411 
0.091759 
0.830718 
0.358401 
0.646450 
0.136485 
0.023049 
1.473797 
0.513950 
0.339343 
0.068229 
0.326929 
0.028631 
0.085145 
0.531449 
2.339291 
0.111580 
0.027062 
0.399615 
0.280285 
0.544733 
3.260666 
0.071033 
0.318701 
0.336302 
0.169490 
0.489766 
0.085737 
0.112103 
0.263721 
0.007799 
0.693257 
0.803068 
0.120440 
0.285699 
0.036915 
0.251684 
0.375021 
2.265869 
1.504361 
0.275617 
0.517351 
1.156299 
0.122434 
0.565254 
0.139957 
0.200529 
1.102841 
0.580951 
0.394083 
1.798370 
0.423269 
1.321363 
0.020197 
0.568042 
0.539609 
0.854498 
1.246628 
0.221941 
0.174645 
0.187844 
1.046599 
0.252932 
0.612650 
1.440067 
0.167592 
1.668995 
2.454041 
0.437952 
0.414519 
0.260232 
0.190697 
0.897058 
0.745084 
0.144690 
0.129118 
0.379014 
0.008632 
0.069356 
4.305538 
0.567852 
0.461240 
0.085626 
0.346261 
0.249185 
1.380460 
0.599966 
0.557581 
0.957350 
0.609184 
1.162921 
0.562811 
0.352108 
0.412606 
0.224479 
0.870275 
0.050184 
0.370372 
0.473461 
0.947327 
0.971991 
1.770231 
0.479678 
0.847495 
0.754851 
0.180310 
0.758796 
0.323200 
0.971619 
1.414003 
0.084647 
0.204819 
0.422915 
2.251830 
0.151600 
0.244319 
0.653419 
0.116365 
0.303277 
0.029304 
0.274815 
0.176343 
0.130085 
0.515116 
0.231535 
0.244208 
0.506772 
0.249871 
0.737829 
0.302835 
0.423987 
1.214260 
0.792295 
0.901143 
0.040585 
0.166890 
1.239977 
0.194814 
0.285970 
0.992172 
0.868626 
0.225800 
0.371180 
1.086425 
0.389636 
0.830353 
1.447440 
0.326613 
1.199973 
0.082114 
0.647690 
0.000587 
0.753555 
2.424671 
0.080384 
0.753598 
0.232165 
0.365536 
0.743491 
0.268884 
0.668044 
0.083076 
0.380279 
1.742464 
0.169977 
2.089116 
0.946754 
0.442164 
0.312223 
0.228501 
1.020765 
0.731284 
0.744059 
1.751645 
0.915245 
0.169166 
0.600717 
0.249604 
0.786742 
0.199922 
0.445338 
0.016545 
0.818946 
0.531175 
0.972335 
1.064364 
1.585827 
0.637500 
0.227909 
0.277335 
0.134541 
0.006789 
0.187966 
0.258674 
0.666404 
0.033504 
0.991795 
0.866985 
0.506627 
0.525520 
0.015229 
0.177644 
0.630169 
2.913828 
0.533674 
0.686331 
0.357379 
0.941728 
0.590827 
0.733795 
0.285971 
1.068556 
0.433269 
0.819227 
0.525855 
1.664045 
0.568591 
0.502105 
0.939122 
0.476171 
0.234137 
0.210795 
0.147694 
3.651797 
0.446556 
0.233932 
0.274316 
0.235823 
0.471083 
0.284710 
0.690864 
0.616079 
0.292140 
0.417168 
0.611453 
1.051199 
0.401559 
0.378657 
0.641881 
0.429986 
0.813600 
0.318693 
0.200804 
0.313561 
0.810209 
0.010141 
0.301614 
0.666441 
0.297287 
0.374458 
0.373665 
0.395742 
0.097677 
0.252557 
0.688591 
0.442553 
0.622292 
0.267745 
0.050127 
2.159027 
0.162036 
0.166170 
0.316839 
0.370396 
1.559532 
0.474996 
0.284991 
0.588028 
0.251909 
0.625735 
0.327007 
0.230249 
0.516165 
0.934681 
0.719130 
0.330217 
0.722181 
0.028236 
0.301574 
2.903872 
0.466179 
0.172155 
0.303848 
0.871447 
0.732670 
0.083034 
0.347349 
0.470524 
0.139814 
0.039463 
0.279149 
0.366158 
0.175582 
0.069071 
0.926172 
0.582507 
0.013558 
0.972116 
0.596690 
0.852854 
1.151442 
0.565330 
0.024734 
0.017392 
0.140348 
0.031396 
3.020494 
0.419471 
1.611849 
2.896028 
1.403522 
0.738716 
0.579647 
0.539815 
0.075795 
0.133004 
0.071514 
0.487571 
1.033157 
0.592243 
0.418376 
0.535334 
0.920956 
0.501030 
0.733784 
0.200520 
0.631476 
0.884059 
1.182942 
0.777929 
0.578623 
0.642345 
2.203858 
1.390693 
0.385999 
0.035304 
0.115675 
0.179609 
0.003305 
1.238201 
0.051866 
0.297255 
1.482291 
0.245540 
0.585967 
0.605961 
0.041222 
0.117787 
0.592602 
0.173292 
0.507792 
0.596695 
0.984502 
1.107523 
0.072784 
0.502765 
1.013650 
0.491069 
0.216758 
0.340495 
0.474395 
0.752810 
0.035644 
0.221773 
1.848751 
0.904943 
0.399550 
0.347832 
0.125980 
0.368963 
0.067436 
0.196719 
0.224571 
0.493051 
1.027585 
1.746579 
0.247925 
0.254030 
0.005180 
1.377506 
0.419243 
0.781106 
0.877957 
1.009619 
1.317659 
0.841931 
1.136596 
0.889156 
0.113427 
0.439932 
0.209216 
0.729781 
0.209182 
0.011576 
0.450577 
1.224071 
0.084727 
0.186730 
0.739731 
1.297505 
0.108291 
0.183109 
0.227167 
0.000045 
0.190660 
0.015291 
2.351413 
0.629444 
1.327851 
0.554168 
1.400971 
1.982552 
0.258489 
0.197797 
0.223001 
1.842420 
1.278511 
0.124365 
0.162200 
0.934207 
1.603412 
0.158397 
0.148372 
0.016683 
0.530450 
0.312692 
0.113841 
0.172164 
0.523887 
1.351243 
0.328787 
0.311620 
0.125150 
0.239432 
0.188382 
1.954115 
0.452199 
0.276121 
0.494895 
0.484346 
0.426108 
0.184224 
0.528835 
0.640492 
0.111736 
0.749932 
0.071618 
0.123619 
0.007556 
1.200698 
1.047522 
0.966194 
3.310185 
0.406789 
0.501384 
0.018381 
0.468579 
0.138891 
0.219326 
3.687928 
0.509588 
0.164610 
1.067452 
0.279186 
0.071828 
0.391661 
0.411824 
0.158245 
1.462921 
1.169980 
0.362207 
0.461893 
0.615265 
0.153599 
0.207117 
0.676128 
1.119410 
0.318163 
0.398462 
0.669385 
0.328915 
0.401975 
0.374061 
0.377452 
0.508618 
0.507185 
0.230933 
0.860962 
1.384553 
1.050851 
1.026350 
0.890175 
0.546417 
0.018500 
1.025318 
0.559330 
0.090554 
0.260360 
0.565177 
0.271913 
0.163568 
0.262229 
0.941200 
0.518092 
0.597943 
0.782285 
0.711222 
0.303448 
1.970933 
0.810493 
0.041690 
0.560065 
0.172332 
0.112992 
0.213884 
0.550258 
0.149595 
0.056137 
0.327575 
0.557152 
0.032227 
0.312308 
0.814371 
1.739960 
0.433452 
0.165830 
0.064089 
0.001383 
0.245578 
0.248322 
0.898856 
1.336429 
0.105197 
0.765275 
0.095475 
0.049900 
0.020087 
0.523503 
0.303682 
1.685741 
0.876920 
0.089938 
0.212150 
0.120499 
0.816776 
0.090088 
1.974167 
0.000660 
0.937625 
1.168478 
0.490651 
0.074939 
0.758137 
0.152946 
1.927551 
0.235641 
0.048625 
0.555396 
0.504602 
0.069797 
0.115486 
1.045733 
0.101272 
1.205622 
0.052889 
0.039074 
0.006679 
0.121835 
0.802943 
0.188962 
1.932222 
0.283387 
0.305745 
0.001373 
0.047394 
0.194476 
0.367282 
0.349617 
0.245758 
0.752491 
0.434855 
0.294698 
1.021930 
0.518208 
0.005298 
0.174787 
0.184536 
0.062830 
0.947106 
0.458826 
0.560239 
0.107751 
0.384535 
0.264607 
0.096055 
0.089795 
0.953744 
0.214803 
1.021579 
1.003102 
0.110639 
1.086637 
0.347115 
1.147957 
0.376550 
0.004334 
3.355826 
0.046875 
0.581915 
0.801196 
0.399220 
0.634632 
0.436209 
1.039762 
0.067712 
0.210330 
1.696825 
0.789730 
0.650620 
0.884120 
0.172599 
1.112617 
0.152226 
0.082842 
0.690717 
0.250882 
0.473418 
0.171422 
0.920546 
0.072606 
0.047695 
0.132586 
0.538899 
0.630411 
0.267458 
1.280306 
0.021105 
0.511474 
1.125545 
0.399297 
0.901099 
0.937488 
0.039197 
0.221087 
0.452540 
1.309559 
1.169126 
0.068023 
0.141078 
0.336968 
1.980309 
0.083538 
1.331534 
0.579031 
0.015087 
0.232958 
0.684075 
0.239935 
1.014393 
0.261680 
0.892101 
0.740259 
0.117901 
0.193759 
0.839879 
0.960937 
0.817150 
0.972652 
0.505375 
0.369407 
1.254161 
0.053672 
0.352074 
1.927567 
0.251331 
1.405135 
1.999705 
0.048537 
0.214742 
0.566209 
0.592091 
1.524122 
0.552581 
0.139125 
0.484718 
0.116135 
0.016535 
0.404551 
0.419995 
0.175993 
0.938978 
0.746089 
0.213924 
0.306700 
0.136661 
0.009058 
0.033730 
1.315041 
0.817961 
0.517888 
0.148257 
0.393618 
0.107857 
2.543804 
0.495129 
0.354847 
0.261285 
0.467010 
2.644107 
0.985643 
2.090142 
0.612778 
0.134972 
0.940534 
0.776086 
0.480375 
0.495753 
0.075591 
0.050880 
0.605306 
0.289648 
0.096635 
0.118402 
1.914369 
1.135545 
0.316680 
1.049200 
1.316014 
0.771968 
2.001537 
1.068520 
0.255578 
0.598483 
0.225460 
1.180051 
0.564127 
1.243113 
0.112161 
0.782749 
0.136989 
0.308597 
0.198502 
0.624128 
0.473119 
0.338556 
0.394319 
0.310417 
1.983729 
0.430195 
0.565186 
0.369234 
0.160148 
0.212169 
0.477062 
0.614245 
2.365966 
0.182624 
0.122545 
0.116759 
0.580301 
0.490844 
0.427977 
0.057781 
1.608276 
0.251109 
0.893189 
0.460966 
0.491436 
1.117578 
0.508561 
1.368492 
0.355678 
0.227335 
0.167955 
0.757098 
0.019495 
0.189539 
1.250054 
0.045652 
0.332903 
0.232168 
0.431845 
0.175759 
1.084640 
0.311469 
0.636234 
0.040758 
1.096080 
0.821205 
0.583014 
0.305446 
1.548672 
0.249280 
0.668198 
0.464423 
0.426944 
1.028608 
0.030659 
0.037613 
0.010528 
0.174074 
0.108112 
0.027144 
0.723612 
0.012327 
0.418020 
0.540318 
1.147094 
1.832072 
0.922641 
0.594988 
0.066009 
2.614152 
1.397662 
0.109578 
0.867151 
0.645269 
1.688967 
0.022524 
0.456221 
0.341563 
0.577440 
0.011243 
0.159722 
0.034398 
1.163268 
2.725225 
0.163959 
0.962630 
0.129737 
0.573516 
1.222876 
1.126575 
1.091642 
1.805479 
0.038724 
0.686864 
0.126241 
0.360634 
0.171025 
0.248526 
0.521924 
1.154920 
0.616185 
0.361761 
0.626625 
0.125071 
0.426073 
0.916112 
0.390365 
0.383065 
0.407003 
0.585134 
1.122291 
0.701425 
0.063130 
0.396698 
0.043053 
0.839981 
0.410024 
0.688962 
1.005589 
0.051755 
0.421363 
0.260016 
0.213715 
0.170410 
0.141661 
0.418980 
0.032837 
1.173271 
0.237504 
0.553135 
0.292947 
0.408889 
0.444163 
0.192002 
0.634180 
0.083187 
0.159544 
0.121676 
0.034536 
0.480924 
0.405060 
0.997701 
1.645254 
0.140704 
0.031565 
0.473506 
0.283266 
0.187916 
0.225846 
0.269604 
0.639406 
0.743690 
2.097769 
1.316656 
0.701519 
1.475668 
1.877095 
0.081651 
0.121485 
0.602037 
1.488685 
0.017953 
0.748441 
0.119770 
0.952359 
0.362592 
0.386242 
0.634728 
0.354105 
0.841954 
0.008308 
0.010582 
0.861661 
0.444979 
0.144647 
0.176190 
1.923743 
0.117653 
0.410657 
0.662737 
0.126258 
1.103285 
0.507169 
0.079179 
0.775964 
0.572517 
0.059452 
0.021250 
0.500688 
0.458648 
0.192025 
0.083842 
0.330824 
0.516255 
1.182955 
0.908019 
0.251045 
0.508676 
0.198447 
0.461883 
0.433161 
0.183957 
0.011307 
0.013934 
0.184334 
1.278274 
0.317835 
0.027403 
0.853614 
1.828738 
0.435141 
0.207389 
0.087625 
0.547191 
0.828952 
0.081922 
1.406089 
0.379366 
0.197062 
0.227387 
0.179496 
0.577152 
1.556005 
0.286446 
0.103317 
1.113736 
0.036526 
1.802525 
0.067825 
0.110779 
0.084025 
1.786171 
1.129182 
1.019308 
0.247876 
0.337845 
0.048006 
0.261912 
0.009178 
0.340052 
0.376903 
0.232271 
0.411452 
1.900169 
1.332490 
0.378872 
1.282772 
0.024193 
0.165077 
1.289950 
0.094175 
0.489159 
0.542762 
0.640041 
1.052473 
0.539270 
1.309898 
1.411349 
0.159842 
0.648194 
0.927430 
0.046541 
1.123528 
1.752169 
0.475490 
0.657505 
0.415093 
0.350700 
0.282752 
0.140158 
0.914345 
0.992357 
0.816692 
0.456078 
0.481993 
1.983081 
1.242860 
0.205741 
0.040542 
0.067722 
0.466452 
0.889536 
0.501014 
0.436924 
0.461776 
0.078704 
1.328816 
0.412019 
0.003356 
0.227674 
0.987092 
0.763225 
0.098281 
1.455202 
0.225530 
0.148751 
0.321702 
0.071944 
0.301112 
0.059215 
1.727308 
0.337785 
0.069371 
0.294031 
0.199828 
0.571117 
1.991843 
0.378316 
0.458485 
0.090979 
0.769172 
0.288732 
0.106783 
0.394101 
0.148657 
0.234494 
0.092306 
0.058801 
0.190527 
0.201563 
0.927074 
2.030933 
0.214448 
0.919883 
0.094424 
0.544919 
0.064367 
0.068624 
0.365752 
0.016542 
0.688727 
0.780136 
0.316989 
1.987664 
0.291613 
0.260536 
1.096432 
0.223554 
0.805555 
0.214570 
0.127220 
1.779665 
1.027355 
0.949078 
0.959798 
0.282926 
0.189640 
2.002363 
0.582210 
1.238163 
1.820336 
0.632565 
0.305538 
0.409125 
1.302612 
0.156663 
0.310425 
0.062073 
0.290843 
1.908000 
0.803103 
0.343140 
0.873673 
0.101026 
2.146200 
0.769221 
0.861251 
1.015874 
1.408676 
0.176371 
0.921432 
0.315765 
0.512125 
0.619607 
0.641819 
1.553578 
0.328108 
0.222496 
0.061469 
1.409053 
0.165146 
0.271909 
0.111067 
1.662670 
0.195442 
0.153783 
0.243990 
0.379329 
0.782123 
0.378223 
0.092684 
0.205785 
1.738696 
0.590816 
0.531244 
0.556201 
0.418259 
1.748263 
1.030752 
0.740001 
0.051898 
0.153297 
0.653316 
0.143063 
1.307621 
1.134932 
1.178483 
0.488252 
0.223510 
1.274285 
0.258050 
0.141994 
2.083293 
2.020742 
1.630468 
2.212265 
0.511071 
0.020564 
0.700011 
1.001759 
0.112364 
0.421442 
0.362847 
0.299628 
0.684367 
1.679352 
0.180948 
0.059826 
0.658953 
0.012206 
0.084672 
1.508213 
1.445556 
0.951379 
1.359392 
0.861772 
0.182365 
0.857900 
0.518117 
1.581268 
0.924770 
0.215391 
0.346434 
0.042660 
0.240300 
0.807505 
0.371279 
0.250719 
0.429314 
0.410996 
0.399771 
0.615002 
0.525817 
0.400027 
0.248049 
0.671415 
2.987311 
0.700648 
0.256036 
0.055795 
0.503656 
0.598378 
0.155711 
0.541193 
1.022851 
0.150649 
0.268670 
0.983305 
0.314574 
0.687369 
0.681105 
0.767580 
0.037036 
0.532673 
0.081795 
0.792060 
0.020799 
0.099618 
0.081830 
0.557484 
0.785145 
0.194697 
2.588373 
2.071563 
0.053608 
0.861603 
0.094039 
0.173016 
0.743099 
0.128668 
0.106445 
0.342074 
0.894707 
0.027508 
0.559997 
0.411523 
2.005730 
1.077121 
0.074568 
0.322526 
0.713920 
0.268916 
0.168727 
0.177575 
0.127985 
0.433176 
0.386634 
0.355095 
0.147567 
0.114195 
0.479020 
0.352173 
0.430357 
1.112976 
0.891408 
0.267376 
0.303726 
0.720431 
0.271622 
0.007316 
0.079277 
0.105617 
0.759715 
0.621961 
0.046174 
0.110391 
2.721122 
0.052993 
0.899718 
0.163461 
0.029952 
1.679871 
0.076776 
0.800734 
0.065908 
0.314649 
1.735176 
0.256505 
0.833131 
0.158371 
0.627831 
0.039269 
0.153909 
0.069699 
0.675658 
0.523046 
0.025316 
1.506966 
0.099360 
1.448420 
1.026739 
0.760092 
0.554951 
0.576858 
0.895056 
0.153081 
1.505306 
0.377109 
0.314621 
0.378315 
0.443873 
0.289452 
0.754918 
0.936000 
0.300812 
1.904608 
1.536214 
0.263530 
0.459719 
0.203919 
0.279585 
0.123652 
0.894067 
0.026110 
0.478711 
0.459815 
0.464403 
0.180434 
0.238136 
0.621400 
0.415091 
0.312748 
0.079600 
0.132033 
0.007020 
0.948048 
1.533740 
0.085124 
0.047287 
0.365348 
1.089110 
0.521987 
0.541651 
0.021505 
0.506355 
0.219628 
1.542811 
0.123076 
0.382213 
1.020177 
0.792402 
0.512948 
0.380749 
1.970903 
0.745484 
0.335635 
0.399731 
0.036256 
0.724959 
0.182344 
0.247279 
0.179014 
0.411208 
0.412766 
0.505163 
1.314579 
0.239443 
0.386705 
0.413900 
0.555557 
0.257935 
0.059656 
0.203874 
0.384596 
0.174775 
0.013408 
0.590117 
0.192668 
0.272439 
0.675544 
0.480890 
0.040805 
0.063906 
0.224226 
1.133959 
0.984757 
0.145464 
0.358914 
0.583727 
1.944393 
0.262832 
0.980035 
0.872908 
0.131506 
0.011604 
0.223369 
0.085489 
0.048270 
0.215828 
0.050141 
0.235978 
0.412092 
0.023314 
0.114681 
1.888151 
0.052077 
1.335465 
0.217860 
0.102850 
0.684582 
1.188418 
0.606669 
0.202441 
0.454558 
0.459691 
1.489545 
2.952783 
0.200652 
0.240566 
0.874954 
0.350903 
0.514440 
0.186814 
0.357203 
0.034220 
0.045270 
0.253196 
0.482990 
0.404653 
2.227476 
0.609253 
0.473924 
0.741182 
0.651313 
0.231841 
0.159093 
0.279596 
0.281370 
0.968189 
0.018363 
0.028532 
0.351652 
0.252233 
0.677597 
0.088332 
1.771403 
0.143580 
0.331067 
0.459606 
0.990010 
0.199561 
0.120350 
0.201150 
0.321525 
0.118120 
0.281124 
0.344952 
0.517161 
0.557789 
0.070812 
1.063398 
0.298535 
1.575461 
0.296445 
2.230612 
0.685178 
0.114466 
1.557142 
0.708123 
1.273978 
0.247260 
1.382865 
0.150376 
0.245148 
0.181011 
0.331151 
1.351283 
0.460492 
0.288366 
0.852561 
1.295887 
0.031025 
1.960729 
0.265716 
0.219725 
1.030876 
0.239246 
0.822044 
0.488033 
0.521075 
1.190874 
1.867419 
0.525611 
0.051502 
1.394227 
2.465501 
0.502587 
0.636902 
0.447490 
0.927409 
1.759461 
0.094577 
0.229136 
0.060845 
1.308756 
0.275463 
1.048080 
0.404261 
0.251587 
0.659418 
0.256347 
1.030304 
0.398042 
0.535230 
0.537067 
0.682713 
0.096694 
0.543766 
0.026671 
1.085403 
1.182967 
1.049004 
1.753327 
0.166258 
0.209256 
0.421310 
0.561991 
0.346205 
0.344787 
1.941839 
0.633955 
1.617584 
0.504999 
1.430077 
0.170471 
0.444635 
0.562292 
0.829793 
0.001798 
0.096475 
0.219949 
0.160291 
0.320487 
0.018067 
1.194006 
0.894572 
0.134038 
0.533872 
2.033709 
1.041521 
0.709210 
0.130460 
0.096030 
0.444122 
0.776413 
0.034257 
0.050357 
2.052054 
0.141174 
0.523429 
0.454076 
0.116065 
0.283195 
0.013909 
0.502408 
0.395325 
0.052675 
0.400251 
0.505197 
0.222148 
0.211417 
0.548644 
0.066787 
0.919592 
0.302493 
0.679639 
0.473084 
2.555899 
0.090561 
0.441525 
0.952263 
1.470677 
0.170393 
1.152171 
0.486128 
1.001666 
0.688099 
0.107127 
0.606691 
0.431488 
0.266018 
0.928820 
0.198434 
0.194508 
0.067959 
0.510783 
0.508973 
1.100572 
0.601038 
0.608539 
0.219198 
0.390980 
0.418175 
0.870629 
0.285767 
0.171879 
0.439798 
0.403142 
0.188401 
0.266699 
0.090138 
0.120430 
0.087935 
0.146179 
0.267759 
0.236380 
0.126409 
0.238443 
0.382930 
0.404462 
0.159979 
0.587276 
0.344978 
2.634512 
0.697848 
2.188820 
0.472057 
1.145329 
0.813704 
0.107202 
0.331062 
0.366469 
0.009148 
0.523192 
0.837837 
0.853343 
0.085791 
0.423426 
0.050083 
1.001793 
0.256715 
0.570330 
0.346908 
0.506974 
0.885641 
1.523663 
0.572141 
0.020084 
0.414781 
0.030907 
0.862789 
2.458050 
0.211601 
0.179673 
0.252119 
0.478696 
0.256043 
0.149783 
0.160368 
0.055133 
0.306246 
0.420833 
2.007516 
0.451881 
0.111366 
0.004139 
0.392956 
0.382028 
0.032887 
0.126172 
1.186870 
0.819923 
0.454780 
0.379001 
0.986669 
0.368453 
0.240637 
0.086376 
1.427362 
0.285137 
0.131271 
0.627830 
0.032546 
0.013634 
1.587207 
0.237298 
0.704078 
0.041496 
0.375826 
0.068972 
0.192227 
0.206451 
0.233131 
0.005438 
0.132622 
0.318193 
2.522383 
0.156324 
3.562035 
1.189353 
0.127176 
1.827890 
0.333676 
1.093195 
1.343073 
0.713137 
0.733875 
0.020152 
0.271047 
0.658133 
0.275514 
0.809244 
0.029976 
0.496515 
0.388874 
0.444672 
0.068167 
1.176929 
0.469344 
0.030100 
1.568703 
2.791953 
2.033933 
0.019382 
0.099900 
1.449810 
0.145864 
0.250573 
0.934394 
0.016909 
1.115338 
1.877399 
0.396494 
0.067554 
0.197780 
1.813056 
0.073946 
0.985958 
0.635576 
0.686640 
0.137182 
0.856493 
0.136142 
0.193120 
0.610347 
0.606418 
0.781630 
0.804063 
0.343808 
0.304616 
1.041441 
0.215636 
0.204556 
0.152034 
1.365356 
0.611582 
0.087846 
0.025808 
0.243588 
1.297558 
0.241115 
0.112724 
2.538524 
0.460213 
0.795164 
0.044481 
0.437853 
0.101263 
0.621103 
0.478228 
0.325963 
0.141664 
0.525813 
0.343935 
0.326784 
0.651807 
2.517334 
0.149451 
1.389315 
0.838597 
3.759226 
0.184757 
0.717505 
0.762657 
0.748631 
0.731406 
0.748539 
2.027081 
0.900651 
0.013561 
1.277048 
0.313198 
0.633743 
1.240298 
0.298227 
0.617542 
0.024671 
0.211911 
0.328804 
0.691758 
0.450449 
0.117974 
2.502217 
0.065241 
0.329311 
1.890753 
0.061767 
0.458731 
0.271658 
0.631391 
1.718186 
0.320510 
0.305977 
1.779429 
0.403235 
0.558639 
0.418131 
0.106549 
1.445790 
0.278365 
0.447221 
0.135560 
0.064355 
0.965067 
0.813731 
0.260824 
0.067675 
0.269849 
0.053190 
1.329857 
0.566956 
0.899473 
0.766368 
0.615244 
0.012326 
0.376455 
0.509411 
0.073589 
1.058718 
0.230591 
0.113238 
0.047255 
0.604933 
0.508076 
0.036331 
0.769187 
0.414930 
0.095896 
0.195726 
0.025725 
0.034132 
0.722733 
0.651977 
0.529649 
0.073467 
0.854865 
0.236143 
0.639771 
0.161914 
0.539188 
1.973739 
0.499828 
0.033978 
0.503116 
0.052997 
1.204970 
0.662070 
0.005024 
0.409284 
0.105422 
0.057068 
0.421870 
0.323260 
0.962742 
1.022261 
0.171071 
0.227635 
0.035088 
0.280461 
0.731768 
0.718252 
0.019016 
0.032715 
0.493283 
0.699154 
0.260968 
0.806780 
0.139206 
0.288709 
0.832534 
0.054260 
0.773149 
0.027979 
0.328348 
0.165832 
0.086846 
0.387780 
0.302131 
0.419862 
0.295086 
0.435721 
0.128572 
1.944297 
0.175995 
1.096875 
0.195445 
0.207946 
0.209625 
1.259939 
0.597722 
0.353933 
0.047215 
0.500367 
0.575856 
0.021870 
0.542751 
0.450977 
0.122587 
0.106443 
0.292077 
0.310691 
0.504946 
0.189648 
0.096644 
0.294427 
0.089365 
0.179886 
1.057587 
1.980745 
0.490995 
0.283870 
1.428562 
0.324136 
0.142734 
0.455460 
0.320274 
0.417473 
1.503107 
0.509451 
0.538021 
0.571010 
0.962052 
2.229280 
1.012757 
3.441273 
0.820887 
0.272377 
0.495742 
2.823408 
0.625645 
0.451630 
1.115282 
0.750699 
0.165404 
1.519557 
0.815667 
0.144186 
1.862117 
0.121703 
0.672133 
0.463054 
0.812271 
1.203599 
0.546237 
2.773898 
0.270806 
0.235979 
0.441394 
0.026298 
0.682377 
0.091050 
0.379953 
0.043673 
0.102253 
0.286279 
0.162107 
0.909673 
0.347666 
0.502704 
0.048868 
2.646333 
0.443318 
1.661774 
0.835268 
0.022589 
0.218779 
0.174114 
0.012626 
1.098371 
1.442338 
1.205172 
0.323136 
0.848529 
0.748657 
1.439500 
1.077882 
0.555203 
0.331620 
0.436792 
0.844953 
0.372551 
0.590569 
0.006292 
0.188470 
0.932414 
0.336593 
1.528074 
0.050305 
0.571190 
0.828036 
0.754563 
2.201086 
0.009421 
0.156304 
0.476892 
0.394086 
3.582301 
0.148065 
0.150384 
0.442477 
0.570248 
0.478915 
0.074335 
0.499046 
0.403302 
0.490908 
0.221204 
1.024868 
0.260330 
0.035196 
0.193505 
0.481689 
0.082547 
0.289242 
0.039938 
0.030709 
0.317086 
0.513494 
3.902802 
0.380009 
1.408394 
0.435188 
1.547934 
1.008785 
0.533568 
0.370885 
0.252891 
1.362634 
1.960589 
0.146031 
0.039529 
0.101932 
0.705529 
0.521775 
0.066281 
1.470902 
0.895975 
1.974919 
0.828913 
1.158068 
0.190224 
0.013972 
0.254703 
0.360200 
0.461845 
0.012056 
1.759710 
0.417339 
0.023725 
0.326374 
1.932496 
0.666502 
1.841797 
0.064289 
0.075198 
0.165043 
0.111849 
0.283335 
0.390071 
0.102871 
0.115860 
0.535595 
0.923966 
0.440880 
0.066183 
0.334889 
0.353672 
2.732975 
0.307012 
0.387341 
1.404868 
0.179616 
0.095027 
0.153955 
0.080755 
1.672797 
0.265863 
2.301815 
0.180695 
0.929469 
0.072700 
0.355749 
0.322147 
0.360958 
0.175393 
0.061155 
1.076264 
0.118752 
0.077362 
0.305451 
0.015846 
0.279056 
0.937521 
0.176442 
0.203064 
0.079505 
1.065648 
1.748628 
0.265291 
0.508718 
0.904704 
0.015637 
0.542890 
0.072659 
0.324524 
0.539647 
0.130597 
0.196571 
0.222989 
0.754488 
0.283016 
1.141328 
0.243470 
0.668777 
1.151692 
0.579559 
0.627879 
0.451643 
0.010934 
0.529192 
0.981278 
0.395761 
0.332028 
0.096221 
0.091763 
1.141172 
0.694892 
0.063576 
1.266198 
0.538420 
0.121986 
0.158131 
0.340250 
0.588110 
0.141221 
0.628634 
1.771823 
0.978439 
0.077942 
1.319503 
0.282617 
1.016645 
1.046342 
0.065807 
1.086393 
0.246548 
0.475819 
1.146517 
0.543602 
0.126048 
0.016384 
0.220668 
0.236330 
0.153367 
0.144853 
1.069290 
1.616127 
1.330682 
0.051970 
0.061171 
0.175993 
0.929730 
0.628920 
0.818708 
1.359558 
0.161472 
0.013734 
0.751531 
1.245829 
0.483303 
0.327024 
0.544822 
0.003967 
0.603291 
0.886535 
0.533593 
0.806685 
0.427419 
0.284808 
0.306177 
0.244888 
0.286173 
0.284394 
0.085624 
0.289236 
1.857031 
2.675840 
0.869245 
0.262903 
0.066695 
0.355096 
0.166658 
1.290002 
0.222054 
0.356063 
0.231388 
0.422185 
1.000769 
0.004631 
0.314701 
0.986639 
0.213426 
0.437224 
0.577036 
0.687865 
0.055995 
0.798715 
0.190977 
0.482366 
0.620830 
1.089063 
0.280078 
1.639979 
1.548295 
0.490865 
0.889929 
0.032117 
0.353227 
0.017126 
1.056484 
0.760352 
0.624060 
1.245118 
0.066144 
0.333694 
0.086947 
1.862690 
1.254988 
1.337270 
0.616770 
0.223350 
0.877929 
0.592119 
0.141074 
0.259215 
0.571573 
1.317017 
0.947882 
2.329554 
1.191156 
0.014092 
0.651906 
1.548892 
0.944099 
0.204241 
1.218828 
0.202201 
0.684344 
0.784616 
0.208142 
0.152697 
0.388337 
0.572044 
2.738336 
1.278288 
0.366270 
1.920568 
0.713404 
2.407669 
0.037758 
1.361789 
0.500940 
0.560887 
0.210703 
0.286914 
0.268823 
0.490967 
0.021829 
0.369639 
0.304222 
0.090605 
0.543905 
0.569562 
0.069420 
0.560969 
0.137300 
0.330969 
1.615866 
0.317364 
0.138619 
0.120735 
0.160514 
0.169826 
