0.588214 
0.232799 
0.206140 
0.732512 
0.232701 
0.076445 
0.222107 
0.063076 
0.041233 
0.625707 
0.613497 
0.667682 
0.336217 
0.094013 
0.422564 
0.098220 
0.072313 
0.333451 
0.364714 
0.145942 
0.042363 
0.815198 
0.445233 
0.122927 
1.386459 
0.200194 
1.098492 
0.590233 
0.265697 
0.620905 
0.534933 
0.936717 
0.041429 
0.582640 
0.368833 
0.987765 
0.047313 
0.087879 
0.392569 
0.526905 
0.383237 
0.557378 
0.120198 
0.360821 
0.796616 
0.077435 
0.621702 
0.023676 
0.206410 
0.188502 
0.041690 
2.501613 
0.003801 
1.016493 
0.161994 
0.501167 
0.073410 
0.600805 
1.057036 
0.333537 
0.050903 
0.183665 
0.250062 
0.131373 
0.392809 
0.271826 
1.918539 
0.002270 
0.289646 
0.366762 
0.293495 
1.176767 
0.066671 
1.284100 
0.474835 
0.126629 
0.105299 
0.313453 
0.061606 
0.216137 
1.431052 
0.116598 
0.586478 
0.048555 
0.372584 
0.702722 
1.178182 
0.548345 
0.436817 
0.155235 
0.001996 
0.735517 
0.545697 
0.439427 
0.054769 
1.977729 
1.306886 
0.258123 
0.618249 
0.062949 
0.725942 
0.158571 
0.339073 
0.049218 
0.548214 
0.101758 
0.562491 
0.389834 
0.482521 
1.282415 
0.177159 
0.152513 
0.409879 
0.833446 
0.323113 
0.118691 
1.425306 
0.059618 
1.041192 
0.342437 
0.426828 
0.138051 
0.225414 
1.489284 
0.372901 
0.008488 
0.307939 
0.299748 
0.344896 
0.819154 
0.611528 
0.135710 
0.812440 
0.220326 
0.314367 
0.189329 
1.116738 
0.005948 
0.923391 
0.093764 
0.728784 
0.639184 
0.661722 
0.944948 
0.079431 
0.642604 
0.963986 
0.009312 
0.029988 
0.084882 
0.625927 
0.631205 
0.381008 
0.988047 
0.102374 
0.559833 
0.234167 
0.264577 
0.063340 
0.008722 
0.271696 
0.148051 
0.468323 
0.123910 
0.722049 
0.023285 
1.019778 
0.182415 
0.313471 
0.269272 
0.653287 
0.241896 
0.060352 
0.877661 
1.262369 
0.510174 
0.648496 
0.105024 
0.050910 
0.370485 
0.113478 
0.229802 
1.896859 
1.559314 
0.511443 
0.964334 
0.266812 
0.110416 
0.076920 
1.115183 
0.281305 
0.556065 
0.090462 
0.435923 
0.428321 
0.844195 
0.129476 
0.805554 
0.211155 
0.273419 
0.002584 
0.527396 
0.107481 
0.050661 
1.219477 
0.044032 
0.825930 
0.871176 
0.645543 
0.376417 
0.319316 
1.170961 
0.180119 
0.462902 
0.301757 
0.369597 
0.357108 
0.871855 
0.137255 
0.758519 
1.633452 
0.329041 
0.681110 
1.072020 
0.702499 
0.114801 
0.027345 
0.326393 
0.286433 
0.163444 
0.304432 
0.119288 
0.441505 
0.147700 
1.256338 
0.041061 
0.472784 
0.424994 
0.446482 
0.347725 
0.131510 
0.323580 
0.825891 
0.445257 
0.375602 
0.112790 
0.578681 
0.279749 
0.028506 
0.017936 
0.439660 
0.220902 
2.084611 
0.072980 
0.350265 
0.191166 
0.022125 
1.064351 
0.702348 
0.035485 
0.134104 
1.860274 
0.829402 
0.472667 
0.046306 
0.912815 
0.165459 
0.126508 
0.499404 
0.434505 
0.285503 
0.417665 
0.051847 
0.044526 
0.142608 
1.086457 
0.477365 
1.252167 
0.135226 
0.025814 
0.134308 
0.753330 
0.004951 
0.236699 
0.510714 
0.102202 
0.248241 
0.216102 
0.062931 
0.094454 
0.280591 
0.104677 
0.272743 
0.007715 
0.816492 
0.111221 
0.276788 
0.271461 
0.221337 
0.077098 
0.579429 
0.037570 
0.067820 
0.190554 
0.522090 
0.009449 
0.155696 
0.354651 
0.935611 
0.090245 
0.616468 
0.372200 
0.293234 
0.652455 
0.155868 
0.117716 
0.009768 
0.289865 
1.250423 
0.350094 
0.219678 
0.183794 
0.588142 
0.519509 
1.458630 
0.492792 
0.050592 
0.338008 
0.070134 
0.196688 
0.344203 
0.501004 
0.081295 
0.104946 
0.541826 
1.041668 
0.096313 
0.527153 
0.252236 
0.437609 
0.300317 
0.429585 
0.035914 
0.558087 
0.734915 
0.270491 
0.102506 
0.677030 
0.018661 
0.639851 
0.486060 
0.689732 
0.196242 
0.308706 
0.062657 
1.174092 
0.184271 
0.972114 
0.264687 
0.257888 
0.545328 
0.376360 
0.379570 
0.492578 
0.253719 
0.748157 
0.572026 
0.112418 
0.331217 
0.130275 
1.209998 
0.055835 
0.402878 
0.303954 
0.014952 
0.207881 
0.881622 
1.480671 
1.137170 
0.051137 
0.275262 
0.035285 
0.038407 
0.033777 
0.508570 
0.392504 
0.504772 
1.008366 
0.073876 
0.043395 
0.188569 
0.679240 
0.951564 
0.480796 
1.274891 
0.156155 
0.018833 
0.107414 
0.039865 
0.047508 
2.049880 
0.029043 
0.517570 
0.140536 
0.457552 
0.691809 
0.447738 
1.077277 
0.494449 
0.455856 
0.905952 
1.336826 
0.357100 
0.568631 
0.003765 
0.301980 
0.966999 
0.287882 
0.183271 
0.209493 
0.444829 
0.435191 
0.116714 
0.082510 
0.266260 
0.409614 
0.859383 
0.070769 
0.247179 
0.025679 
0.162125 
0.108399 
0.018473 
0.617184 
0.117382 
0.033973 
0.637844 
1.083181 
0.217926 
0.086301 
0.102837 
1.637344 
1.124902 
0.353675 
0.071971 
0.117006 
0.891369 
0.254690 
0.800757 
0.238864 
0.192514 
0.642916 
0.427755 
0.493867 
0.253836 
0.194035 
0.518056 
1.557256 
0.342982 
0.113680 
0.283656 
0.192098 
0.210647 
0.163531 
0.805493 
0.008791 
0.052649 
0.801901 
0.192598 
0.950604 
0.355076 
0.082038 
0.100106 
0.486619 
0.801324 
0.857969 
0.451089 
1.502310 
0.145544 
0.008513 
0.263398 
0.086007 
0.727384 
0.535988 
0.597963 
0.188471 
0.164931 
0.094998 
0.327016 
0.891269 
1.317517 
0.044678 
0.416645 
0.001653 
0.283083 
0.650132 
0.181108 
0.023794 
0.583173 
1.253727 
0.372739 
0.193208 
0.042024 
0.807537 
0.133949 
0.341074 
0.361855 
0.143220 
0.034951 
0.018050 
1.071515 
0.081264 
0.089883 
0.141372 
0.094380 
0.082744 
2.077335 
1.018235 
0.524339 
0.023408 
0.283868 
0.446282 
0.685714 
0.432005 
0.728877 
0.250830 
0.015238 
0.074806 
0.479049 
0.374989 
0.107122 
0.081817 
0.030918 
0.014878 
0.357525 
1.367753 
0.444105 
0.373180 
0.392249 
0.509640 
0.216596 
0.717040 
0.168007 
0.763889 
0.552579 
0.453197 
0.619377 
0.391203 
0.121754 
0.276244 
0.146956 
0.151213 
1.116704 
1.057389 
0.548892 
0.404036 
0.104310 
0.106688 
1.247021 
0.134797 
0.705881 
1.199877 
0.054202 
0.255569 
0.759251 
0.899763 
0.167891 
0.630355 
1.142705 
0.207662 
0.376585 
0.124112 
0.557720 
1.000518 
0.285702 
0.414135 
0.480346 
0.097450 
0.071267 
1.302294 
0.721404 
0.184488 
0.225099 
0.460045 
0.167146 
0.015999 
0.777827 
0.249157 
0.268553 
0.592326 
0.069441 
0.190946 
0.346865 
0.135064 
0.226099 
0.688437 
0.081810 
0.831612 
0.088224 
0.374966 
0.787452 
0.209753 
0.960514 
0.333618 
0.362460 
0.272893 
0.050879 
0.322046 
0.338990 
0.420270 
0.346865 
0.142724 
0.087015 
0.015712 
0.012508 
0.832825 
0.013200 
0.050795 
0.403621 
0.865871 
0.133425 
0.344424 
0.360647 
0.993395 
0.038870 
0.429753 
0.290656 
0.487126 
0.118158 
0.070615 
0.178155 
0.023310 
0.762194 
0.288985 
0.212248 
0.388084 
1.883274 
0.237687 
1.115059 
0.054018 
0.059800 
0.049863 
0.089973 
0.072136 
0.536521 
0.580621 
0.080262 
0.578919 
1.006269 
0.142679 
1.027039 
0.404260 
0.430382 
0.332782 
0.313718 
0.058526 
0.534593 
0.022994 
0.058492 
0.329735 
0.215942 
0.177264 
0.006408 
0.386650 
0.105047 
0.710713 
0.158036 
0.027992 
0.121296 
1.788405 
0.251214 
0.224767 
1.531653 
1.611132 
0.279405 
0.016779 
0.096359 
0.065686 
1.100309 
0.125611 
0.346491 
0.610787 
0.143054 
0.248783 
0.140480 
0.039011 
0.454517 
0.546366 
1.701161 
0.207359 
0.134567 
0.106463 
0.035844 
0.089678 
0.641592 
0.005599 
0.226998 
0.344621 
0.014092 
0.860990 
0.451438 
0.586678 
0.043910 
0.352883 
0.322443 
0.892532 
0.074192 
0.290978 
0.035034 
0.023954 
0.451798 
0.470507 
1.002845 
0.177971 
0.149832 
0.918365 
0.054660 
0.112171 
0.056240 
0.313637 
0.385819 
2.228783 
0.538046 
0.758686 
0.042374 
0.119900 
0.612811 
0.185938 
0.132274 
0.304308 
0.807374 
0.147876 
0.726706 
0.749930 
0.893015 
0.317169 
1.013472 
0.081442 
1.445468 
0.050519 
0.008255 
0.382674 
0.498862 
2.325003 
0.413901 
0.082039 
0.115839 
0.036061 
1.714180 
1.578610 
0.168480 
0.168482 
0.211430 
0.022318 
0.026178 
0.463061 
0.408023 
0.761515 
1.538117 
0.042276 
0.611045 
0.544050 
0.300536 
0.885510 
0.246277 
0.098055 
0.007375 
0.683947 
0.383740 
0.645344 
0.823601 
0.292750 
0.106108 
0.123186 
0.362289 
0.385627 
1.143281 
1.399144 
0.712301 
0.083262 
0.515936 
0.031742 
1.792789 
0.048204 
0.165973 
1.030414 
0.475496 
0.726940 
0.309336 
0.059990 
0.358013 
0.132324 
1.384765 
0.567511 
0.171807 
0.890981 
0.332539 
0.066990 
0.396190 
0.140147 
0.492039 
0.589897 
0.062610 
0.190446 
0.004486 
0.253740 
0.148894 
1.772136 
0.164859 
0.142007 
0.027226 
0.081863 
0.358862 
0.503409 
0.230023 
0.016067 
0.216179 
1.340801 
0.272897 
0.098906 
0.260556 
0.664677 
0.384105 
0.426873 
1.069467 
0.325040 
0.513463 
0.871886 
0.243083 
0.316642 
0.013194 
0.874451 
0.387114 
0.386060 
0.773823 
0.484277 
0.122674 
0.334447 
0.274127 
0.455216 
0.097753 
0.398407 
0.473655 
1.355280 
0.040734 
0.017970 
0.995367 
0.544102 
0.034373 
0.093889 
0.600123 
0.160386 
0.300088 
0.079149 
0.401888 
0.166506 
0.024158 
0.094513 
0.180975 
0.449881 
0.229102 
1.194667 
0.332949 
0.320156 
0.342669 
0.551271 
0.285768 
1.260265 
0.164871 
0.376012 
1.098730 
0.272420 
0.164554 
0.063600 
0.610469 
0.139658 
0.904298 
0.034515 
0.177477 
0.321061 
0.165626 
0.495618 
0.047000 
0.096616 
0.070594 
0.440657 
0.225583 
0.838668 
0.566493 
0.494098 
0.160100 
0.683297 
0.224958 
0.221812 
0.123994 
0.140379 
0.121853 
0.222378 
0.265336 
0.069298 
0.396579 
0.172083 
0.041683 
0.616001 
0.108030 
0.760052 
0.112708 
0.136394 
0.169143 
0.727728 
0.089553 
0.716738 
0.043545 
0.449643 
0.064480 
0.232752 
0.166777 
0.128064 
1.274074 
0.460068 
0.425739 
0.279417 
0.137285 
0.483488 
0.115922 
0.354999 
0.820841 
0.347690 
0.450626 
0.424108 
0.593114 
1.037535 
0.702113 
0.143899 
0.046061 
0.144289 
2.361515 
0.604122 
0.812250 
0.141021 
0.159857 
0.122566 
0.198134 
0.126597 
0.145358 
0.765718 
0.681857 
0.998750 
0.556724 
0.121000 
0.134468 
0.208823 
0.333934 
0.124967 
0.583335 
0.373009 
0.695128 
0.305704 
0.516710 
0.084832 
0.077397 
0.307191 
0.096325 
0.023014 
0.946908 
0.461858 
0.368090 
0.360350 
0.911279 
0.056462 
0.058471 
0.781582 
0.206250 
0.279228 
0.242184 
0.335721 
0.161020 
0.350873 
0.869308 
0.058273 
0.032178 
0.698810 
1.480921 
0.118793 
1.494959 
0.282547 
1.164879 
0.416962 
0.528308 
0.473597 
0.095540 
0.319261 
1.034794 
0.083914 
0.487477 
0.464736 
0.904706 
0.011165 
0.641655 
0.353702 
0.403146 
0.407341 
0.294903 
0.534002 
0.208690 
0.185304 
0.074841 
0.777407 
0.593815 
0.695138 
0.384374 
1.115617 
0.588753 
0.652167 
0.780380 
0.578309 
0.505377 
0.105135 
0.311663 
0.158132 
0.457279 
0.052955 
0.251191 
0.958196 
0.715308 
0.320226 
0.810381 
0.100108 
0.551013 
0.500763 
0.116949 
0.082008 
0.128692 
0.065975 
0.430207 
0.013864 
0.111820 
0.334619 
0.355857 
0.321293 
0.412983 
0.258115 
0.380100 
0.120491 
0.113101 
0.031948 
0.260036 
0.508321 
0.411509 
0.203273 
0.098462 
0.483661 
0.246476 
0.364099 
2.446625 
0.090235 
0.260407 
0.412011 
0.972350 
0.237675 
0.471171 
0.381373 
0.629277 
0.089770 
0.507428 
1.015540 
0.708399 
1.243681 
0.026627 
0.092079 
0.582233 
0.276510 
0.612377 
0.133788 
1.301726 
0.578884 
0.340131 
0.879925 
0.230839 
0.513653 
0.058521 
0.320941 
0.048794 
1.111209 
0.721040 
0.501798 
0.801373 
0.076787 
0.394952 
1.814370 
0.756143 
0.009468 
0.011370 
0.371742 
1.486683 
0.209693 
0.255669 
1.668972 
0.207731 
0.119151 
0.401857 
0.818436 
0.372716 
1.823873 
0.112444 
0.166335 
0.328996 
1.476850 
0.062575 
0.090585 
0.340519 
0.600829 
0.066878 
0.840261 
0.364705 
0.066101 
0.766285 
0.320822 
0.941093 
0.191465 
0.338611 
0.968444 
0.250153 
0.123815 
0.007778 
0.141817 
0.529330 
0.187357 
0.091394 
0.054904 
0.430321 
0.475214 
0.081144 
0.157352 
0.332822 
0.120425 
0.141799 
0.094401 
0.760586 
0.665490 
0.189596 
0.454718 
0.257910 
0.092479 
0.202421 
0.240248 
0.192844 
0.014115 
0.571334 
0.032873 
1.940089 
0.287809 
0.924261 
0.075781 
0.478440 
0.629378 
0.045533 
0.535200 
0.923243 
0.313713 
0.017597 
1.020131 
0.428927 
0.393266 
0.438783 
0.029036 
0.256281 
0.083922 
1.273985 
0.278431 
0.059565 
0.039061 
0.243927 
0.124143 
0.434098 
0.519296 
0.287477 
0.120627 
0.129313 
0.056281 
1.057263 
0.153268 
0.152001 
0.374874 
0.177908 
0.482497 
0.436178 
0.118823 
0.878819 
0.737934 
0.602973 
0.725905 
0.018812 
0.231306 
0.201914 
0.023129 
0.073044 
0.507519 
2.365313 
0.194368 
1.898457 
0.563288 
0.002197 
0.465995 
0.347321 
0.106849 
0.846156 
2.793810 
0.466003 
0.451616 
0.089910 
0.063626 
0.434099 
0.540778 
0.140883 
0.238794 
0.708753 
0.396713 
0.217870 
0.815372 
0.470266 
0.600277 
0.697047 
0.199882 
0.136054 
0.474060 
0.100902 
0.161019 
0.321034 
0.747376 
0.198081 
1.310814 
0.628482 
2.183489 
0.118146 
0.647840 
0.332259 
0.035967 
0.396550 
0.900515 
1.273668 
0.778614 
0.272855 
0.170338 
0.160049 
0.236846 
2.141515 
0.296803 
0.014240 
0.279468 
0.163015 
0.015875 
0.082532 
0.077790 
0.174586 
0.275860 
0.214464 
0.169602 
1.165111 
0.109395 
0.119296 
0.930067 
0.243876 
0.052401 
0.134133 
0.715390 
0.058723 
0.231476 
0.117459 
0.192855 
0.157370 
0.013117 
1.292117 
0.177204 
0.261265 
0.988330 
0.167523 
0.007725 
0.117384 
0.060572 
0.168207 
0.053190 
0.350894 
0.117678 
0.917722 
0.068759 
0.447551 
0.177250 
0.450449 
0.095919 
0.206203 
0.180977 
0.495856 
0.018231 
0.514391 
0.832491 
0.069251 
0.014223 
0.743556 
2.904769 
0.237650 
0.048106 
0.993834 
0.663430 
0.091981 
0.458417 
0.250390 
0.237053 
0.487497 
1.046833 
0.000756 
0.331286 
0.302131 
0.742853 
0.053450 
0.315632 
0.048544 
0.098253 
0.081858 
0.214959 
0.031601 
0.817403 
0.346395 
0.033128 
0.106539 
0.233016 
0.160592 
0.019561 
0.231758 
0.477884 
0.410361 
0.053389 
0.236322 
0.089942 
0.073588 
0.410209 
0.742982 
0.006766 
0.218834 
0.327153 
0.202012 
0.244373 
0.061693 
0.182118 
1.100290 
0.094523 
0.468297 
1.052580 
0.351665 
0.348403 
0.028274 
0.369547 
0.568123 
0.535487 
0.056231 
0.091798 
0.924077 
0.168497 
0.662305 
0.645571 
0.760960 
0.142089 
0.181964 
1.664685 
1.034059 
0.381087 
0.077436 
0.680458 
0.496496 
1.131905 
0.223994 
0.021903 
0.484798 
0.810930 
0.266494 
0.324004 
0.448639 
0.177975 
0.212020 
0.067463 
0.245345 
0.413991 
0.311295 
0.178148 
0.830598 
0.256013 
0.226966 
0.701939 
1.379534 
0.312343 
0.081016 
0.075073 
0.256629 
0.459694 
0.409343 
0.632099 
0.429544 
0.289939 
0.224596 
0.001200 
0.811943 
0.267276 
1.505962 
0.401590 
0.593849 
0.058540 
0.078441 
0.346141 
0.444031 
0.338123 
0.097491 
0.250885 
0.108916 
0.551637 
0.260445 
0.231797 
0.348535 
0.190600 
0.822261 
0.627258 
0.904875 
0.761273 
0.193313 
0.544793 
0.516160 
0.542016 
0.008689 
0.104726 
1.730079 
0.153817 
0.160776 
1.978219 
0.067351 
0.481947 
0.431371 
0.569566 
0.567258 
0.492283 
0.635493 
0.005906 
0.131386 
1.648645 
0.398721 
0.329190 
0.290815 
0.789902 
0.497855 
0.440586 
0.224317 
0.340549 
0.137307 
0.153851 
0.115498 
0.972709 
0.928734 
0.245273 
0.012099 
0.170042 
0.311023 
0.088401 
0.106855 
0.025229 
0.558181 
0.746691 
0.458638 
0.237403 
0.345778 
0.147403 
0.511713 
0.050941 
0.477810 
0.471985 
0.101735 
0.015471 
1.364681 
0.435800 
0.932162 
0.753608 
0.975191 
1.355834 
0.006480 
0.211892 
0.041290 
0.713764 
0.029905 
0.074251 
0.230619 
0.481337 
0.853365 
0.021186 
0.003754 
0.042254 
1.617612 
0.225549 
0.039253 
0.160045 
0.163738 
0.199209 
0.563477 
3.390388 
0.479807 
0.155632 
0.762421 
2.097637 
0.040672 
0.790642 
0.145251 
0.787521 
0.732593 
1.961426 
0.234116 
0.156412 
0.010786 
0.181891 
0.048991 
0.702037 
0.531583 
2.155891 
0.150992 
0.817023 
0.176847 
0.096887 
0.413040 
0.155034 
0.325139 
0.300239 
0.050075 
0.350318 
0.136498 
0.153874 
0.903151 
0.392203 
1.470284 
0.688363 
0.381365 
0.443476 
0.737237 
0.824089 
0.153790 
0.382028 
0.165756 
0.067837 
0.981562 
0.340832 
0.139919 
0.121176 
0.245889 
0.430356 
0.082064 
0.030880 
0.480130 
0.245346 
0.460170 
2.269271 
0.088722 
0.240914 
0.115910 
0.095604 
0.317579 
0.352518 
0.129991 
0.556738 
0.218595 
1.035281 
0.959042 
0.197490 
0.196956 
0.086537 
0.614763 
0.453201 
0.718071 
1.090918 
0.327617 
0.835426 
0.442855 
0.073536 
0.927740 
1.278944 
0.245104 
0.161641 
0.111992 
0.543906 
1.064661 
0.746100 
0.382585 
0.128317 
0.136214 
0.108507 
0.157358 
0.517056 
0.118688 
0.913842 
0.054440 
0.479229 
0.969889 
0.199158 
0.265572 
0.056668 
0.083993 
0.099798 
0.056850 
0.222399 
1.182081 
0.312383 
1.191317 
0.198999 
0.355472 
1.212813 
0.517830 
0.171124 
1.378668 
0.068298 
0.150274 
0.033107 
0.275766 
0.254858 
0.280127 
0.617249 
0.807186 
0.078824 
0.017484 
0.462325 
0.722406 
0.456045 
0.247983 
0.562550 
0.106702 
0.215805 
0.052547 
0.173547 
0.211620 
0.389960 
0.455536 
0.335907 
0.457115 
0.997746 
0.897653 
0.057038 
0.826223 
0.336341 
0.233094 
0.044155 
0.084547 
0.007611 
0.908472 
0.998375 
0.146864 
0.550402 
0.019322 
0.316796 
1.116628 
0.511176 
0.540097 
0.525000 
0.491177 
3.075500 
0.786496 
0.216944 
0.010963 
0.032879 
0.093212 
0.263310 
0.169548 
0.293477 
0.373770 
0.135945 
0.355041 
0.362378 
0.043319 
0.489710 
0.488271 
0.433372 
0.181066 
1.781020 
0.966710 
0.152868 
0.193512 
0.477239 
0.161807 
0.510417 
0.490532 
1.345689 
0.892592 
0.258891 
0.101088 
0.015619 
0.326526 
1.137384 
0.527572 
0.118052 
2.171016 
0.073474 
0.849480 
0.039784 
0.116156 
0.340961 
0.355234 
0.854309 
0.053919 
0.501718 
0.860454 
0.732299 
0.998740 
0.500737 
1.082414 
1.723516 
0.484417 
0.012706 
0.191153 
0.561855 
0.866009 
1.851782 
0.237059 
0.716815 
0.464069 
0.011071 
0.103259 
1.283494 
0.274276 
0.569801 
0.087237 
0.049030 
0.085031 
0.351222 
1.052412 
1.933119 
0.275222 
0.118335 
0.211375 
0.588500 
0.132055 
0.110979 
0.075988 
0.238524 
0.590434 
0.257796 
0.589049 
0.549607 
0.217634 
0.143977 
0.138515 
0.356362 
0.070970 
0.055951 
0.407987 
0.146305 
0.089474 
0.164224 
0.180244 
0.912940 
1.018404 
0.169589 
0.367843 
0.279990 
1.411449 
0.056177 
0.195761 
0.388031 
0.071964 
0.007759 
0.352337 
0.062215 
0.003826 
0.979120 
0.658917 
0.142250 
0.887185 
0.635503 
0.046288 
0.121230 
0.022828 
1.584565 
0.099409 
0.032799 
0.155669 
0.738632 
0.454584 
0.429994 
1.508102 
0.055023 
0.541725 
0.684985 
0.821420 
1.024759 
0.226367 
2.211177 
0.638037 
0.429408 
0.320003 
0.505502 
0.556875 
0.870826 
1.525739 
0.198828 
0.186317 
0.894305 
0.774654 
0.020219 
0.002649 
0.107990 
0.391659 
0.232235 
0.345648 
0.008776 
0.348115 
0.024249 
0.368967 
0.058615 
0.605797 
0.932041 
0.143422 
0.600299 
0.006579 
0.095739 
0.572677 
1.301588 
0.279550 
0.000951 
0.064645 
1.242838 
0.113151 
0.393291 
0.010728 
0.054523 
0.296044 
0.064726 
0.510187 
1.116687 
0.863006 
0.133855 
0.827343 
1.249735 
0.039765 
0.338475 
0.277462 
0.151024 
0.567093 
1.398263 
0.279211 
0.032915 
0.296364 
0.234540 
0.995428 
1.307209 
0.024383 
0.305242 
0.737300 
0.151459 
0.521278 
0.383221 
0.264291 
0.043806 
0.951286 
0.283273 
0.428545 
0.040211 
0.243892 
0.274856 
0.522554 
0.216309 
0.007625 
0.234439 
0.403148 
0.441407 
1.085720 
0.195710 
0.172270 
0.005912 
0.308247 
0.207214 
0.659176 
0.269815 
0.055912 
0.130729 
0.010039 
0.798275 
0.160981 
0.301200 
0.650688 
0.062202 
0.361442 
0.164808 
1.071990 
0.529240 
0.167511 
0.503811 
0.139979 
1.373227 
0.278976 
0.143167 
0.407682 
0.476093 
0.325969 
0.554261 
0.679458 
0.439117 
0.619746 
0.002051 
1.804551 
0.054341 
0.127195 
0.519718 
0.223552 
0.643498 
0.565623 
0.357668 
0.216939 
1.001905 
0.632528 
0.283514 
0.298621 
0.377259 
0.107557 
0.239133 
0.216771 
1.155334 
0.293805 
0.024473 
0.822775 
0.567829 
0.452172 
0.643327 
0.115459 
0.594125 
0.782575 
0.482346 
0.552103 
0.292137 
0.033741 
0.201360 
0.286171 
0.024344 
0.031581 
0.066300 
0.308278 
1.571010 
0.515675 
0.002781 
0.195380 
0.059457 
0.243494 
0.453867 
0.908855 
0.529934 
0.115863 
0.712418 
0.019053 
0.259711 
0.582154 
0.483100 
0.156924 
1.204983 
0.152895 
0.044947 
0.038050 
0.159739 
0.028183 
0.122900 
0.086706 
0.081265 
0.120437 
0.445814 
0.157392 
0.434717 
0.297922 
1.114417 
0.117361 
0.264948 
1.383814 
0.121971 
0.912790 
0.097920 
0.716357 
0.143796 
0.096222 
0.838575 
0.104117 
0.168191 
0.502509 
0.288205 
0.718990 
0.482979 
0.646199 
0.148704 
0.573901 
0.363596 
0.353708 
0.535349 
0.360060 
1.633543 
0.410275 
0.739827 
0.011596 
0.080950 
0.018204 
0.477987 
1.205831 
0.158905 
0.349449 
0.106710 
0.414951 
0.760852 
0.352139 
0.551334 
0.077017 
0.040100 
0.297589 
0.235342 
0.020656 
0.129539 
0.467438 
0.392565 
0.442825 
0.577854 
0.025014 
0.696036 
0.348147 
0.412549 
1.409274 
1.106120 
0.539456 
0.357635 
0.781564 
0.130370 
0.496491 
0.880578 
0.526867 
0.071521 
0.195124 
0.648232 
1.179997 
0.148340 
0.452349 
0.091861 
0.876906 
0.052069 
0.637503 
0.969135 
0.139495 
0.143116 
0.076242 
0.583799 
0.120361 
0.222499 
0.140425 
0.332669 
0.279550 
1.854755 
1.799319 
0.010021 
0.065682 
0.679830 
0.438095 
0.191344 
0.315855 
0.154606 
0.820850 
0.400350 
0.475136 
0.071690 
1.303662 
0.217002 
0.216687 
1.240497 
0.061363 
0.069266 
0.312012 
1.043848 
0.578560 
0.119845 
0.063904 
0.004235 
0.566491 
0.471723 
0.680674 
0.235399 
0.183335 
0.011976 
0.441450 
0.316526 
0.852813 
0.038509 
0.546973 
0.432025 
0.047592 
1.303617 
0.161376 
0.056823 
0.281719 
0.061434 
0.372409 
1.237581 
0.588353 
0.678844 
0.515747 
0.829383 
0.355147 
0.212240 
0.214177 
0.296286 
0.968203 
0.257821 
0.137143 
0.431041 
2.206903 
0.675250 
0.402227 
0.324690 
0.132784 
0.077434 
0.572482 
1.214415 
0.235573 
0.142414 
0.291215 
0.683534 
0.150890 
0.021936 
0.919002 
0.026224 
0.201662 
0.922449 
0.952660 
0.186164 
1.616001 
1.223706 
0.588792 
0.077477 
0.060754 
0.293253 
0.077359 
0.144172 
0.555720 
0.281711 
1.821063 
0.445537 
0.274441 
0.067518 
0.135852 
1.032633 
0.339715 
0.293558 
0.085362 
0.069679 
0.132541 
0.086689 
0.408842 
0.100546 
0.149159 
0.165046 
0.119990 
0.228405 
1.128062 
0.347420 
1.404279 
0.311818 
0.124957 
0.264227 
0.560178 
0.039756 
0.121525 
0.563656 
0.933259 
0.557027 
0.296320 
0.350230 
0.608399 
0.467325 
0.050581 
0.070356 
0.589086 
0.039391 
0.100681 
0.280438 
0.042432 
0.143474 
0.089045 
0.491272 
0.089970 
0.025274 
0.207472 
0.004593 
0.355599 
0.052713 
0.022695 
0.020859 
0.764864 
0.076068 
0.023335 
0.637512 
1.645479 
1.077262 
0.432787 
1.952307 
0.459830 
0.247160 
0.426785 
0.447925 
0.295786 
0.030086 
0.621255 
1.203039 
0.486690 
0.590818 
0.124734 
1.217994 
0.504397 
0.202164 
0.075291 
0.378461 
0.569796 
0.056451 
0.582908 
0.143063 
0.501994 
0.112128 
0.706981 
0.125608 
0.272949 
0.138614 
0.187318 
0.091324 
1.016361 
0.757593 
0.629129 
0.806408 
0.308527 
0.528347 
0.055992 
2.146357 
0.675065 
0.044818 
0.361974 
0.150296 
0.493556 
0.382059 
0.704728 
0.093632 
0.485733 
0.483805 
0.131082 
0.097297 
0.211623 
0.468761 
0.003577 
0.104920 
1.162908 
0.279475 
0.268496 
0.336406 
0.358821 
1.784797 
0.112605 
0.081178 
0.231672 
0.558530 
0.341028 
0.608263 
0.198196 
0.654003 
0.341996 
0.813283 
0.202500 
0.189719 
0.587056 
0.891629 
0.550125 
0.015313 
1.624797 
0.914939 
0.112995 
0.957240 
0.651920 
0.546728 
1.330716 
0.752095 
0.423665 
0.142724 
0.084046 
1.169166 
0.556724 
0.124731 
0.786721 
0.700585 
0.389288 
0.020840 
0.062593 
0.628516 
0.150756 
0.193737 
0.152441 
0.434881 
0.784162 
0.524421 
3.100600 
0.378856 
0.059730 
0.556420 
1.892621 
1.311781 
0.352497 
0.944727 
0.100713 
0.261102 
0.245196 
0.175196 
0.193450 
0.069221 
0.011699 
0.038319 
1.376952 
0.237200 
1.753780 
0.239049 
0.303247 
0.217935 
0.211280 
0.272647 
0.010152 
0.072388 
0.015060 
0.257839 
0.468494 
0.298205 
0.261218 
0.958058 
0.109876 
0.719558 
0.785509 
0.092223 
0.156965 
0.022439 
0.352020 
0.487703 
0.292687 
1.658799 
0.038198 
0.415023 
1.023318 
0.099381 
0.095280 
0.203793 
0.840880 
2.434026 
0.298163 
0.455667 
0.165654 
0.247644 
0.136372 
0.524243 
1.275930 
0.217310 
0.445498 
1.113875 
0.454330 
0.081094 
0.509051 
0.192866 
0.360981 
0.342475 
0.155061 
0.129332 
0.473458 
0.213556 
0.582423 
0.214031 
0.018435 
0.157535 
0.295634 
0.040163 
0.585147 
0.646485 
0.657683 
0.807349 
0.066782 
0.441694 
1.168240 
0.175353 
0.243331 
0.015171 
0.438917 
1.296081 
1.678429 
1.103537 
1.758633 
0.415983 
0.088005 
0.386824 
1.902886 
0.721237 
0.059745 
0.118086 
2.164681 
0.349537 
0.601092 
0.500671 
0.050950 
2.080952 
0.012862 
0.152115 
0.526330 
1.891623 
0.276034 
1.552798 
0.862890 
0.458030 
0.113098 
0.003555 
0.214179 
0.350182 
1.118647 
0.353392 
0.148560 
0.604834 
0.474993 
0.158432 
0.667493 
1.552679 
0.579056 
0.147269 
1.446528 
0.339331 
0.494339 
0.148187 
0.246526 
0.479196 
0.273927 
0.317228 
0.003803 
0.000290 
0.163155 
0.649999 
0.095678 
0.773715 
1.630476 
1.089264 
0.227837 
0.884027 
0.012691 
0.668838 
0.043035 
0.441871 
0.230329 
0.022706 
0.258297 
0.293633 
0.471311 
0.230421 
0.062475 
0.655543 
0.488192 
0.438586 
0.147330 
0.483907 
0.345730 
0.254066 
0.182163 
0.034790 
0.126063 
0.547048 
0.266910 
0.137381 
0.218536 
0.315320 
0.127588 
0.058706 
0.790008 
0.181746 
0.228955 
0.345015 
1.117885 
0.184425 
0.732142 
0.652358 
0.281014 
0.716783 
0.238354 
1.070978 
0.243780 
2.233341 
0.529474 
2.253241 
1.126381 
0.651360 
1.040535 
0.134863 
0.478960 
0.252603 
0.421245 
0.885376 
0.629911 
1.101622 
0.106475 
0.264122 
0.307636 
0.512021 
0.631258 
0.029051 
2.136070 
0.011614 
0.822395 
0.334445 
0.252300 
0.015174 
0.578293 
0.326089 
1.115319 
0.903786 
0.432751 
0.276027 
0.727341 
0.221771 
0.153382 
0.225989 
0.122102 
0.549247 
0.279365 
0.102746 
0.082659 
0.121724 
0.374860 
0.051644 
0.019958 
0.134803 
1.731931 
0.386232 
0.362927 
0.163653 
0.049510 
0.947315 
0.231109 
0.843368 
0.547548 
1.158494 
0.894654 
0.330734 
0.313803 
0.575478 
0.628923 
1.718926 
0.219245 
0.085872 
0.300125 
0.976122 
0.552069 
0.060731 
0.536327 
0.357921 
0.506532 
0.057986 
0.145615 
2.916921 
1.508426 
0.298440 
0.025778 
1.275670 
0.885382 
0.686033 
0.079537 
0.107594 
0.354856 
0.218973 
0.682587 
0.582266 
0.699763 
0.147849 
0.032168 
0.253413 
0.091634 
0.549932 
1.237195 
0.974544 
0.177603 
0.666976 
0.505435 
1.061071 
1.581503 
0.091983 
0.536390 
0.136877 
0.033909 
0.255647 
0.311053 
0.590875 
0.741568 
0.085627 
0.449165 
0.363857 
1.173284 
0.146074 
0.610805 
0.253981 
0.300609 
0.149192 
0.111064 
0.557997 
0.839791 
1.470296 
0.722136 
0.506588 
0.707453 
0.718103 
0.070231 
0.409569 
0.087737 
0.030965 
0.572754 
0.587693 
0.110099 
0.374494 
0.062414 
0.591675 
0.550812 
0.298068 
0.685969 
0.465118 
1.247733 
0.689665 
0.788242 
0.174075 
0.078295 
0.683834 
0.498491 
0.259050 
0.410582 
0.250172 
0.485650 
0.412238 
0.156223 
0.957379 
0.194762 
0.652808 
0.174599 
0.768705 
0.218750 
0.336680 
0.273556 
0.808974 
0.791831 
0.474597 
0.083758 
0.474387 
0.261456 
1.323035 
0.048245 
0.603168 
0.495416 
0.403707 
0.090055 
0.567787 
0.098554 
0.311262 
0.535165 
0.294611 
1.278715 
1.641027 
0.049514 
0.016509 
0.013757 
0.096630 
0.384605 
0.413696 
0.052854 
1.288544 
0.212885 
0.652618 
0.518872 
0.320525 
0.214740 
0.852026 
0.812163 
0.622822 
0.190963 
1.605678 
0.231486 
0.275444 
0.725883 
0.923312 
0.773186 
0.352814 
0.179701 
0.995243 
0.117533 
0.360925 
0.390388 
0.232018 
0.397516 
0.857035 
0.495597 
0.806850 
0.073131 
0.356605 
0.148939 
0.118647 
0.455556 
0.713884 
1.352500 
0.239190 
0.480619 
0.503219 
0.047339 
0.035878 
0.232029 
0.862732 
0.753295 
0.639737 
0.478592 
0.546286 
0.047674 
0.702688 
0.485486 
0.348359 
0.155547 
0.293832 
0.382018 
0.071245 
0.115590 
0.460235 
0.855465 
0.155853 
0.786508 
0.271717 
0.554098 
0.019313 
0.074795 
0.154122 
0.466754 
0.368264 
0.269337 
0.064348 
1.559744 
0.066427 
0.597310 
2.507387 
0.484094 
1.116694 
0.938889 
0.489251 
1.117102 
0.033706 
0.052879 
0.722064 
0.077755 
0.086570 
0.732529 
0.332190 
0.805491 
0.005353 
1.084793 
0.266346 
0.232495 
0.264406 
0.305090 
0.964451 
1.276721 
1.795066 
0.279964 
0.252742 
0.434882 
0.814160 
0.335943 
0.147670 
0.049791 
0.484816 
0.035432 
0.205387 
0.367561 
0.653951 
0.051074 
0.139289 
0.252320 
0.278248 
0.212461 
0.481931 
0.243191 
1.110861 
0.662440 
1.021698 
0.175232 
0.146407 
0.017791 
0.087193 
0.523950 
0.353195 
0.992563 
0.828951 
0.046403 
0.137406 
0.048137 
0.004138 
1.337801 
0.132356 
0.870517 
0.205077 
0.025676 
0.099555 
0.397902 
0.809483 
0.882612 
1.232012 
0.236624 
2.059242 
0.066604 
0.511759 
0.454455 
0.910604 
1.281874 
0.132743 
1.951420 
0.145007 
0.019202 
0.002843 
0.639401 
0.514902 
0.921934 
0.325517 
0.254547 
0.592370 
0.374187 
0.051533 
0.102360 
0.152258 
0.424821 
0.058124 
1.940138 
0.305807 
0.473866 
0.510677 
0.633773 
0.451848 
0.184585 
0.932335 
0.392230 
0.213142 
0.935446 
0.264415 
0.526266 
0.122770 
0.193222 
0.256603 
0.047657 
0.095926 
0.388514 
0.686567 
0.219825 
0.659400 
0.190123 
0.934233 
0.029493 
0.055314 
0.533074 
0.966897 
0.031380 
0.769487 
0.304668 
0.651663 
0.309302 
0.281793 
0.437704 
0.804485 
1.401248 
1.642721 
0.356341 
0.656003 
0.385780 
0.201023 
0.119522 
0.384684 
0.894426 
0.238095 
0.045192 
0.574505 
0.651926 
0.635317 
0.251860 
0.272322 
0.142268 
0.200517 
0.828189 
0.629525 
0.243638 
0.782970 
0.083152 
0.068008 
0.418565 
0.232113 
0.624574 
0.227405 
1.117971 
0.394290 
0.455231 
0.221148 
0.584446 
0.602313 
0.264980 
0.450002 
0.031922 
0.302509 
0.059693 
0.257428 
0.824040 
0.008941 
0.819402 
0.098861 
0.025566 
0.074238 
2.687448 
0.344259 
0.486426 
0.232122 
1.564088 
0.432658 
0.073613 
0.236362 
0.044810 
0.132466 
0.010876 
0.596072 
1.039536 
0.671369 
1.063408 
0.516521 
1.430730 
0.664654 
0.222448 
0.038436 
0.059399 
0.272241 
0.403352 
0.596959 
0.363824 
0.204234 
0.376730 
0.415041 
0.078030 
0.076291 
0.187726 
0.305523 
0.110102 
0.459312 
0.279448 
1.048834 
0.784242 
0.103297 
0.051269 
0.029418 
0.216705 
0.207413 
0.383253 
1.722648 
0.026063 
0.263657 
0.489520 
0.149835 
1.438817 
0.011023 
0.205010 
0.247825 
0.124973 
1.002367 
0.321186 
0.443226 
0.173955 
0.015080 
0.104010 
0.006421 
0.040947 
0.422280 
0.017628 
0.035851 
0.265774 
0.214782 
0.914718 
0.096951 
0.416755 
0.434229 
0.351100 
0.693897 
1.219820 
0.923598 
0.065488 
0.132860 
0.179128 
0.062269 
0.797610 
0.123006 
0.150197 
1.416324 
0.114786 
0.418631 
0.216142 
0.031359 
0.032944 
0.346192 
0.325040 
0.515154 
0.851922 
0.143547 
0.115736 
0.004686 
0.070356 
0.586446 
0.651032 
0.039462 
0.594502 
0.334392 
0.291114 
0.647421 
1.026125 
0.171893 
0.054238 
0.493116 
0.058575 
0.198375 
0.096462 
0.191288 
0.048813 
0.395377 
0.418900 
0.198465 
0.222894 
0.282036 
0.356754 
0.785781 
0.998932 
0.236759 
0.022700 
0.115965 
0.855838 
0.151828 
0.760573 
0.517759 
0.297577 
0.089000 
0.126005 
0.015507 
0.149878 
0.076436 
0.041971 
1.316105 
0.313410 
0.169932 
0.408180 
0.101430 
0.406938 
0.209120 
0.506894 
0.281088 
0.160737 
1.131048 
2.151136 
0.023953 
0.445312 
0.185922 
0.806977 
1.062452 
0.338854 
0.100575 
0.083280 
0.141538 
0.912931 
0.849500 
0.092953 
0.159977 
0.288182 
0.188054 
0.678085 
0.369869 
0.021646 
0.056923 
1.117118 
0.055624 
0.201461 
1.542539 
0.991587 
0.026060 
0.170507 
0.574474 
0.265858 
0.075776 
0.299566 
0.001048 
1.041050 
0.025168 
0.281996 
0.626591 
0.733763 
0.155002 
0.482720 
0.279308 
0.029844 
1.033492 
0.377933 
0.081434 
0.520585 
0.317371 
0.487211 
0.156843 
0.567586 
0.051896 
0.696323 
0.632508 
0.158675 
0.177343 
0.023888 
0.101750 
0.293860 
0.067620 
0.478948 
0.145803 
0.116897 
0.456205 
0.386820 
1.101104 
0.459397 
0.422594 
0.438579 
0.086363 
0.105653 
0.187717 
0.139630 
0.045505 
0.545297 
0.117240 
0.804429 
0.420615 
0.418032 
0.343580 
0.585349 
0.710865 
0.252996 
0.075653 
0.278823 
0.065753 
0.088434 
0.136305 
0.670212 
0.229875 
0.441812 
0.382878 
1.509655 
1.192942 
0.180123 
0.602763 
0.683853 
0.801617 
0.444425 
0.010554 
0.289396 
0.391915 
0.258658 
0.111445 
0.113480 
0.262943 
0.342152 
0.399790 
0.016851 
0.922814 
0.354629 
0.308730 
0.371425 
0.575088 
0.621771 
0.512211 
0.012323 
0.734234 
0.444336 
0.661999 
0.104022 
0.226937 
0.066732 
1.395476 
0.122432 
0.237048 
0.349914 
0.145708 
0.378830 
0.529687 
0.231230 
0.440674 
0.442990 
0.019227 
1.186639 
0.833990 
0.383524 
0.167829 
0.056044 
0.642226 
0.370019 
0.336675 
0.203554 
0.022183 
0.030548 
0.382063 
0.908615 
0.366129 
1.232617 
0.629119 
0.611885 
0.428826 
0.069730 
1.266068 
0.176274 
0.188061 
1.430092 
0.948791 
0.648638 
0.256108 
0.255472 
0.588195 
0.111812 
0.151130 
0.436653 
1.538923 
1.563599 
0.060135 
0.290775 
0.018007 
0.144957 
0.445143 
2.248423 
1.105292 
0.119514 
0.171526 
0.313503 
0.030474 
0.986868 
0.368874 
0.375350 
0.054246 
1.524992 
0.324131 
1.777476 
0.495458 
0.061854 
0.683720 
0.656654 
0.057358 
0.699757 
0.121318 
0.421978 
0.421773 
0.410738 
0.662502 
0.237985 
0.435808 
0.001897 
1.440438 
0.124895 
0.441986 
0.008653 
0.805551 
0.198652 
0.005558 
0.748283 
0.394897 
0.058475 
1.542085 
0.226452 
1.347355 
0.542333 
0.326150 
0.016595 
0.147107 
0.287074 
0.083489 
0.002686 
0.440355 
0.076335 
0.730075 
0.010558 
0.468086 
0.061430 
0.252400 
0.100537 
0.007711 
0.500604 
0.148881 
0.441459 
0.443227 
0.185963 
0.930722 
0.202892 
1.115713 
0.012347 
0.581939 
0.298850 
0.024029 
0.256275 
0.023000 
0.181098 
0.674159 
0.558648 
0.716466 
0.038643 
0.331026 
0.692360 
1.369454 
0.220526 
0.102110 
0.391612 
0.486136 
0.614898 
1.053331 
0.042768 
0.091490 
0.079008 
0.010440 
0.075775 
0.269642 
0.304170 
0.092714 
0.632045 
0.067306 
0.086575 
1.637049 
0.478463 
0.027824 
0.048525 
0.352551 
0.755119 
0.052901 
0.348827 
0.234247 
0.128013 
0.252850 
1.846497 
0.418160 
0.250479 
0.203013 
0.836577 
0.037608 
0.294047 
0.788936 
0.465769 
0.353199 
1.445435 
0.029660 
0.109673 
0.498184 
0.502589 
0.264105 
0.072706 
0.309155 
0.499605 
0.042276 
0.633180 
0.177580 
0.085290 
0.854317 
0.074821 
0.071264 
0.793611 
0.488311 
0.065440 
0.492181 
0.310199 
0.343683 
0.346263 
0.625879 
0.170919 
0.360941 
0.874703 
0.905191 
0.176478 
0.448758 
1.467478 
0.093443 
0.547959 
0.235525 
0.088790 
0.388339 
0.013411 
0.036854 
0.281150 
0.366177 
0.582102 
0.068596 
0.116480 
0.100206 
0.659237 
1.696481 
0.854860 
0.030140 
0.559682 
0.743138 
0.044227 
0.569766 
0.722804 
0.345908 
0.354130 
1.423153 
0.028081 
0.307101 
0.275834 
0.804756 
0.388950 
0.520767 
0.440218 
0.121214 
0.349597 
0.670712 
0.319241 
0.322554 
1.108217 
1.374089 
0.837600 
0.667594 
0.715574 
0.291590 
0.117353 
0.099364 
0.501837 
0.167657 
0.363782 
0.496349 
0.057320 
0.316667 
0.312185 
0.086353 
0.924805 
0.436788 
0.930654 
0.031475 
0.150595 
1.141714 
0.469649 
0.476302 
0.112855 
0.498139 
0.063327 
0.367068 
0.369724 
0.458401 
0.116664 
0.526308 
0.575940 
0.295929 
0.890611 
0.540991 
0.452767 
0.992332 
1.339868 
0.832686 
0.121795 
0.489429 
0.074763 
0.137654 
0.066720 
0.369292 
0.304817 
0.444323 
0.404422 
0.051979 
0.447543 
0.112460 
0.739227 
0.752711 
0.722728 
3.019960 
0.010849 
0.604159 
0.094898 
0.231628 
0.531093 
0.239793 
0.081528 
0.590363 
0.590846 
0.322111 
0.606379 
0.250749 
0.137235 
0.117842 
0.611949 
0.114778 
0.200327 
0.086767 
0.057923 
0.058373 
0.290947 
0.279004 
0.804123 
0.660714 
0.238228 
0.045288 
0.040797 
0.155015 
0.002852 
0.045267 
0.204481 
0.394105 
0.627462 
0.571000 
0.412554 
0.015963 
0.304346 
0.379663 
0.091671 
0.886293 
0.177207 
0.321609 
0.274550 
0.218481 
0.116769 
0.723180 
0.145759 
2.220731 
1.153763 
0.157486 
0.075528 
0.186957 
0.031093 
0.221859 
0.191155 
0.674417 
0.757165 
0.965547 
0.289034 
0.197156 
0.049135 
0.761628 
0.560914 
1.007303 
0.080057 
0.043056 
0.201316 
0.225918 
0.410918 
0.287017 
0.015288 
0.015759 
0.701148 
1.050327 
1.088442 
0.834203 
0.656240 
0.398748 
1.284186 
0.781017 
0.667512 
0.062467 
0.314029 
1.913641 
0.656264 
0.715468 
0.528121 
0.321384 
0.154556 
0.286500 
0.457458 
0.315493 
0.306915 
1.046539 
2.333186 
0.017170 
0.928142 
0.616038 
0.353849 
0.058419 
0.022460 
0.189405 
0.755439 
0.138109 
0.019246 
0.492353 
0.449304 
0.284192 
0.091490 
0.075741 
0.183152 
0.195717 
0.298562 
0.243853 
0.413864 
0.412524 
0.378803 
0.137083 
1.223224 
0.452834 
0.727868 
0.092642 
0.316986 
0.272913 
0.323656 
0.125735 
0.083654 
0.157931 
0.115481 
0.223417 
0.450418 
0.653914 
0.675867 
0.411268 
0.586759 
1.044072 
0.308557 
0.144858 
0.967534 
0.510773 
1.108358 
0.202616 
0.091856 
0.558034 
0.130038 
0.038518 
0.028367 
1.340994 
0.700692 
0.235804 
0.289572 
0.046421 
0.954169 
0.647455 
0.098363 
0.379539 
0.086012 
1.559368 
0.599563 
0.936270 
0.050051 
0.544260 
0.730906 
1.430548 
0.325291 
0.155597 
0.907852 
1.491701 
0.324800 
0.149330 
0.011881 
0.003279 
0.498130 
0.008605 
1.673718 
0.089291 
0.296131 
0.796550 
0.618629 
0.474476 
0.402879 
0.319164 
0.046229 
0.074460 
0.162742 
0.560306 
0.256744 
0.064771 
0.088763 
0.575800 
0.027929 
1.247927 
0.104316 
0.228861 
0.222358 
1.809825 
0.096640 
1.050707 
0.103569 
0.276438 
0.138353 
1.471993 
1.696878 
0.076699 
0.515957 
0.169987 
0.027781 
0.304735 
0.033070 
0.047174 
0.157881 
0.916798 
0.872886 
0.364851 
0.387892 
1.193424 
0.312288 
0.060899 
0.232269 
0.170428 
0.458662 
0.593815 
0.679022 
0.060290 
0.585499 
0.161876 
0.323842 
0.471138 
0.071506 
0.881823 
1.654835 
0.688123 
0.509468 
0.178847 
1.037575 
1.224739 
0.039596 
0.325612 
0.086056 
0.211540 
0.487183 
1.307791 
0.066875 
0.605439 
0.261207 
0.471142 
0.099472 
0.016798 
1.074123 
0.374574 
0.247318 
0.049726 
0.238270 
0.020867 
0.062055 
0.387327 
1.704907 
0.081321 
0.019723 
0.291245 
0.204276 
0.397009 
2.376418 
0.051770 
0.232274 
0.245102 
0.123526 
0.356948 
0.062486 
0.081702 
0.192203 
0.005684 
0.505255 
0.585287 
0.087778 
0.208221 
0.026904 
0.183431 
0.273321 
1.651396 
1.096399 
0.200874 
0.377052 
0.842726 
0.089232 
0.411965 
0.102003 
0.146149 
0.803765 
0.423405 
0.287213 
1.310676 
0.308484 
0.963027 
0.014720 
0.413996 
0.393274 
0.622770 
0.908560 
0.161754 
0.127284 
0.136904 
0.762776 
0.184340 
0.446508 
1.049541 
0.122143 
1.216386 
1.788538 
0.319186 
0.302107 
0.189661 
0.138982 
0.653788 
0.543028 
0.105452 
0.094103 
0.276231 
0.006291 
0.050548 
3.137934 
0.413859 
0.336158 
0.062405 
0.252360 
0.181609 
1.006098 
0.437263 
0.406372 
0.697730 
0.443982 
0.847553 
0.410184 
0.256621 
0.300713 
0.163603 
0.634269 
0.036575 
0.269932 
0.345064 
0.690425 
0.708400 
1.290168 
0.349595 
0.617666 
0.550146 
0.131412 
0.553021 
0.235552 
0.708129 
1.030544 
0.061692 
0.149275 
0.308226 
1.641164 
0.110488 
0.178063 
0.476220 
0.084808 
0.221032 
0.021357 
0.200289 
0.128521 
0.094808 
0.375424 
0.168745 
0.177982 
0.369343 
0.182110 
0.537740 
0.220710 
0.309007 
0.884969 
0.577435 
0.656765 
0.029579 
0.121632 
0.903712 
0.141983 
0.208419 
0.723109 
0.633066 
0.164566 
0.270521 
0.791801 
0.283972 
0.605173 
1.054914 
0.238040 
0.874556 
0.059846 
0.472045 
0.000428 
0.549201 
1.767133 
0.058585 
0.549233 
0.169205 
0.266407 
0.541867 
0.195966 
0.486879 
0.060547 
0.277153 
1.269932 
0.123881 
1.522576 
0.690007 
0.322255 
0.227553 
0.166535 
0.743948 
0.532970 
0.542280 
1.276623 
0.667043 
0.123290 
0.437811 
0.181915 
0.573388 
0.145706 
0.324568 
0.012058 
0.596859 
0.387127 
0.708651 
0.775723 
1.155772 
0.464619 
0.166103 
0.202125 
0.098055 
0.004948 
0.136992 
0.188525 
0.485684 
0.024418 
0.722834 
0.631870 
0.369237 
0.383006 
0.011099 
0.129470 
0.459276 
2.123638 
0.388949 
0.500207 
0.260463 
0.686344 
0.430603 
0.534800 
0.208420 
0.778778 
0.315773 
0.597063 
0.383251 
1.212778 
0.414397 
0.365941 
0.684445 
0.347040 
0.170642 
0.153631 
0.107641 
2.661479 
0.325456 
0.170493 
0.199925 
0.171871 
0.343332 
0.207500 
0.503511 
0.449006 
0.212916 
0.304038 
0.445635 
0.766128 
0.292662 
0.275971 
0.467811 
0.313380 
0.592963 
0.232268 
0.146349 
0.228528 
0.590491 
0.007391 
0.219820 
0.485711 
0.216666 
0.272910 
0.272332 
0.288422 
0.071188 
0.184067 
0.501854 
0.322539 
0.453535 
0.195136 
0.036534 
1.573528 
0.118094 
0.121107 
0.230916 
0.269950 
1.136608 
0.346184 
0.207705 
0.428563 
0.183595 
0.456044 
0.238327 
0.167809 
0.376188 
0.681208 
0.524112 
0.240666 
0.526335 
0.020579 
0.219791 
2.116381 
0.339758 
0.125469 
0.221448 
0.635123 
0.533980 
0.060516 
0.253152 
0.342924 
0.101898 
0.028761 
0.203448 
0.266861 
0.127967 
0.050340 
0.675007 
0.424539 
0.009881 
0.708491 
0.434876 
0.621572 
0.839187 
0.412020 
0.018027 
0.012676 
0.102287 
0.022882 
2.201377 
0.305716 
1.174738 
2.110665 
1.022906 
0.538386 
0.422455 
0.393425 
0.055241 
0.096935 
0.052121 
0.355348 
0.752979 
0.431634 
0.304918 
0.390158 
0.671206 
0.365157 
0.534792 
0.146142 
0.460228 
0.644314 
0.862144 
0.566965 
0.421708 
0.468150 
1.606202 
1.013556 
0.281321 
0.025730 
0.084306 
0.130901 
0.002409 
0.902417 
0.037801 
0.216643 
1.080314 
0.178953 
0.427061 
0.441632 
0.030043 
0.085845 
0.431896 
0.126298 
0.370086 
0.434879 
0.717518 
0.807177 
0.053046 
0.366422 
0.738762 
0.357898 
0.157976 
0.248157 
0.345745 
0.548658 
0.025978 
0.161631 
1.347395 
0.659534 
0.291198 
0.253505 
0.091816 
0.268905 
0.049148 
0.143371 
0.163670 
0.359342 
0.748918 
1.272930 
0.180691 
0.185141 
0.003775 
1.003945 
0.305550 
0.569281 
0.639867 
0.735824 
0.960328 
0.613610 
0.828366 
0.648029 
0.082667 
0.320628 
0.152480 
0.531874 
0.152455 
0.008436 
0.328386 
0.892120 
0.061750 
0.136091 
0.539126 
0.945639 
0.078924 
0.133452 
0.165563 
0.000033 
0.138956 
0.011144 
1.713741 
0.458748 
0.967756 
0.403885 
1.021046 
1.444911 
0.188391 
0.144157 
0.162526 
1.342781 
0.931796 
0.090639 
0.118214 
0.680863 
1.168588 
0.115442 
0.108136 
0.012159 
0.386599 
0.227894 
0.082969 
0.125475 
0.381816 
0.984804 
0.239625 
0.227113 
0.091211 
0.174501 
0.137295 
1.424186 
0.329568 
0.201240 
0.360686 
0.352998 
0.310553 
0.134265 
0.385422 
0.466799 
0.081435 
0.546560 
0.052196 
0.090095 
0.005507 
0.875085 
0.763448 
0.704175 
2.412508 
0.296474 
0.365416 
0.013397 
0.341507 
0.101226 
0.159848 
2.687812 
0.371395 
0.119970 
0.777974 
0.203475 
0.052349 
0.285448 
0.300143 
0.115331 
1.066197 
0.852697 
0.263981 
0.336634 
0.448414 
0.111945 
0.150950 
0.492771 
0.815841 
0.231881 
0.290404 
0.487857 
0.239718 
0.292965 
0.272620 
0.275092 
0.370687 
0.369643 
0.168307 
0.627481 
1.009081 
0.765874 
0.748018 
0.648772 
0.398236 
0.013483 
0.747266 
0.407647 
0.065997 
0.189754 
0.411909 
0.198174 
0.119211 
0.191116 
0.685959 
0.377592 
0.435789 
0.570140 
0.518349 
0.221157 
1.436442 
0.590698 
0.030384 
0.408183 
0.125598 
0.082350 
0.155881 
0.401036 
0.109027 
0.040914 
0.238741 
0.406060 
0.023487 
0.227615 
0.593525 
1.268106 
0.315906 
0.120859 
0.046709 
0.001008 
0.178980 
0.180981 
0.655098 
0.974008 
0.076669 
0.557743 
0.069583 
0.036368 
0.014640 
0.381536 
0.221327 
1.228591 
0.639111 
0.065548 
0.154618 
0.087821 
0.595278 
0.065657 
1.438800 
0.000481 
0.683354 
0.851603 
0.357593 
0.054616 
0.552540 
0.111469 
1.404825 
0.171739 
0.035439 
0.404780 
0.367761 
0.050869 
0.084168 
0.762144 
0.073809 
0.878674 
0.038546 
0.028477 
0.004868 
0.088795 
0.585196 
0.137718 
1.408229 
0.206536 
0.222831 
0.001001 
0.034541 
0.141737 
0.267680 
0.254805 
0.179111 
0.548426 
0.316928 
0.214780 
0.744796 
0.377677 
0.003862 
0.127387 
0.134493 
0.045791 
0.690264 
0.334399 
0.408310 
0.078531 
0.280255 
0.192849 
0.070006 
0.065444 
0.695101 
0.156552 
0.744541 
0.731075 
0.080635 
0.791956 
0.252982 
0.836647 
0.274435 
0.003158 
2.445771 
0.034163 
0.424108 
0.583923 
0.290957 
0.462528 
0.317915 
0.757793 
0.049349 
0.153291 
1.236669 
0.575566 
0.474181 
0.644359 
0.125793 
0.810890 
0.110945 
0.060376 
0.503404 
0.182846 
0.345033 
0.124934 
0.670906 
0.052916 
0.034761 
0.096630 
0.392757 
0.459452 
0.194927 
0.933104 
0.015382 
0.372769 
0.820313 
0.291013 
0.656733 
0.683254 
0.028568 
0.161131 
0.329817 
0.954425 
0.852075 
0.049576 
0.102819 
0.245587 
1.443276 
0.060883 
0.970440 
0.422006 
0.010996 
0.169783 
0.498563 
0.174868 
0.739303 
0.190716 
0.650175 
0.539511 
0.085928 
0.141214 
0.612115 
0.700344 
0.595550 
0.708882 
0.368324 
0.269229 
0.914049 
0.039117 
0.256596 
1.404837 
0.183173 
1.024082 
1.457412 
0.035375 
0.156507 
0.412661 
0.431524 
1.110801 
0.402728 
0.101396 
0.353269 
0.084641 
0.012051 
0.294842 
0.306098 
0.128266 
0.684340 
0.543760 
0.155911 
0.223527 
0.099601 
0.006601 
0.024583 
0.958420 
0.596141 
0.377444 
0.108052 
0.286874 
0.078608 
1.853959 
0.360857 
0.258617 
0.190428 
0.340363 
1.927061 
0.718350 
1.523324 
0.446601 
0.098370 
0.685474 
0.565622 
0.350104 
0.361311 
0.055092 
0.037082 
0.441155 
0.211100 
0.070429 
0.086293 
1.395218 
0.827601 
0.230801 
0.764671 
0.959128 
0.562621 
1.458747 
0.778752 
0.186269 
0.436183 
0.164318 
0.860037 
0.411143 
0.905998 
0.081744 
0.570478 
0.099839 
0.224910 
0.144671 
0.454873 
0.344815 
0.246744 
0.287385 
0.226236 
1.445768 
0.313532 
0.411915 
0.269103 
0.116718 
0.154631 
0.347689 
0.447670 
1.724348 
0.133099 
0.089312 
0.085096 
0.422931 
0.357734 
0.311916 
0.042111 
1.172133 
0.183012 
0.650968 
0.335958 
0.358165 
0.814506 
0.370646 
0.997375 
0.259223 
0.165685 
0.122408 
0.551783 
0.014208 
0.138138 
0.911056 
0.033272 
0.242624 
0.169207 
0.314734 
0.128095 
0.790501 
0.227003 
0.463696 
0.029705 
0.798838 
0.598506 
0.424908 
0.222613 
1.128693 
0.181679 
0.486992 
0.338478 
0.311162 
0.749663 
0.022345 
0.027413 
0.007673 
0.126868 
0.078794 
0.019783 
0.527378 
0.008984 
0.304659 
0.393791 
0.836018 
1.335239 
0.672434 
0.433636 
0.048108 
1.905229 
1.018635 
0.079862 
0.631991 
0.470281 
1.230942 
0.016416 
0.332500 
0.248936 
0.420846 
0.008194 
0.116408 
0.025070 
0.847805 
1.986181 
0.119496 
0.701578 
0.094554 
0.417987 
0.891248 
0.821063 
0.795604 
1.315857 
0.028223 
0.500596 
0.092006 
0.262835 
0.124646 
0.181129 
0.380386 
0.841722 
0.449084 
0.263656 
0.456693 
0.091153 
0.310528 
0.667675 
0.284503 
0.279183 
0.296630 
0.426454 
0.817941 
0.511208 
0.046010 
0.289119 
0.031378 
0.612189 
0.298831 
0.502125 
0.732887 
0.037720 
0.307095 
0.189503 
0.155758 
0.124197 
0.103244 
0.305358 
0.023932 
0.855096 
0.173096 
0.403132 
0.213503 
0.298004 
0.323712 
0.139933 
0.462199 
0.060628 
0.116278 
0.088679 
0.025170 
0.350504 
0.295213 
0.727138 
1.199083 
0.102547 
0.023005 
0.345098 
0.206448 
0.136956 
0.164600 
0.196491 
0.466008 
0.542012 
1.528883 
0.959597 
0.511277 
1.075487 
1.368052 
0.059509 
0.088540 
0.438773 
1.084974 
0.013085 
0.545474 
0.087290 
0.694092 
0.264262 
0.281498 
0.462598 
0.258076 
0.613627 
0.006055 
0.007713 
0.627990 
0.324306 
0.105421 
0.128410 
1.402050 
0.085747 
0.299292 
0.483012 
0.092018 
0.804089 
0.369631 
0.057707 
0.565533 
0.417258 
0.043329 
0.015487 
0.364908 
0.334269 
0.139950 
0.061105 
0.241109 
0.376254 
0.862154 
0.661777 
0.182965 
0.370730 
0.144631 
0.336627 
0.315694 
0.134070 
0.008241 
0.010155 
0.134345 
0.931624 
0.231643 
0.019972 
0.622125 
1.332809 
0.317137 
0.151148 
0.063862 
0.398800 
0.604151 
0.059706 
1.024777 
0.276487 
0.143621 
0.165723 
0.130819 
0.420636 
1.134038 
0.208765 
0.075299 
0.811706 
0.026621 
1.313704 
0.049432 
0.080737 
0.061239 
1.301786 
0.822963 
0.742886 
0.180655 
0.246226 
0.034987 
0.190885 
0.006689 
0.247835 
0.274692 
0.169282 
0.299872 
1.384869 
0.971137 
0.276127 
0.934902 
0.017632 
0.120310 
0.940133 
0.068636 
0.356506 
0.395572 
0.466470 
0.767057 
0.393027 
0.954671 
1.028610 
0.116495 
0.472413 
0.675924 
0.033920 
0.818843 
1.277004 
0.346544 
0.479199 
0.302526 
0.255595 
0.206074 
0.102149 
0.666387 
0.723243 
0.595216 
0.332396 
0.351283 
1.445297 
0.905813 
0.149947 
0.029547 
0.049356 
0.339956 
0.648306 
0.365146 
0.318436 
0.336549 
0.057361 
0.968459 
0.300285 
0.002446 
0.165932 
0.719406 
0.556248 
0.071628 
1.060571 
0.164369 
0.108412 
0.234461 
0.052434 
0.219454 
0.043157 
1.258885 
0.246182 
0.050559 
0.214294 
0.145638 
0.416238 
1.451682 
0.275722 
0.334150 
0.066307 
0.560583 
0.210432 
0.077825 
0.287226 
0.108343 
0.170903 
0.067274 
0.042855 
0.138859 
0.146902 
0.675664 
1.480171 
0.156293 
0.670423 
0.068818 
0.397144 
0.046912 
0.050014 
0.266565 
0.012056 
0.501953 
0.568574 
0.231026 
1.448636 
0.212532 
0.189882 
0.799095 
0.162929 
0.587099 
0.156381 
0.092719 
1.297044 
0.748750 
0.691701 
0.699514 
0.206200 
0.138212 
1.459349 
0.424323 
0.902390 
1.326686 
0.461022 
0.222680 
0.298176 
0.949362 
0.114178 
0.226242 
0.045239 
0.211970 
1.390576 
0.585313 
0.250085 
0.636745 
0.073629 
1.564180 
0.560619 
0.627692 
0.740383 
1.026662 
0.128542 
0.671552 
0.230134 
0.373244 
0.451578 
0.467766 
1.132268 
0.239129 
0.162158 
0.044800 
1.026937 
0.120360 
0.198171 
0.080947 
1.211776 
0.142441 
0.112079 
0.177823 
0.276460 
0.570022 
0.275654 
0.067549 
0.149979 
1.267185 
0.430595 
0.387178 
0.405367 
0.304833 
1.274158 
0.751226 
0.539323 
0.037824 
0.111725 
0.476146 
0.104266 
0.953012 
0.827154 
0.858894 
0.355845 
0.162897 
0.928717 
0.188071 
0.103487 
1.518333 
1.472744 
1.188307 
1.612328 
0.372476 
0.014987 
0.510177 
0.730096 
0.081892 
0.307153 
0.264448 
0.218373 
0.498776 
1.223934 
0.131877 
0.043602 
0.480254 
0.008896 
0.061710 
1.099206 
1.053541 
0.693378 
0.990743 
0.628071 
0.132910 
0.625249 
0.377610 
1.152449 
0.673985 
0.156980 
0.252485 
0.031091 
0.175134 
0.588521 
0.270593 
0.182728 
0.312890 
0.299539 
0.291359 
0.448222 
0.383223 
0.291545 
0.180782 
0.489336 
2.177193 
0.510642 
0.186602 
0.040664 
0.367071 
0.436106 
0.113484 
0.394429 
0.745468 
0.109795 
0.195810 
0.716646 
0.229266 
0.500964 
0.496398 
0.559423 
0.026992 
0.388219 
0.059613 
0.577264 
0.015158 
0.072603 
0.059639 
0.406302 
0.572224 
0.141898 
1.886442 
1.509783 
0.039070 
0.627948 
0.068537 
0.126097 
0.541581 
0.093775 
0.077579 
0.249308 
0.652075 
0.020048 
0.408134 
0.299923 
1.461803 
0.785020 
0.054346 
0.235061 
0.520314 
0.195990 
0.122971 
0.129419 
0.093278 
0.315705 
0.281784 
0.258798 
0.107549 
0.083227 
0.349116 
0.256669 
0.313650 
0.811152 
0.649671 
0.194867 
0.221360 
0.525060 
0.197962 
0.005332 
0.057778 
0.076975 
0.553691 
0.453293 
0.033652 
0.080455 
1.983191 
0.038622 
0.655726 
0.119133 
0.021830 
1.224313 
0.055955 
0.583586 
0.048035 
0.229321 
1.264620 
0.186945 
0.607197 
0.115423 
0.457572 
0.028620 
0.112171 
0.050797 
0.492429 
0.381203 
0.018451 
1.098297 
0.072415 
1.055628 
0.748301 
0.553965 
0.404456 
0.420422 
0.652329 
0.111567 
1.097087 
0.274842 
0.229300 
0.275721 
0.323501 
0.210956 
0.550195 
0.682169 
0.219236 
1.388104 
1.119614 
0.192064 
0.335050 
0.148619 
0.203765 
0.090119 
0.651608 
0.019029 
0.348891 
0.335120 
0.338463 
0.131503 
0.173557 
0.452885 
0.302524 
0.227935 
0.058013 
0.096227 
0.005117 
0.690950 
1.117811 
0.062040 
0.034463 
0.266271 
0.793758 
0.380431 
0.394763 
0.015673 
0.369039 
0.160068 
1.124422 
0.089700 
0.278562 
0.743519 
0.577513 
0.373843 
0.277495 
1.436421 
0.543319 
0.244615 
0.291329 
0.026424 
0.528360 
0.132895 
0.180220 
0.130468 
0.299694 
0.300829 
0.368169 
0.958083 
0.174509 
0.281836 
0.301656 
0.404897 
0.187987 
0.043478 
0.148586 
0.280299 
0.127378 
0.009772 
0.430085 
0.140419 
0.198557 
0.492346 
0.350479 
0.029739 
0.046575 
0.163419 
0.826445 
0.717704 
0.106016 
0.261581 
0.425428 
1.417100 
0.191555 
0.714263 
0.636187 
0.095844 
0.008457 
0.162794 
0.062306 
0.035180 
0.157298 
0.036543 
0.171984 
0.300338 
0.016991 
0.083581 
1.376110 
0.037954 
0.973305 
0.158779 
0.074959 
0.498933 
0.866135 
0.442149 
0.147541 
0.331288 
0.335029 
1.085601 
2.152029 
0.146238 
0.175327 
0.637678 
0.255743 
0.374931 
0.136152 
0.260334 
0.024940 
0.032993 
0.184533 
0.352010 
0.294917 
1.623415 
0.444031 
0.345402 
0.540183 
0.474686 
0.168969 
0.115949 
0.203773 
0.205067 
0.705629 
0.013383 
0.020795 
0.256289 
0.183831 
0.493842 
0.064377 
1.291022 
0.104643 
0.241286 
0.334967 
0.721533 
0.145443 
0.087713 
0.146601 
0.234332 
0.086087 
0.204887 
0.251406 
0.376914 
0.406525 
0.051609 
0.775019 
0.217576 
1.148217 
0.216053 
1.625700 
0.499367 
0.083425 
1.134866 
0.516090 
0.928492 
0.180207 
1.007851 
0.109596 
0.178667 
0.131923 
0.241347 
0.984833 
0.335613 
0.210165 
0.621358 
0.944460 
0.022612 
1.429006 
0.193658 
0.160138 
0.751317 
0.174366 
0.599117 
0.355685 
0.379767 
0.867925 
1.361000 
0.383072 
0.037536 
1.016131 
1.796891 
0.366292 
0.464183 
0.326136 
0.675908 
1.282319 
0.068929 
0.166997 
0.044345 
0.953839 
0.200761 
0.763855 
0.294631 
0.183360 
0.480593 
0.186829 
0.750900 
0.290099 
0.390083 
0.391421 
0.497570 
0.070472 
0.396304 
0.019438 
0.791057 
0.862163 
0.764529 
1.277849 
0.121171 
0.152509 
0.307056 
0.409586 
0.252319 
0.251286 
1.415239 
0.462035 
1.178917 
0.368050 
1.042259 
0.124242 
0.324056 
0.409806 
0.604764 
0.001311 
0.070313 
0.160302 
0.116822 
0.233575 
0.013168 
0.870208 
0.651976 
0.097688 
0.389093 
1.482195 
0.759075 
0.516882 
0.095081 
0.069988 
0.323682 
0.565860 
0.024967 
0.036701 
1.495564 
0.102889 
0.381482 
0.330936 
0.084590 
0.206397 
0.010137 
0.366162 
0.288119 
0.038390 
0.291708 
0.368195 
0.161905 
0.154084 
0.399859 
0.048675 
0.670211 
0.220461 
0.495330 
0.344790 
1.862774 
0.066002 
0.321789 
0.694022 
1.071849 
0.124185 
0.839718 
0.354297 
0.730028 
0.501496 
0.078075 
0.442165 
0.314474 
0.193878 
0.676936 
0.144621 
0.141760 
0.049530 
0.372266 
0.370946 
0.802112 
0.438044 
0.443511 
0.159754 
0.284951 
0.304771 
0.634526 
0.208271 
0.125268 
0.320531 
0.293816 
0.137309 
0.194374 
0.065694 
0.087771 
0.064088 
0.106538 
0.195146 
0.172277 
0.092129 
0.173780 
0.279085 
0.294778 
0.116595 
0.428015 
0.251424 
1.920068 
0.508601 
1.595242 
0.344041 
0.834731 
0.593039 
0.078130 
0.241283 
0.267088 
0.006667 
0.381310 
0.610627 
0.621928 
0.062526 
0.308599 
0.036501 
0.730121 
0.187097 
0.415664 
0.252831 
0.369489 
0.645467 
1.110466 
0.416984 
0.014638 
0.302298 
0.022525 
0.628812 
1.791460 
0.154218 
0.130948 
0.183748 
0.348880 
0.186608 
0.109164 
0.116879 
0.040182 
0.223196 
0.306709 
1.463105 
0.329337 
0.081165 
0.003016 
0.286392 
0.278427 
0.023968 
0.091956 
0.865007 
0.597571 
0.331450 
0.276221 
0.719098 
0.268534 
0.175380 
0.062952 
1.040280 
0.207812 
0.095672 
0.457571 
0.023720 
0.009937 
1.156778 
0.172946 
0.513142 
0.030243 
0.273907 
0.050268 
0.140098 
0.150464 
0.169909 
0.003963 
0.096656 
0.231903 
1.838347 
0.113931 
2.596059 
0.866817 
0.092688 
1.332191 
0.243187 
0.796736 
0.978850 
0.519744 
0.534858 
0.014687 
0.197543 
0.479656 
0.200799 
0.589788 
0.021847 
0.361867 
0.283417 
0.324083 
0.049681 
0.857762 
0.342064 
0.021937 
1.143292 
2.034813 
1.482358 
0.014126 
0.072809 
1.056641 
0.106308 
0.182621 
0.680999 
0.012324 
0.812873 
1.368274 
0.288971 
0.049234 
0.144144 
1.321380 
0.053893 
0.718580 
0.463217 
0.500433 
0.099980 
0.624224 
0.099222 
0.140748 
0.444829 
0.441966 
0.569663 
0.586012 
0.250572 
0.222008 
0.759016 
0.157159 
0.149083 
0.110805 
0.995090 
0.445730 
0.064024 
0.018809 
0.177530 
0.945678 
0.175728 
0.082155 
1.850111 
0.335409 
0.579526 
0.032418 
0.319113 
0.073802 
0.452668 
0.348539 
0.237566 
0.103247 
0.383219 
0.250665 
0.238165 
0.475046 
1.834667 
0.108922 
1.012551 
0.611181 
2.739775 
0.134654 
0.522927 
0.555835 
0.545613 
0.533059 
0.545545 
1.477364 
0.656406 
0.009883 
0.930730 
0.228263 
0.461881 
0.903946 
0.217352 
0.450073 
0.017981 
0.154443 
0.239637 
0.504162 
0.328293 
0.085981 
1.823650 
0.047549 
0.240007 
1.378007 
0.045016 
0.334330 
0.197988 
0.460166 
1.252237 
0.233592 
0.223000 
1.296872 
0.293883 
0.407144 
0.304740 
0.077654 
1.053711 
0.202876 
0.325941 
0.098798 
0.046903 
0.703354 
0.593058 
0.190092 
0.049323 
0.196670 
0.038765 
0.969218 
0.413205 
0.655548 
0.558539 
0.448398 
0.008983 
0.274365 
0.371266 
0.053633 
0.771608 
0.168058 
0.082529 
0.034440 
0.440883 
0.370293 
0.026479 
0.560594 
0.302407 
0.069890 
0.142648 
0.018748 
0.024876 
0.526737 
0.475170 
0.386015 
0.053544 
0.623037 
0.172104 
0.466274 
0.118005 
0.392968 
1.438488 
0.364282 
0.024764 
0.366678 
0.038625 
0.878198 
0.482526 
0.003661 
0.298292 
0.076833 
0.041592 
0.307464 
0.235596 
0.701660 
0.745037 
0.124679 
0.165903 
0.025572 
0.204404 
0.533322 
0.523472 
0.013859 
0.023843 
0.359512 
0.509553 
0.190197 
0.587992 
0.101455 
0.210415 
0.606762 
0.039545 
0.563481 
0.020392 
0.239305 
0.120860 
0.063295 
0.282620 
0.220197 
0.306001 
0.215063 
0.317560 
0.093705 
1.417030 
0.128268 
0.799418 
0.142443 
0.151554 
0.152778 
0.918261 
0.435628 
0.257951 
0.034411 
0.364674 
0.419692 
0.015939 
0.395564 
0.328678 
0.089343 
0.077577 
0.212870 
0.226436 
0.368012 
0.138218 
0.070436 
0.214583 
0.065130 
0.131104 
0.770784 
1.443594 
0.357843 
0.206888 
1.041155 
0.236234 
0.104027 
0.331945 
0.233420 
0.304260 
1.095484 
0.371295 
0.392117 
0.416160 
0.701157 
1.624729 
0.738111 
2.508047 
0.598273 
0.198512 
0.361304 
2.057738 
0.455979 
0.329154 
0.812833 
0.547120 
0.120548 
1.107474 
0.594469 
0.105084 
1.357136 
0.088699 
0.489860 
0.337480 
0.591994 
0.877199 
0.398105 
2.021654 
0.197367 
0.171985 
0.321694 
0.019166 
0.497326 
0.066359 
0.276915 
0.031829 
0.074523 
0.208644 
0.118146 
0.662982 
0.253384 
0.366377 
0.035616 
1.928684 
0.323096 
1.211124 
0.608754 
0.016463 
0.159449 
0.126897 
0.009202 
0.800508 
1.051196 
0.878346 
0.235506 
0.618419 
0.545631 
1.049127 
0.785575 
0.404640 
0.241689 
0.318340 
0.615813 
0.271520 
0.430415 
0.004585 
0.137360 
0.679556 
0.245313 
1.113681 
0.036663 
0.416291 
0.603484 
0.549935 
1.604181 
0.006866 
0.113916 
0.347565 
0.287215 
2.610829 
0.107912 
0.109602 
0.322483 
0.415605 
0.349040 
0.054176 
0.363711 
0.293932 
0.357781 
0.161216 
0.746938 
0.189732 
0.025651 
0.141029 
0.351061 
0.060161 
0.210803 
0.029108 
0.022381 
0.231096 
0.374242 
2.844415 
0.276956 
1.026457 
0.317171 
1.128155 
0.735216 
0.388872 
0.270306 
0.184311 
0.993106 
1.428904 
0.106429 
0.028810 
0.074290 
0.514199 
0.380277 
0.048307 
1.072013 
0.652999 
1.439347 
0.604123 
0.844016 
0.138637 
0.010183 
0.185631 
0.262519 
0.336599 
0.008787 
1.282501 
0.304162 
0.017291 
0.237866 
1.408429 
0.485756 
1.342326 
0.046855 
0.054806 
0.120286 
0.081517 
0.206498 
0.284289 
0.074974 
0.084441 
0.390349 
0.673399 
0.321319 
0.048235 
0.244071 
0.257761 
1.991829 
0.223754 
0.282299 
1.023887 
0.130906 
0.069257 
0.112205 
0.058856 
1.219157 
0.193765 
1.677594 
0.131693 
0.677410 
0.052985 
0.259274 
0.234785 
0.263071 
0.127828 
0.044570 
0.784396 
0.086548 
0.056383 
0.222617 
0.011548 
0.203379 
0.683278 
0.128593 
0.147996 
0.057944 
0.776659 
1.274424 
0.193347 
0.370761 
0.659361 
0.011397 
0.395666 
0.052955 
0.236518 
0.393302 
0.095181 
0.143264 
0.162517 
0.549881 
0.206266 
0.831816 
0.177444 
0.487414 
0.839369 
0.422390 
0.457607 
0.329164 
0.007969 
0.385682 
0.715169 
0.288436 
0.241987 
0.070127 
0.066878 
0.831701 
0.506447 
0.046335 
0.922823 
0.392408 
0.088905 
0.115248 
0.247979 
0.428623 
0.102924 
0.458157 
1.291328 
0.713099 
0.056805 
0.961672 
0.205975 
0.740944 
0.762588 
0.047961 
0.791778 
0.179687 
0.346784 
0.835597 
0.396185 
0.091866 
0.011941 
0.160826 
0.172240 
0.111776 
0.105571 
0.779313 
1.177855 
0.969819 
0.037876 
0.044582 
0.128266 
0.677600 
0.458365 
0.596685 
0.990864 
0.117683 
0.010010 
0.547726 
0.907977 
0.352238 
0.238340 
0.397074 
0.002892 
0.439687 
0.646119 
0.388890 
0.587923 
0.311508 
0.207572 
0.223146 
0.178478 
0.208567 
0.207270 
0.062404 
0.210799 
1.353430 
1.950188 
0.633517 
0.191607 
0.048608 
0.258799 
0.121462 
0.940171 
0.161836 
0.259504 
0.168638 
0.307694 
0.729374 
0.003375 
0.229358 
0.719076 
0.155548 
0.318655 
0.420552 
0.501325 
0.040810 
0.582114 
0.139186 
0.351555 
0.452470 
0.793724 
0.204125 
1.195239 
1.128418 
0.357749 
0.648593 
0.023408 
0.257437 
0.012481 
0.769980 
0.554155 
0.454823 
0.907459 
0.048207 
0.243201 
0.063368 
1.357554 
0.914652 
0.974621 
0.449510 
0.162781 
0.639846 
0.431544 
0.102817 
0.188920 
0.416570 
0.959860 
0.690830 
1.697811 
0.868130 
0.010270 
0.475118 
1.128854 
0.688072 
0.148854 
0.888298 
0.147367 
0.498759 
0.571839 
0.151697 
0.111288 
0.283026 
0.416914 
1.995736 
0.931634 
0.266942 
1.399736 
0.519938 
1.754742 
0.027519 
0.992490 
0.365092 
0.408782 
0.153563 
0.209107 
0.195922 
0.357823 
0.015909 
0.269398 
0.221721 
0.066034 
0.396405 
0.415104 
0.050594 
0.408842 
0.100066 
0.241214 
1.177665 
0.231299 
0.101028 
0.087993 
0.116985 
0.123772 
0.605248 
0.429727 
0.056605 
0.014947 
0.090200 
0.178374 
0.502554 
0.012983 
0.935034 
0.425309 
0.113038 
0.098038 
0.286841 
0.302947 
0.390337 
0.401117 
0.273547 
0.471286 
0.039166 
0.096556 
0.138741 
1.310300 
0.724940 
0.026796 
0.219579 
0.008366 
0.770555 
0.274755 
0.424302 
0.369990 
0.026664 
0.341339 
0.121840 
0.010728 
0.051234 
0.812930 
0.151376 
0.234969 
0.410000 
0.496552 
0.417138 
0.162604 
0.014532 
0.309970 
0.095450 
0.517320 
0.180049 
0.852383 
0.632788 
0.729401 
0.096286 
0.806682 
0.069525 
0.069648 
0.120439 
0.494690 
0.430409 
1.101618 
0.100648 
0.246274 
0.060959 
0.275582 
0.481196 
0.027466 
1.445454 
0.041389 
0.172133 
0.236868 
0.295941 
0.049622 
0.682680 
0.280294 
0.077012 
1.341223 
0.096035 
2.430271 
1.869224 
0.242209 
0.046074 
0.533937 
0.451412 
0.217615 
0.800697 
0.027740 
0.004611 
0.131124 
0.224457 
0.676790 
0.044686 
1.073254 
0.658291 
2.165492 
0.618298 
0.383135 
0.039452 
0.230441 
0.409201 
0.431494 
0.298216 
0.491926 
0.174999 
0.106454 
0.694652 
0.719186 
0.051813 
0.970102 
0.118666 
0.109661 
0.155224 
0.523133 
0.051094 
1.764996 
0.601430 
1.276999 
0.335726 
0.231240 
0.830443 
0.363726 
0.574609 
0.801080 
0.208914 
0.587074 
0.023193 
0.293698 
1.256644 
0.569269 
0.457273 
0.011574 
0.174258 
1.110153 
0.510913 
0.378606 
0.038610 
0.175125 
0.314006 
0.350448 
0.318120 
0.448882 
0.488632 
0.077905 
0.043100 
1.128674 
0.147500 
0.208331 
0.534056 
1.864083 
0.722467 
0.045972 
0.063187 
0.795952 
0.040553 
0.410496 
0.066141 
0.090634 
0.041859 
2.078335 
0.105514 
0.042430 
0.113646 
0.263074 
0.173227 
0.009929 
0.445644 
1.247705 
0.578114 
0.526368 
0.234826 
0.205772 
1.010784 
0.089508 
0.216764 
0.642880 
0.163415 
0.561658 
0.655584 
0.011602 
0.230425 
0.115698 
0.927704 
0.662059 
0.539298 
0.709254 
0.196251 
0.570107 
0.193156 
0.723962 
1.468589 
0.421560 
0.291226 
0.000282 
0.003936 
0.059344 
0.376073 
1.099286 
0.073481 
0.045149 
0.097700 
1.309429 
0.093755 
0.316719 
0.284376 
1.029158 
0.091913 
0.312166 
0.748756 
0.791406 
0.014407 
0.691842 
1.035568 
1.005022 
0.371191 
0.928236 
0.088086 
0.081992 
0.568954 
0.203230 
0.075442 
0.327209 
0.219155 
0.032269 
0.041644 
0.188082 
0.289660 
0.845529 
0.361418 
1.038467 
0.027363 
0.086312 
0.360983 
0.375707 
1.225596 
0.012459 
1.759672 
0.152782 
1.728192 
1.646724 
1.627279 
0.041427 
0.459157 
0.216496 
0.251400 
0.268275 
1.112948 
1.144360 
1.031497 
0.313018 
1.089541 
0.135885 
0.819017 
1.406932 
0.265552 
0.541014 
0.990995 
0.593212 
0.887572 
0.502899 
0.111177 
0.070140 
0.383101 
0.331930 
0.069035 
0.819260 
0.204814 
0.473215 
0.116055 
0.337793 
0.172636 
0.380550 
0.302961 
0.844136 
1.168337 
0.380804 
0.397765 
0.563128 
0.168741 
0.101417 
0.096661 
0.363349 
0.230676 
1.874345 
0.002783 
0.237080 
0.134112 
0.098896 
0.070907 
0.015399 
0.121091 
1.141567 
0.128333 
0.560626 
0.804468 
0.835800 
0.578246 
0.023399 
0.058127 
0.045833 
0.130405 
0.505859 
0.010267 
0.325186 
0.195176 
0.033506 
1.022378 
0.696757 
0.058799 
0.008554 
0.009205 
1.390974 
0.188934 
1.836608 
0.144777 
0.433659 
0.253703 
0.289870 
0.019850 
0.105120 
0.024886 
0.041427 
0.473045 
0.009710 
0.133991 
0.578798 
0.474013 
0.390970 
0.376582 
0.102585 
0.105972 
0.046373 
0.106856 
0.029969 
0.288163 
1.650933 
0.327089 
0.101242 
0.686951 
0.246380 
0.277958 
0.266773 
0.219760 
0.136852 
0.191712 
0.580172 
0.425105 
0.129399 
0.415528 
0.230549 
0.029255 
0.256566 
0.161777 
0.941541 
0.164768 
0.810039 
0.082091 
1.247588 
0.287872 
0.074533 
0.502929 
0.376341 
0.142134 
0.424526 
0.789007 
0.049421 
0.666732 
0.483226 
1.055408 
0.038823 
1.275813 
0.074977 
0.144098 
0.441755 
0.649353 
0.423801 
0.137279 
0.295492 
0.156272 
0.111985 
0.312135 
0.117679 
1.082371 
0.800375 
0.049353 
0.253139 
0.129253 
0.215111 
0.470949 
0.493758 
0.045340 
1.056678 
0.180414 
0.122829 
0.041530 
0.168618 
1.553737 
0.835606 
0.455285 
0.061923 
0.059953 
0.151772 
0.153441 
0.014159 
0.233522 
0.745398 
0.580746 
0.249152 
0.187147 
0.939067 
0.266257 
0.342444 
0.613806 
0.507228 
0.302942 
0.305497 
0.558591 
0.095973 
0.027690 
0.087969 
0.251625 
0.187329 
0.278301 
0.285537 
0.158429 
0.498146 
0.107388 
0.147262 
0.647035 
0.351121 
0.073822 
0.170669 
2.523635 
0.302012 
0.313251 
0.164266 
0.267679 
0.243488 
0.318737 
0.075103 
0.237675 
0.463488 
0.155821 
1.309877 
0.012129 
0.266531 
0.157797 
0.376214 
0.106132 
0.000781 
0.280553 
0.253336 
0.318939 
1.064911 
0.447584 
0.663153 
0.879400 
0.616508 
1.233254 
0.088150 
0.111625 
0.467750 
0.533667 
0.388937 
0.288228 
0.132116 
1.319677 
0.013954 
0.446462 
0.142079 
0.030529 
0.914058 
0.059531 
1.190770 
0.013572 
0.088195 
0.446031 
0.163632 
0.337006 
0.143858 
1.151181 
0.210646 
0.145584 
0.060471 
0.997143 
0.353803 
0.187001 
0.083232 
0.584685 
0.069255 
0.071490 
0.182625 
0.986991 
0.025567 
0.085355 
1.194006 
1.155604 
0.103173 
0.172491 
0.687114 
0.554834 
1.407574 
0.228491 
0.974361 
0.388483 
0.155525 
1.080136 
0.644729 
0.288585 
0.229076 
0.174187 
0.039578 
0.909514 
0.734943 
0.472861 
0.431433 
0.417166 
0.557227 
0.430377 
0.267741 
0.562618 
1.190399 
0.055620 
0.114034 
0.037226 
0.749902 
0.489454 
0.271801 
0.269003 
0.071204 
0.887318 
0.240931 
0.416213 
0.395847 
1.215750 
0.310137 
0.193798 
0.688383 
0.593989 
0.305754 
0.469013 
0.163335 
0.405299 
0.279270 
0.145446 
0.138386 
0.953421 
0.390345 
0.556553 
0.235678 
0.447708 
0.299406 
0.996583 
0.222075 
0.207576 
0.299480 
0.172593 
0.270213 
0.238666 
1.162608 
0.508758 
0.821240 
0.867354 
1.904520 
0.368938 
0.444216 
0.051713 
0.262140 
0.306845 
0.373650 
0.162556 
0.634117 
0.562935 
0.144138 
0.650011 
0.151780 
0.301385 
0.188978 
0.041686 
0.852290 
0.135561 
0.398626 
0.029073 
0.636793 
0.378133 
0.226301 
0.272726 
0.462641 
0.011552 
0.319508 
0.292885 
0.930659 
0.042582 
0.385374 
1.001560 
0.262676 
0.944734 
0.117586 
0.063421 
0.578092 
0.284223 
0.754051 
0.989787 
0.013273 
0.874027 
0.235976 
0.205108 
0.705487 
1.344571 
1.397211 
0.922988 
0.187864 
0.001430 
0.680261 
0.045727 
0.316772 
0.270802 
0.495451 
0.020262 
0.367351 
0.147407 
0.724872 
0.358267 
0.375584 
1.194257 
0.337028 
0.493001 
0.527868 
0.426012 
0.246160 
0.411381 
0.252043 
0.257243 
0.882154 
0.443083 
0.174896 
0.338496 
0.787409 
0.053570 
0.450303 
0.100075 
0.558215 
0.088436 
0.172737 
0.104230 
0.671750 
0.016250 
0.159451 
0.154340 
0.388562 
0.352517 
0.115002 
0.033263 
0.055306 
0.243245 
0.056075 
0.830301 
0.628261 
1.820132 
0.053824 
0.241894 
0.035752 
0.897793 
0.690582 
0.017614 
0.340006 
0.465843 
0.328292 
0.074968 
2.078895 
0.213846 
0.452996 
0.012719 
0.799348 
0.849636 
1.144410 
0.020519 
0.090145 
0.388129 
0.530239 
0.533850 
0.472085 
0.313070 
0.996132 
0.471281 
0.009070 
0.663063 
0.055734 
0.069046 
0.097134 
0.167467 
0.337262 
0.846527 
0.010299 
0.640154 
0.185332 
0.886544 
0.379415 
0.080922 
0.055798 
0.185306 
0.097019 
0.588348 
0.597120 
0.062953 
1.180139 
0.449025 
0.445908 
0.408696 
3.752960 
0.139466 
0.258624 
0.304172 
0.115498 
0.962584 
0.089115 
1.025099 
0.434150 
0.248866 
0.047602 
0.136910 
0.008650 
0.547411 
0.241184 
0.125832 
0.000359 
0.003561 
0.386721 
0.180552 
0.652694 
0.190137 
0.112670 
0.056722 
0.009433 
0.506791 
0.124392 
1.152504 
1.190183 
0.385246 
0.845572 
0.701646 
0.551459 
0.313171 
0.723586 
0.116958 
0.257387 
1.394900 
0.197894 
0.175791 
0.719375 
0.299474 
0.110475 
1.173627 
0.077231 
0.043799 
0.414709 
0.110957 
0.300534 
0.786384 
0.502039 
0.634620 
0.106947 
0.829194 
0.287665 
0.005864 
0.450541 
0.270152 
0.065448 
1.313122 
0.015413 
0.620055 
0.854117 
0.038651 
0.751645 
0.362799 
0.082159 
0.064872 
0.369034 
0.111162 
0.525677 
0.283369 
0.367800 
0.614505 
0.117365 
0.371547 
0.609137 
0.473615 
0.241559 
0.424403 
0.018747 
0.004397 
0.000415 
0.095038 
0.719632 
0.205687 
0.807930 
0.408668 
0.372633 
0.414408 
0.571733 
0.098935 
0.194783 
0.164444 
0.107169 
0.421266 
0.082061 
1.565152 
0.559441 
0.123371 
2.591507 
0.249086 
1.053618 
0.027166 
1.621217 
0.476118 
0.835201 
0.207377 
0.526981 
0.273095 
0.158078 
0.094272 
0.656675 
0.156719 
0.205778 
0.026886 
0.495008 
0.358115 
0.001592 
0.047732 
0.772329 
0.002215 
0.198341 
0.190453 
0.089433 
0.005526 
0.392409 
0.099360 
0.346644 
0.241057 
0.235472 
3.925633 
0.084060 
0.201228 
0.127090 
0.448461 
0.936155 
0.395934 
0.144107 
1.084772 
0.217888 
0.142236 
0.275634 
0.583284 
0.031869 
0.402130 
0.013358 
0.032307 
0.295244 
0.231097 
0.392285 
0.123850 
0.022491 
0.280978 
0.034407 
0.233278 
0.135449 
0.233277 
0.117707 
0.576402 
0.107811 
0.075258 
0.308547 
0.040022 
0.548608 
0.305222 
0.252806 
0.015129 
0.021314 
0.626503 
0.007145 
1.477552 
0.008326 
0.156733 
0.586574 
0.029810 
0.500458 
0.307327 
0.698148 
0.868956 
0.154945 
0.051514 
0.352058 
0.176504 
0.166419 
0.584200 
0.138547 
0.270027 
0.329468 
0.345683 
0.415911 
0.050988 
0.147407 
0.709110 
0.144813 
0.424502 
0.290449 
0.370054 
0.056112 
0.054755 
0.308748 
1.194588 
0.183468 
0.239977 
0.144945 
0.152202 
0.036509 
0.033102 
0.147217 
0.337399 
0.160766 
0.531770 
0.054528 
0.475903 
0.035301 
0.483919 
0.531388 
0.648729 
0.113531 
0.005568 
0.116434 
0.820005 
0.527857 
0.307667 
0.148103 
0.051195 
0.275765 
0.238611 
0.511916 
0.311611 
0.164963 
0.017825 
0.273694 
0.514006 
0.154353 
1.473639 
0.032862 
0.398390 
0.224862 
0.079533 
0.035336 
1.067341 
0.398497 
0.031157 
0.538657 
0.453350 
0.798115 
0.178612 
0.828073 
0.049027 
0.029516 
1.488951 
0.081256 
1.315560 
0.314641 
0.297447 
0.440117 
0.760034 
0.050428 
0.815249 
1.213105 
0.204585 
0.059090 
1.078091 
0.140480 
0.037425 
1.381142 
0.023620 
0.155006 
0.613508 
0.978661 
1.232491 
0.288936 
0.227970 
1.099473 
0.552847 
0.335502 
0.223438 
0.060704 
0.744618 
0.184726 
0.280422 
0.649432 
0.158134 
0.545179 
1.196160 
0.074683 
0.442633 
0.026659 
0.189393 
0.337664 
0.012356 
0.028369 
0.018990 
0.036354 
0.327933 
0.407118 
0.051258 
0.470764 
0.133271 
0.056614 
0.170391 
0.519057 
0.505826 
0.430885 
0.631171 
0.141467 
0.927878 
0.361346 
0.521617 
0.315096 
0.024979 
0.303864 
0.145572 
0.653723 
0.076250 
0.001248 
0.506063 
0.281578 
0.133939 
0.126240 
0.991520 
0.685020 
0.058315 
0.311027 
0.134272 
0.664553 
0.351661 
0.279733 
0.565895 
0.234395 
0.411437 
0.142773 
0.357132 
0.137221 
0.829117 
0.020955 
0.225118 
0.053370 
0.636680 
0.375475 
0.072657 
1.068585 
0.463652 
0.279423 
0.230283 
1.792543 
1.355146 
0.864588 
0.355506 
0.315156 
0.085874 
0.359027 
0.283469 
0.388406 
0.038262 
1.013338 
0.481708 
0.381536 
0.224039 
0.036185 
0.268436 
0.149366 
0.013231 
0.144337 
0.172805 
2.453013 
0.011792 
0.456004 
0.900772 
0.086307 
0.240219 
0.538096 
0.208987 
0.284882 
0.051845 
0.010623 
0.054296 
0.509437 
1.481339 
0.618114 
0.935893 
0.249013 
0.164466 
0.684027 
0.111767 
1.248615 
0.504925 
0.610196 
0.514245 
0.059443 
1.207040 
0.077220 
0.553126 
0.347925 
0.585404 
0.190452 
0.075664 
0.713341 
1.082530 
0.181824 
0.218556 
0.001706 
0.345274 
0.276045 
0.092528 
1.064158 
0.079795 
0.371484 
0.542272 
0.820874 
0.587281 
0.056048 
1.119934 
0.144170 
0.488063 
0.007022 
0.107555 
0.202816 
0.024992 
1.914098 
2.031944 
1.627213 
0.014412 
1.452992 
0.107463 
0.352151 
1.105036 
0.277836 
1.459733 
0.060400 
0.290335 
0.148056 
0.694903 
0.617887 
0.648741 
0.178791 
0.273391 
0.246224 
0.008839 
1.304976 
0.877731 
0.157590 
1.836656 
0.160705 
0.034743 
0.337791 
0.148199 
0.626032 
0.552718 
0.070019 
0.357913 
0.365554 
0.174365 
0.559245 
0.076641 
0.716225 
0.157959 
1.496016 
0.609182 
0.041539 
0.445099 
0.214781 
0.815379 
0.527611 
0.504098 
0.608582 
0.218275 
0.205107 
0.662644 
0.411096 
0.077739 
0.498114 
0.744539 
0.701253 
0.537744 
0.254685 
0.591191 
1.204223 
0.294774 
0.075249 
0.106479 
0.368542 
0.036673 
2.154560 
1.286791 
1.395038 
0.372731 
0.110521 
0.172784 
0.259818 
0.018216 
0.061436 
0.439850 
0.031226 
0.108257 
0.552687 
0.727557 
1.336249 
0.350314 
0.103117 
0.376694 
0.016311 
0.388111 
0.232810 
0.431901 
0.172234 
0.021293 
1.758059 
0.120232 
0.376710 
0.147977 
0.395180 
0.337632 
0.260661 
0.012476 
0.412715 
0.249244 
0.196897 
0.538354 
0.136245 
0.041973 
0.020697 
0.665301 
0.670805 
0.145279 
0.418411 
0.070620 
0.295577 
1.375381 
1.102948 
0.103765 
0.299222 
0.162683 
0.074792 
0.095505 
0.226518 
0.282781 
0.473802 
0.828010 
0.588643 
0.491767 
0.188418 
1.536461 
0.141402 
0.025880 
0.514648 
0.954482 
0.047821 
1.179811 
0.749952 
0.011113 
0.653171 
0.251067 
0.093373 
0.316551 
0.172337 
0.608227 
0.012155 
0.253554 
0.133205 
0.116386 
0.223143 
0.130777 
0.236686 
0.220364 
0.231336 
0.025418 
0.516298 
0.179758 
0.197220 
0.495004 
0.312574 
0.342065 
0.027903 
2.114883 
0.054429 
0.147174 
0.186499 
0.276650 
0.416036 
1.380987 
0.711679 
0.330189 
0.424320 
0.768516 
0.076779 
0.171223 
0.342882 
0.275636 
0.664246 
2.478648 
0.133179 
0.286624 
0.065723 
0.084395 
0.056803 
0.752726 
1.066910 
0.094040 
0.297605 
0.580181 
0.533750 
0.327865 
0.198691 
1.840481 
0.212546 
0.519314 
0.506607 
0.016217 
0.021902 
0.408302 
0.021308 
0.343207 
0.088053 
0.065902 
0.087840 
0.185752 
0.326659 
0.181059 
0.686724 
0.438027 
0.220721 
0.626930 
0.995096 
0.476362 
0.004359 
0.305850 
0.291275 
2.066900 
0.407424 
0.622601 
0.171515 
0.111943 
0.119843 
0.028943 
0.011025 
0.253744 
0.203969 
0.065777 
1.511868 
0.311097 
0.370360 
0.077495 
0.525944 
0.348168 
1.504156 
0.277065 
0.067463 
0.230279 
1.027659 
0.765645 
0.162751 
1.670520 
0.426069 
0.135460 
0.559678 
0.634448 
0.492836 
0.456210 
0.467750 
0.537761 
0.431596 
1.290804 
0.675351 
0.235767 
0.473667 
0.050861 
0.926387 
0.742839 
0.010079 
0.188567 
0.567850 
0.873805 
0.144660 
0.189997 
0.534628 
0.253633 
1.655230 
0.058265 
0.655158 
0.224919 
0.299465 
0.019100 
0.103309 
0.307683 
0.395141 
1.149559 
0.008860 
0.601204 
0.618613 
0.308114 
0.754515 
0.016922 
0.343683 
0.353614 
0.043067 
0.602945 
0.335178 
0.381190 
0.763610 
0.896966 
0.668769 
0.320988 
1.642006 
1.291538 
0.105071 
0.354019 
0.026834 
0.654153 
0.766837 
0.071179 
0.010932 
0.941662 
0.817884 
0.194409 
0.001664 
1.052605 
0.443127 
1.311012 
0.062237 
0.595960 
0.727811 
0.661197 
0.286767 
0.001881 
0.192147 
0.411145 
1.031236 
0.383894 
0.118654 
0.869487 
0.022718 
1.083166 
0.185210 
0.640268 
0.188105 
0.041381 
0.016779 
0.092749 
0.939950 
0.182878 
0.188928 
0.789830 
0.114925 
0.646388 
1.187265 
0.222887 
0.163404 
0.262752 
0.299643 
0.315339 
0.411567 
0.117015 
0.068596 
0.107036 
0.353122 
0.456639 
0.266371 
1.330950 
0.118016 
1.104463 
0.612147 
0.045457 
0.026049 
1.061542 
0.329843 
0.186644 
0.069592 
0.200207 
0.117551 
0.048286 
0.089145 
0.925557 
0.024564 
0.096549 
0.030972 
0.004768 
0.169165 
0.233409 
0.125898 
1.045049 
0.906095 
0.433166 
0.228229 
0.898887 
0.043336 
0.147612 
0.292174 
0.708543 
0.010450 
0.334856 
0.719651 
0.315516 
1.133159 
1.108212 
1.232742 
0.020471 
0.202690 
2.959854 
0.647828 
0.247742 
0.236825 
0.315747 
0.138514 
0.330312 
0.892417 
0.386616 
0.484267 
0.058574 
0.174814 
0.229811 
0.084148 
0.102267 
0.246504 
0.098470 
1.132970 
0.216287 
0.309585 
0.852034 
0.950078 
0.159526 
0.174537 
0.094747 
0.491226 
0.408847 
0.148927 
1.002266 
0.066471 
0.115871 
0.023459 
0.196094 
0.811173 
1.007286 
0.047063 
0.232110 
0.529973 
0.499756 
1.191293 
0.160334 
0.037972 
0.315021 
0.434425 
0.182507 
0.898891 
0.051661 
0.447466 
0.074412 
0.543651 
0.046952 
0.329824 
0.007047 
0.098781 
0.362745 
0.134608 
0.219815 
0.346962 
1.430580 
0.369152 
0.093729 
0.553354 
0.008411 
0.364550 
0.334899 
0.385168 
0.400423 
0.680654 
0.128896 
0.019431 
0.387301 
0.354242 
0.911603 
0.441904 
0.893795 
0.179871 
0.146610 
0.468901 
0.806155 
2.377694 
0.160566 
0.184418 
0.425269 
0.447732 
0.758797 
0.784602 
0.284393 
0.124662 
0.777434 
1.082790 
0.078435 
0.195573 
1.082271 
0.324847 
0.073056 
0.030463 
0.293238 
0.854961 
0.402403 
0.112329 
0.834657 
0.174002 
0.136440 
0.457032 
0.636307 
0.131334 
0.259707 
0.486100 
0.155997 
0.616186 
1.270385 
0.082518 
0.540262 
0.336909 
0.359515 
0.603786 
0.416027 
0.785210 
0.161048 
0.154285 
0.052213 
0.626155 
0.794064 
0.278784 
0.182457 
0.403787 
0.226842 
1.234159 
0.091217 
0.317588 
0.560859 
0.164976 
0.205184 
0.467024 
0.065375 
0.278189 
0.090927 
0.184884 
0.293610 
0.102924 
0.470704 
0.278884 
0.223896 
0.641065 
0.203124 
0.376040 
0.205539 
0.137089 
0.042824 
0.076306 
0.830895 
0.062211 
0.842034 
0.198890 
0.893445 
0.425017 
1.872488 
0.033969 
0.431169 
0.787929 
0.201397 
0.212288 
0.333531 
0.007337 
0.182447 
0.185070 
0.107231 
0.312937 
0.223631 
0.402108 
0.525806 
1.450570 
1.826977 
1.494097 
0.248450 
1.508446 
0.318547 
0.418760 
0.149484 
0.151046 
0.182889 
0.456191 
0.222150 
0.060569 
0.110919 
0.191924 
0.014821 
0.235489 
0.209670 
0.927606 
0.178300 
0.687122 
0.677815 
0.213690 
1.184379 
0.123888 
0.083810 
0.166179 
0.199429 
0.058670 
0.410702 
0.116353 
0.251053 
1.005531 
0.300037 
0.088842 
0.119414 
0.213419 
0.292489 
0.024179 
1.827150 
0.029217 
0.027561 
0.258149 
0.160213 
0.763275 
0.462065 
0.181457 
0.001965 
0.443833 
0.682340 
0.623714 
0.332954 
0.408235 
0.014882 
0.557234 
0.536745 
0.123931 
0.234031 
0.194866 
0.193074 
0.615256 
0.133047 
0.518912 
2.725916 
0.170801 
0.271730 
1.832746 
0.079261 
0.120918 
0.808041 
0.138934 
0.227093 
0.585216 
0.278460 
0.576919 
0.310632 
0.638803 
0.228076 
0.197611 
0.191908 
0.425967 
0.670333 
0.226253 
0.189541 
0.123806 
0.592511 
1.431463 
0.721357 
0.002737 
0.459171 
0.383410 
0.297234 
0.279849 
0.039316 
0.326637 
1.289544 
0.179057 
0.162393 
0.212655 
0.151000 
0.031752 
0.192245 
0.021989 
0.799700 
0.001134 
0.137910 
0.216752 
0.288921 
0.051247 
0.144324 
1.620493 
0.007093 
1.602114 
0.032892 
0.494944 
0.655042 
0.228232 
1.265463 
0.041171 
0.379205 
0.652273 
0.586291 
0.113593 
0.843362 
0.496039 
0.155790 
0.052689 
0.106752 
0.966215 
0.126267 
0.474542 
0.271630 
1.094119 
0.215133 
0.087673 
0.014333 
3.566011 
0.679429 
0.226017 
0.987558 
0.148030 
0.041362 
0.193677 
0.691725 
2.043705 
2.638343 
0.422313 
0.326529 
1.465579 
0.586431 
0.435331 
0.115848 
0.184444 
0.141647 
1.116382 
1.651942 
0.205540 
0.141228 
0.076728 
0.453072 
0.023782 
0.151861 
0.567120 
0.118021 
0.028619 
0.096831 
0.857356 
0.214531 
1.053422 
0.219030 
0.066433 
1.514856 
1.549472 
0.178587 
0.094425 
0.383049 
0.532737 
0.035634 
0.431306 
0.684978 
0.679509 
0.023989 
1.308689 
0.732092 
0.239258 
0.101073 
0.376005 
0.709424 
0.451301 
0.909466 
0.383240 
0.625901 
0.326431 
0.085183 
0.243753 
0.207853 
0.088121 
0.145036 
0.832296 
0.023013 
0.752245 
0.450469 
0.284259 
0.340044 
0.169452 
1.408366 
0.376354 
0.298824 
0.345633 
0.590619 
0.142646 
1.749581 
0.431802 
1.007635 
0.231570 
0.206857 
0.067227 
0.326942 
0.314591 
0.347705 
1.114054 
0.083853 
0.519625 
0.165828 
0.028131 
0.179134 
0.150452 
1.562397 
0.953339 
0.121741 
0.041951 
0.118419 
0.972267 
0.038282 
0.403530 
0.276288 
0.093293 
0.003365 
2.270778 
0.286721 
0.039118 
0.298773 
0.352790 
1.214498 
0.410343 
0.802551 
0.151963 
0.324066 
0.680952 
0.449826 
0.464999 
0.196760 
0.174702 
0.294178 
0.235093 
0.242439 
0.104432 
1.572157 
0.839614 
1.882554 
0.031975 
0.248887 
0.355391 
0.343581 
0.640104 
1.037990 
0.216233 
0.115327 
0.678582 
0.379182 
0.228787 
0.526236 
1.056477 
0.478648 
0.246433 
0.420643 
0.013285 
0.167096 
0.514832 
0.026514 
0.007432 
2.029420 
0.045279 
0.648051 
0.195213 
5.112083 
0.928376 
0.731727 
0.740956 
1.038072 
0.494344 
0.186563 
0.041457 
0.588311 
0.204180 
0.141128 
0.181520 
0.403254 
0.130141 
0.027233 
0.250001 
1.097768 
0.340107 
0.258443 
0.415102 
0.034453 
0.036732 
0.046498 
0.388152 
0.027386 
0.016822 
0.693201 
0.313695 
0.511032 
0.004099 
0.248349 
0.627775 
0.371915 
0.733424 
0.983383 
0.675612 
0.338762 
0.374177 
1.249787 
0.095180 
0.126353 
0.083470 
0.207835 
0.612030 
0.000617 
0.045794 
0.923433 
0.211075 
0.362761 
0.322825 
1.154473 
0.097042 
0.262155 
0.754676 
0.056979 
0.792210 
0.008158 
0.872691 
0.362681 
0.085597 
0.484839 
0.196556 
0.145640 
0.508542 
0.131875 
0.012587 
0.798612 
0.197665 
0.503332 
0.278972 
0.096565 
0.363259 
1.004615 
0.019100 
0.092062 
0.110127 
0.237270 
0.339251 
0.130196 
0.469788 
0.283623 
0.510349 
0.847615 
1.300432 
0.143837 
0.188428 
0.114956 
0.501414 
0.081691 
2.405997 
0.352874 
0.202475 
0.601283 
0.320192 
0.102938 
0.033364 
0.635694 
0.711035 
0.544419 
0.363142 
1.139935 
0.625209 
0.106185 
0.413264 
0.472017 
0.427922 
0.041282 
0.311618 
0.262675 
0.860567 
0.232933 
0.240800 
0.494549 
0.942296 
0.418501 
0.275400 
1.063629 
0.240989 
1.060785 
0.012201 
0.094818 
0.959151 
0.749036 
0.606351 
0.082390 
0.367644 
0.075487 
0.006426 
0.163080 
0.661651 
0.148384 
0.940358 
0.062054 
0.350946 
0.066531 
0.114133 
0.022635 
0.736816 
0.942153 
2.544545 
0.611913 
0.981605 
0.547083 
0.800154 
0.621723 
0.123599 
0.505373 
0.074139 
0.586681 
0.062612 
0.227172 
0.343074 
0.806331 
0.020074 
0.374368 
0.029963 
0.141222 
2.338852 
0.003156 
0.982095 
0.481061 
0.174822 
0.428581 
0.411555 
0.025493 
0.269825 
0.163244 
0.076591 
0.090491 
0.362901 
0.921593 
1.495957 
0.498816 
0.248523 
0.364267 
0.719614 
0.123316 
0.222450 
0.063266 
0.290180 
0.105495 
0.314592 
0.365418 
0.029978 
0.697675 
0.107217 
0.038825 
0.005443 
0.221229 
0.448347 
0.164207 
0.914063 
0.070309 
0.091864 
1.481776 
0.158251 
0.935868 
0.172274 
0.047305 
0.903803 
0.537573 
0.326063 
0.258582 
0.398194 
0.205684 
0.636455 
0.379217 
1.512363 
0.039928 
0.184947 
0.035795 
0.241381 
0.458416 
0.241541 
0.107785 
0.191814 
0.138615 
0.202223 
0.395895 
0.504315 
0.210468 
0.018011 
0.246086 
1.966279 
0.212811 
0.009025 
0.039798 
0.569089 
0.642338 
0.360395 
0.451473 
0.112740 
0.109313 
0.618113 
0.889934 
0.202318 
1.003785 
1.004380 
0.072143 
1.262407 
0.637607 
0.723835 
0.021130 
1.017746 
1.053576 
1.078662 
0.043103 
0.012811 
0.174733 
0.152156 
0.767304 
0.108564 
0.015209 
0.025584 
0.711625 
0.060167 
0.368128 
0.101401 
0.533383 
0.210626 
0.706871 
0.234966 
0.350788 
0.223362 
0.198851 
1.133834 
0.726548 
0.490471 
0.087809 
0.187384 
0.837036 
0.445194 
0.532788 
0.463397 
0.037050 
0.304601 
0.283847 
0.111901 
1.911313 
0.543841 
0.096322 
1.677369 
0.038505 
0.392286 
0.136495 
0.095876 
0.017607 
0.147067 
0.205945 
0.045741 
0.006308 
0.628093 
0.269040 
1.138848 
0.617848 
0.228271 
0.811982 
0.507762 
1.074220 
0.958038 
0.067493 
0.233140 
0.059344 
0.363438 
1.030086 
0.298248 
0.156214 
