0.834443 
0.330250 
0.292431 
1.039145 
0.330111 
0.108445 
0.315082 
0.089480 
0.058493 
0.887631 
0.870309 
0.947177 
0.476959 
0.133367 
0.599452 
0.139336 
0.102583 
0.473035 
0.517384 
0.207034 
0.060096 
1.156444 
0.631609 
0.174384 
1.966837 
0.283996 
1.558326 
0.837307 
0.376919 
0.880819 
0.758859 
1.328831 
0.058772 
0.826535 
0.523228 
1.401248 
0.067119 
0.124666 
0.556900 
0.747469 
0.543662 
0.790699 
0.170513 
0.511862 
1.130083 
0.109850 
0.881949 
0.033587 
0.292815 
0.267410 
0.059142 
3.548799 
0.005392 
1.442001 
0.229805 
0.710957 
0.104140 
0.852305 
1.499515 
0.473157 
0.072211 
0.260548 
0.354739 
0.186367 
0.557240 
0.385614 
2.721649 
0.003220 
0.410893 
0.520291 
0.416353 
1.669367 
0.094580 
1.821630 
0.673603 
0.179636 
0.149377 
0.444666 
0.087395 
0.306613 
2.030097 
0.165407 
0.831981 
0.068880 
0.528549 
0.996885 
1.671374 
0.777884 
0.619671 
0.220217 
0.002831 
1.043407 
0.774129 
0.623373 
0.077696 
2.805615 
1.853954 
0.366175 
0.877051 
0.089300 
1.029825 
0.224950 
0.481011 
0.069821 
0.777699 
0.144354 
0.797953 
0.553021 
0.684507 
1.819240 
0.251319 
0.216355 
0.581456 
1.182330 
0.458369 
0.168376 
2.021946 
0.084575 
1.477039 
0.485783 
0.605500 
0.195840 
0.319774 
2.112705 
0.528999 
0.012041 
0.436844 
0.425224 
0.489271 
1.162055 
0.867516 
0.192519 
1.152531 
0.312555 
0.445963 
0.268583 
1.584209 
0.008438 
1.309927 
0.133014 
1.033856 
0.906750 
0.938722 
1.340507 
0.112682 
0.911601 
1.367516 
0.013210 
0.042541 
0.120414 
0.887943 
0.895430 
0.540500 
1.401648 
0.145228 
0.794181 
0.332191 
0.375331 
0.089855 
0.012373 
0.385430 
0.210026 
0.664365 
0.175780 
1.024302 
0.033032 
1.446662 
0.258774 
0.444691 
0.381991 
0.926756 
0.343155 
0.085616 
1.245053 
1.790803 
0.723736 
0.919959 
0.148988 
0.072221 
0.525571 
0.160981 
0.325999 
2.690893 
2.212050 
0.725535 
1.368008 
0.378501 
0.156637 
0.109119 
1.582004 
0.399060 
0.788837 
0.128330 
0.618402 
0.607618 
1.197579 
0.183675 
1.142763 
0.299545 
0.387873 
0.003666 
0.748166 
0.152473 
0.071868 
1.729956 
0.062464 
1.171668 
1.235855 
0.915770 
0.533987 
0.452983 
1.661131 
0.255518 
0.656675 
0.428074 
0.524313 
0.506595 
1.236818 
0.194711 
1.076038 
2.317222 
0.466780 
0.966226 
1.520773 
0.996568 
0.162857 
0.038792 
0.463023 
0.406336 
0.231862 
0.431869 
0.169222 
0.626321 
0.209529 
1.782247 
0.058249 
0.670694 
0.602898 
0.633381 
0.493284 
0.186560 
0.459032 
1.171613 
0.631644 
0.532830 
0.160005 
0.820920 
0.396854 
0.040438 
0.025445 
0.623704 
0.313372 
2.957239 
0.103529 
0.496888 
0.271189 
0.031387 
1.509893 
0.996354 
0.050339 
0.190241 
2.638994 
1.176593 
0.670528 
0.065690 
1.294923 
0.234721 
0.179464 
0.708457 
0.616390 
0.405016 
0.592501 
0.073551 
0.063165 
0.202304 
1.541253 
0.677193 
1.776329 
0.191833 
0.036619 
0.190530 
1.068677 
0.007024 
0.335783 
0.724501 
0.144985 
0.352156 
0.306564 
0.089274 
0.133993 
0.398048 
0.148495 
0.386915 
0.010944 
1.158279 
0.157779 
0.392653 
0.385096 
0.313989 
0.109371 
0.821981 
0.053297 
0.096210 
0.270320 
0.740640 
0.013405 
0.220871 
0.503109 
1.327262 
0.128022 
0.874525 
0.528004 
0.415983 
0.925575 
0.221115 
0.166993 
0.013857 
0.411204 
1.773856 
0.496645 
0.311637 
0.260732 
0.834341 
0.736977 
2.069219 
0.699078 
0.071770 
0.479499 
0.099492 
0.279023 
0.488288 
0.710726 
0.115326 
0.148877 
0.768636 
1.477715 
0.136631 
0.747822 
0.357823 
0.620795 
0.426032 
0.609411 
0.050948 
0.791704 
1.042554 
0.383720 
0.145416 
0.960438 
0.026472 
0.907696 
0.689527 
0.978457 
0.278390 
0.437932 
0.088885 
1.665572 
0.261408 
1.379045 
0.375486 
0.365841 
0.773605 
0.533906 
0.538459 
0.698773 
0.359926 
1.061339 
0.811478 
0.159476 
0.469866 
0.184809 
1.716508 
0.079207 
0.571525 
0.431191 
0.021211 
0.294901 
1.250674 
2.100486 
1.613194 
0.072543 
0.390488 
0.050056 
0.054484 
0.047916 
0.721460 
0.556808 
0.716072 
1.430473 
0.104801 
0.061560 
0.267505 
0.963573 
1.349893 
0.682059 
1.808566 
0.221522 
0.026717 
0.152379 
0.056552 
0.067395 
2.907969 
0.041201 
0.734227 
0.199365 
0.649086 
0.981403 
0.635164 
1.528230 
0.701428 
0.646680 
1.285188 
1.896427 
0.506584 
0.806663 
0.005341 
0.428391 
1.371789 
0.408390 
0.259988 
0.297188 
0.631036 
0.617363 
0.165570 
0.117049 
0.377718 
0.581081 
1.219124 
0.100393 
0.350649 
0.036429 
0.229992 
0.153776 
0.026206 
0.875540 
0.166519 
0.048194 
0.904848 
1.536606 
0.309152 
0.122427 
0.145885 
2.322744 
1.595791 
0.501726 
0.102098 
0.165985 
1.264501 
0.361304 
1.135958 
0.338853 
0.273101 
0.912043 
0.606815 
0.700602 
0.360093 
0.275258 
0.734916 
2.209130 
0.486556 
0.161268 
0.402395 
0.272511 
0.298825 
0.231986 
1.142676 
0.012471 
0.074688 
1.137580 
0.273221 
1.348531 
0.503713 
0.116379 
0.142011 
0.690319 
1.136761 
1.217118 
0.639917 
2.131183 
0.206470 
0.012076 
0.373657 
0.122010 
1.031871 
0.760355 
0.848274 
0.267366 
0.233972 
0.134764 
0.463906 
1.264358 
1.869036 
0.063380 
0.591054 
0.002345 
0.401583 
0.922280 
0.256921 
0.033754 
0.827291 
1.778543 
0.528769 
0.274085 
0.059616 
1.145576 
0.190021 
0.483849 
0.513329 
0.203172 
0.049581 
0.025606 
1.520057 
0.115281 
0.127508 
0.200551 
0.133888 
0.117381 
2.946917 
1.444472 
0.743830 
0.033207 
0.402696 
0.633098 
0.972756 
0.612845 
1.033988 
0.355829 
0.021617 
0.106120 
0.679581 
0.531961 
0.151963 
0.116066 
0.043860 
0.021106 
0.507186 
1.940301 
0.630010 
0.529395 
0.556447 
0.722977 
0.307264 
1.017196 
0.238336 
1.083657 
0.783892 
0.642908 
0.878652 
0.554962 
0.172721 
0.391881 
0.208473 
0.214511 
1.584161 
1.500017 
0.778661 
0.573168 
0.147974 
0.151348 
1.769029 
0.191224 
1.001366 
1.702151 
0.076891 
0.362551 
1.077077 
1.276408 
0.238172 
0.894225 
1.621047 
0.294590 
0.534225 
0.176066 
0.791184 
1.419339 
0.405298 
0.587494 
0.681421 
0.138242 
0.101100 
1.847440 
1.023387 
0.261715 
0.319326 
0.652622 
0.237114 
0.022696 
1.103429 
0.353455 
0.380971 
0.840277 
0.098510 
0.270878 
0.492064 
0.191602 
0.320745 
0.976620 
0.116056 
1.179728 
0.125155 
0.531928 
1.117083 
0.297557 
1.362589 
0.473272 
0.514187 
0.387127 
0.072178 
0.456856 
0.480893 
0.596198 
0.492065 
0.202469 
0.123440 
0.022289 
0.017744 
1.181449 
0.018726 
0.072059 
0.572578 
1.228329 
0.189278 
0.488601 
0.511615 
1.409235 
0.055141 
0.609649 
0.412326 
0.691040 
0.167620 
0.100175 
0.252732 
0.033067 
1.081252 
0.409955 
0.301096 
0.550538 
2.671621 
0.337183 
1.581828 
0.076631 
0.084833 
0.070736 
0.127636 
0.102333 
0.761112 
0.823671 
0.113860 
0.821258 
1.427498 
0.202405 
1.456962 
0.573485 
0.610542 
0.472086 
0.445042 
0.083026 
0.758376 
0.032619 
0.082977 
0.467763 
0.306336 
0.251468 
0.009090 
0.548503 
0.149020 
1.008220 
0.224190 
0.039710 
0.172071 
2.537039 
0.356374 
0.318855 
2.172811 
2.285559 
0.396365 
0.023803 
0.136696 
0.093182 
1.560903 
0.178193 
0.491534 
0.866466 
0.202937 
0.352925 
0.199286 
0.055341 
0.644780 
0.775077 
2.413275 
0.294160 
0.190897 
0.151028 
0.050848 
0.127217 
0.910166 
0.007942 
0.322021 
0.488881 
0.019991 
1.221404 
0.640412 
0.832264 
0.062291 
0.500601 
0.457418 
1.266151 
0.105249 
0.412782 
0.049700 
0.033981 
0.640922 
0.667463 
1.422640 
0.252471 
0.212552 
1.302797 
0.077541 
0.159127 
0.079782 
0.444926 
0.547325 
3.161762 
0.763275 
1.076275 
0.060112 
0.170090 
0.869337 
0.263773 
0.187644 
0.431692 
1.145344 
0.209778 
1.030909 
1.063854 
1.266835 
0.449938 
1.437717 
0.115534 
2.050548 
0.071667 
0.011711 
0.542863 
0.707688 
3.298260 
0.587162 
0.116380 
0.164329 
0.051156 
2.431744 
2.239423 
0.239006 
0.239010 
0.299935 
0.031660 
0.037136 
0.656900 
0.578823 
1.080288 
2.181981 
0.059972 
0.866832 
0.771791 
0.426341 
1.256189 
0.349370 
0.139102 
0.010462 
0.970250 
0.544375 
0.915488 
1.168364 
0.415297 
0.150525 
0.174752 
0.513945 
0.547052 
1.621864 
1.984833 
1.010474 
0.118116 
0.731909 
0.045029 
2.543259 
0.068382 
0.235450 
1.461750 
0.674541 
1.031241 
0.438825 
0.085102 
0.507879 
0.187716 
1.964434 
0.805074 
0.243726 
1.263950 
0.471742 
0.095032 
0.562037 
0.198813 
0.698009 
0.836831 
0.088819 
0.270168 
0.006364 
0.359957 
0.211221 
2.513960 
0.233870 
0.201452 
0.038623 
0.116131 
0.509084 
0.714139 
0.326312 
0.022792 
0.306673 
1.902066 
0.387133 
0.140308 
0.369626 
0.942914 
0.544894 
0.605563 
1.517151 
0.461104 
0.728400 
1.236861 
0.344838 
0.449189 
0.018717 
1.240501 
0.549161 
0.547667 
1.097748 
0.686997 
0.174026 
0.474448 
0.388878 
0.645772 
0.138673 
0.565182 
0.671930 
1.922607 
0.057785 
0.025492 
1.412033 
0.771865 
0.048761 
0.133192 
0.851337 
0.227525 
0.425706 
0.112282 
0.570120 
0.236206 
0.034270 
0.134077 
0.256732 
0.638204 
0.325006 
1.694760 
0.472323 
0.454175 
0.486112 
0.782036 
0.405392 
1.787818 
0.233886 
0.533412 
1.558663 
0.386456 
0.233437 
0.090223 
0.866015 
0.198119 
1.282841 
0.048963 
0.251770 
0.455458 
0.234958 
0.703086 
0.066674 
0.137060 
0.100145 
0.625119 
0.320013 
1.189738 
0.803630 
0.700930 
0.227119 
0.969328 
0.319127 
0.314663 
0.175899 
0.199143 
0.172862 
0.315467 
0.376407 
0.098307 
0.562589 
0.244117 
0.059132 
0.873862 
0.153252 
1.078214 
0.159888 
0.193489 
0.239946 
1.032359 
0.127040 
1.016768 
0.061773 
0.637865 
0.091472 
0.330183 
0.236591 
0.181673 
1.807408 
0.652655 
0.603955 
0.396382 
0.194753 
0.685878 
0.164447 
0.503604 
1.164449 
0.493234 
0.639260 
0.601642 
0.841395 
1.471852 
0.996020 
0.204136 
0.065343 
0.204689 
3.350056 
0.857010 
1.152262 
0.200052 
0.226774 
0.173873 
0.281074 
0.179591 
0.206206 
1.086251 
0.967286 
1.416831 
0.789771 
0.171652 
0.190756 
0.296237 
0.473720 
0.177279 
0.827522 
0.529153 
0.986111 
0.433673 
0.733007 
0.120343 
0.109796 
0.435783 
0.136646 
0.032648 
1.343288 
0.655194 
0.522173 
0.511194 
1.292745 
0.080097 
0.082948 
1.108756 
0.292587 
0.396115 
0.343564 
0.476255 
0.228424 
0.497749 
1.233204 
0.082666 
0.045648 
0.991335 
2.100841 
0.168520 
2.120756 
0.400823 
1.652503 
0.591504 
0.749460 
0.671847 
0.135534 
0.452905 
1.467963 
0.119041 
0.691538 
0.659277 
1.283421 
0.015839 
0.910254 
0.501763 
0.571905 
0.577855 
0.418351 
0.757538 
0.296049 
0.262873 
0.106170 
1.102834 
0.842389 
0.986126 
0.545275 
1.582619 
0.835208 
0.925167 
1.107051 
0.820392 
0.716931 
0.149145 
0.442126 
0.224326 
0.648699 
0.075123 
0.356340 
1.359302 
1.014740 
0.454275 
1.149611 
0.142013 
0.781670 
0.710385 
0.165904 
0.116337 
0.182563 
0.093593 
0.610294 
0.019667 
0.158628 
0.474692 
0.504821 
0.455788 
0.585859 
0.366163 
0.539211 
0.170929 
0.160445 
0.045321 
0.368888 
0.721107 
0.583769 
0.288364 
0.139679 
0.686124 
0.349651 
0.516513 
3.470794 
0.128008 
0.369415 
0.584480 
1.379381 
0.337167 
0.668405 
0.541017 
0.892695 
0.127347 
0.719840 
1.440650 
1.004939 
1.764292 
0.037774 
0.130623 
0.825959 
0.392259 
0.868721 
0.189793 
1.846635 
0.821208 
0.482511 
1.248266 
0.327469 
0.728671 
0.083018 
0.455289 
0.069219 
1.576366 
1.022870 
0.711853 
1.136831 
0.108931 
0.560280 
2.573874 
1.072668 
0.013431 
0.016129 
0.527355 
2.109015 
0.297472 
0.362693 
2.367612 
0.294688 
0.169029 
0.570077 
1.161037 
0.528737 
2.587354 
0.159513 
0.235964 
0.466715 
2.095066 
0.088770 
0.128505 
0.483062 
0.852339 
0.094873 
1.191998 
0.517372 
0.093771 
1.087055 
0.455119 
1.335039 
0.271613 
0.480356 
1.373840 
0.354868 
0.175644 
0.011034 
0.201182 
0.750911 
0.265786 
0.129652 
0.077887 
0.610456 
0.674141 
0.115111 
0.223220 
0.472143 
0.170835 
0.201156 
0.133918 
1.078970 
0.944067 
0.268962 
0.645066 
0.365872 
0.131191 
0.287156 
0.340817 
0.273570 
0.020023 
0.810497 
0.046634 
2.752220 
0.408287 
1.311161 
0.107504 
0.678717 
0.892838 
0.064593 
0.759237 
1.309716 
0.445035 
0.024963 
1.447162 
0.608478 
0.557889 
0.622460 
0.041191 
0.363562 
0.119053 
1.807281 
0.394983 
0.084499 
0.055411 
0.346036 
0.176110 
0.615814 
0.736676 
0.407816 
0.171123 
0.183444 
0.079840 
1.499838 
0.217426 
0.215630 
0.531798 
0.252382 
0.684472 
0.618763 
0.168563 
1.246697 
1.046837 
0.855381 
1.029772 
0.026686 
0.328132 
0.286437 
0.032812 
0.103621 
0.719969 
3.355444 
0.275731 
2.693160 
0.799083 
0.003117 
0.661063 
0.492710 
0.151576 
1.200361 
3.963312 
0.661073 
0.640665 
0.127546 
0.090260 
0.615815 
0.767150 
0.199857 
0.338755 
1.005440 
0.562778 
0.309071 
1.156691 
0.667122 
0.851555 
0.988834 
0.283554 
0.193007 
0.672504 
0.143141 
0.228423 
0.455420 
1.060231 
0.280999 
1.859527 
0.891568 
3.097507 
0.167602 
0.919029 
0.471344 
0.051022 
0.562548 
1.277475 
1.806832 
1.104545 
0.387073 
0.241643 
0.227046 
0.335990 
3.037963 
0.421046 
0.020201 
0.396454 
0.231253 
0.022520 
0.117080 
0.110353 
0.247668 
0.391337 
0.304240 
0.240599 
1.652832 
0.155188 
0.169234 
1.319397 
0.345963 
0.074336 
0.190282 
1.014855 
0.083304 
0.328373 
0.166628 
0.273586 
0.223246 
0.018608 
1.833003 
0.251382 
0.370632 
1.402050 
0.237649 
0.010959 
0.166521 
0.085927 
0.238619 
0.075456 
0.497780 
0.166939 
1.301885 
0.097542 
0.634898 
0.251448 
0.639009 
0.136071 
0.292521 
0.256734 
0.703424 
0.025863 
0.729718 
1.180975 
0.098240 
0.020177 
1.054813 
4.120719 
0.337132 
0.068243 
1.409857 
0.941146 
0.130484 
0.650312 
0.355204 
0.336285 
0.691566 
1.485042 
0.001073 
0.469964 
0.428605 
1.053815 
0.075824 
0.447756 
0.068864 
0.139383 
0.116124 
0.304942 
0.044829 
1.159571 
0.491398 
0.046995 
0.151137 
0.330557 
0.227817 
0.027749 
0.328773 
0.677928 
0.582140 
0.075738 
0.335247 
0.127592 
0.104393 
0.581924 
1.053998 
0.009599 
0.310439 
0.464100 
0.286575 
0.346669 
0.087518 
0.258353 
1.560877 
0.134091 
0.664329 
1.493195 
0.498874 
0.494246 
0.040110 
0.524241 
0.805942 
0.759645 
0.079769 
0.130225 
1.310900 
0.239031 
0.939549 
0.915810 
1.079501 
0.201567 
0.258134 
2.361529 
1.466921 
0.540611 
0.109851 
0.965301 
0.704331 
1.605726 
0.317759 
0.031072 
0.687737 
1.150389 
0.378049 
0.459633 
0.636442 
0.252476 
0.300772 
0.095704 
0.348047 
0.587289 
0.441605 
0.252721 
1.178290 
0.363182 
0.321975 
0.995774 
1.957013 
0.443091 
0.114929 
0.106499 
0.364054 
0.652124 
0.580696 
0.896698 
0.609353 
0.411308 
0.318612 
0.001703 
1.151826 
0.379159 
2.136365 
0.569698 
0.842436 
0.083045 
0.111277 
0.491038 
0.629904 
0.479663 
0.138301 
0.355906 
0.154509 
0.782555 
0.369468 
0.328828 
0.494434 
0.270385 
1.166463 
0.889831 
1.283660 
1.079945 
0.274235 
0.772846 
0.732228 
0.768906 
0.012326 
0.148565 
2.454298 
0.218205 
0.228078 
2.806311 
0.095544 
0.683692 
0.611945 
0.807988 
0.804714 
0.698354 
0.901513 
0.008378 
0.186385 
2.338776 
0.565628 
0.466990 
0.412551 
1.120559 
0.706259 
0.625017 
0.318218 
0.483104 
0.194785 
0.218253 
0.163846 
1.379889 
1.317507 
0.347945 
0.017164 
0.241222 
0.441219 
0.125406 
0.151585 
0.035790 
0.791838 
1.059259 
0.650626 
0.336781 
0.490522 
0.209107 
0.725919 
0.072265 
0.677823 
0.669560 
0.144322 
0.021947 
1.935943 
0.618228 
1.322370 
1.069072 
1.383410 
1.923392 
0.009193 
0.300591 
0.058575 
1.012549 
0.042424 
0.105332 
0.327157 
0.682827 
1.210587 
0.030055 
0.005326 
0.059941 
2.294751 
0.319965 
0.055685 
0.227041 
0.232279 
0.282599 
0.799351 
4.809620 
0.680657 
0.220781 
1.081573 
2.975718 
0.057697 
1.121608 
0.206053 
1.117181 
1.039259 
2.782488 
0.332119 
0.221887 
0.015301 
0.258031 
0.069499 
0.995913 
0.754106 
3.058357 
0.214198 
1.159033 
0.250876 
0.137445 
0.585940 
0.219932 
0.461243 
0.425921 
0.071036 
0.496962 
0.193637 
0.218286 
1.281214 
0.556381 
2.085752 
0.976515 
0.541006 
0.629118 
1.045848 
1.169056 
0.218168 
0.541947 
0.235142 
0.096233 
1.392448 
0.483505 
0.198489 
0.171900 
0.348819 
0.610506 
0.116417 
0.043807 
0.681114 
0.348049 
0.652799 
3.219198 
0.125862 
0.341762 
0.164430 
0.135624 
0.450519 
0.500084 
0.184406 
0.789791 
0.310100 
1.468654 
1.360502 
0.280160 
0.279403 
0.122762 
0.872105 
0.642913 
1.018659 
1.547581 
0.464759 
1.185139 
0.628236 
0.104318 
1.316097 
1.814316 
0.347706 
0.229305 
0.158872 
0.771587 
1.510333 
1.058421 
0.542736 
0.182031 
0.193234 
0.153928 
0.223229 
0.733498 
0.168372 
1.296380 
0.077229 
0.679837 
1.375889 
0.282526 
0.376741 
0.080389 
0.119152 
0.141574 
0.080647 
0.315496 
1.676905 
0.443148 
1.690008 
0.282301 
0.504274 
1.720503 
0.734596 
0.242757 
1.955785 
0.096888 
0.213179 
0.046966 
0.391202 
0.361543 
0.397390 
0.875632 
1.145078 
0.111821 
0.024802 
0.655857 
1.024808 
0.646948 
0.351790 
0.798036 
0.151369 
0.306143 
0.074544 
0.246195 
0.300205 
0.553198 
0.646226 
0.476520 
0.648466 
1.415407 
1.273415 
0.080914 
1.172083 
0.477135 
0.330669 
0.062638 
0.119939 
0.010797 
1.288763 
1.416299 
0.208341 
0.780802 
0.027411 
0.449409 
1.584054 
0.725156 
0.766184 
0.744768 
0.696786 
4.362919 
1.115727 
0.307758 
0.015552 
0.046642 
0.132231 
0.373533 
0.240521 
0.416327 
0.530231 
0.192853 
0.503663 
0.514071 
0.061453 
0.694706 
0.692664 
0.614783 
0.256862 
2.526563 
1.371380 
0.216860 
0.274516 
0.677013 
0.229541 
0.724081 
0.695872 
1.909001 
1.266236 
0.367264 
0.143403 
0.022157 
0.463212 
1.613498 
0.748416 
0.167469 
3.079814 
0.104231 
1.205077 
0.056438 
0.164779 
0.483689 
0.503936 
1.211927 
0.076489 
0.711739 
1.220643 
1.038843 
1.416817 
0.710348 
1.535518 
2.444988 
0.687197 
0.018025 
0.271170 
0.797050 
1.228525 
2.626946 
0.336294 
1.016877 
0.658331 
0.015706 
0.146483 
1.820770 
0.389089 
0.808323 
0.123754 
0.069555 
0.120626 
0.498246 
1.492956 
2.742332 
0.390431 
0.167870 
0.299858 
0.834849 
0.187334 
0.157435 
0.107796 
0.338372 
0.837592 
0.365711 
0.835628 
0.779675 
0.308736 
0.204247 
0.196498 
0.505537 
0.100679 
0.079373 
0.578773 
0.207548 
0.126928 
0.232969 
0.255696 
1.295101 
1.444713 
0.240579 
0.521824 
0.397195 
2.002288 
0.079693 
0.277708 
0.550463 
0.102089 
0.011007 
0.499827 
0.088259 
0.005428 
1.388984 
0.934743 
0.201796 
1.258565 
0.901527 
0.065665 
0.171978 
0.032383 
2.247871 
0.141022 
0.046529 
0.220832 
1.047827 
0.644875 
0.609992 
2.139400 
0.078056 
0.768494 
0.971723 
1.165270 
1.453727 
0.321126 
3.136786 
0.905122 
0.609159 
0.453957 
0.717108 
0.789986 
1.235358 
2.164421 
0.282058 
0.264311 
1.268666 
1.098928 
0.028683 
0.003758 
0.153195 
0.555609 
0.329450 
0.490338 
0.012450 
0.493838 
0.034400 
0.523419 
0.083152 
0.859387 
1.322197 
0.203460 
0.851587 
0.009333 
0.135815 
0.812402 
1.846439 
0.396571 
0.001349 
0.091705 
1.763096 
0.160517 
0.557924 
0.015218 
0.077346 
0.419969 
0.091821 
0.723753 
1.584137 
1.224265 
0.189887 
1.173673 
1.772880 
0.056410 
0.480163 
0.393609 
0.214243 
0.804481 
1.983583 
0.396090 
0.046693 
0.420423 
0.332719 
1.412119 
1.854412 
0.034589 
0.433018 
1.045938 
0.214861 
0.739488 
0.543638 
0.374925 
0.062144 
1.349498 
0.401853 
0.607936 
0.057043 
0.345986 
0.389912 
0.741297 
0.306857 
0.010817 
0.332576 
0.571908 
0.626183 
1.540207 
0.277636 
0.244384 
0.008387 
0.437281 
0.293955 
0.935110 
0.382761 
0.079317 
0.185452 
0.014242 
1.132436 
0.228369 
0.427284 
0.923070 
0.088240 
0.512743 
0.233798 
1.520731 
0.750782 
0.237631 
0.714708 
0.198575 
1.948066 
0.395757 
0.203098 
0.578340 
0.675388 
0.462421 
0.786277 
0.963882 
0.622933 
0.879174 
0.002910 
2.559945 
0.077089 
0.180440 
0.737274 
0.317132 
0.912870 
0.802395 
0.507389 
0.307751 
1.421307 
0.897307 
0.402194 
0.423625 
0.535181 
0.152581 
0.339235 
0.307512 
1.638962 
0.416793 
0.034718 
1.167192 
0.805525 
0.641453 
0.912627 
0.163791 
0.842828 
1.110164 
0.684259 
0.783215 
0.414427 
0.047865 
0.285650 
0.405964 
0.034534 
0.044801 
0.094054 
0.437325 
2.228642 
0.731540 
0.003946 
0.277167 
0.084346 
0.345422 
0.643858 
1.289306 
0.751767 
0.164364 
1.010639 
0.027029 
0.368427 
0.825846 
0.685327 
0.222614 
1.709395 
0.216898 
0.063761 
0.053977 
0.226606 
0.039981 
0.174347 
0.123002 
0.115284 
0.170853 
0.632434 
0.223278 
0.616691 
0.422633 
1.580917 
0.166489 
0.375856 
1.963085 
0.173029 
1.294888 
0.138910 
1.016228 
0.203989 
0.136501 
1.189606 
0.147702 
0.238596 
0.712862 
0.408849 
1.019963 
0.685157 
0.916701 
0.210952 
0.814139 
0.515799 
0.501772 
0.759449 
0.510783 
2.317352 
0.582018 
1.049523 
0.016450 
0.114836 
0.025824 
0.678074 
1.710598 
0.225423 
0.495730 
0.151379 
0.588651 
1.079348 
0.499546 
0.782125 
0.109256 
0.056887 
0.422161 
0.333857 
0.029302 
0.183764 
0.663110 
0.556894 
0.628194 
0.819747 
0.035485 
0.987401 
0.493884 
0.585244 
1.999203 
1.569147 
0.765274 
0.507343 
1.108730 
0.184944 
0.704325 
1.249192 
0.747415 
0.101460 
0.276804 
0.919585 
1.673949 
0.210435 
0.641704 
0.130314 
1.243983 
0.073865 
0.904365 
1.374819 
0.197888 
0.203025 
0.108157 
0.828179 
0.170745 
0.315638 
0.199208 
0.471925 
0.396570 
2.631163 
2.552523 
0.014215 
0.093177 
0.964410 
0.621484 
0.271442 
0.448074 
0.219324 
1.164461 
0.567938 
0.674030 
0.101700 
1.849381 
0.307840 
0.307393 
1.759775 
0.087049 
0.098260 
0.442621 
1.480807 
0.820747 
0.170013 
0.090654 
0.006008 
0.803627 
0.669188 
0.965608 
0.333938 
0.260080 
0.016989 
0.626243 
0.449025 
1.209805 
0.054628 
0.775938 
0.612873 
0.067515 
1.849318 
0.228929 
0.080609 
0.399648 
0.087151 
0.528302 
1.755639 
0.834640 
0.963011 
0.731642 
1.176567 
0.503814 
0.301084 
0.303832 
0.420313 
1.373498 
0.365745 
0.194552 
0.611476 
3.130723 
0.957913 
0.570602 
0.460607 
0.188368 
0.109849 
0.812125 
1.722774 
0.334185 
0.202030 
0.413119 
0.969664 
0.214054 
0.031118 
1.303701 
0.037202 
0.286079 
1.308591 
1.351448 
0.264093 
2.292466 
1.735955 
0.835263 
0.109909 
0.086185 
0.416010 
0.109742 
0.204523 
0.788346 
0.399637 
2.583368 
0.632041 
0.389324 
0.095782 
0.192721 
1.464898 
0.481921 
0.416442 
0.121094 
0.098847 
0.188023 
0.122977 
0.579985 
0.142635 
0.211598 
0.234134 
0.170218 
0.324016 
1.600273 
0.492852 
1.992117 
0.442347 
0.177265 
0.374833 
0.794671 
0.056399 
0.172396 
0.799605 
1.323926 
0.790202 
0.420361 
0.496838 
0.863077 
0.662949 
0.071754 
0.099807 
0.835680 
0.055880 
0.142827 
0.397831 
0.060194 
0.203532 
0.126319 
0.696921 
0.127632 
0.035854 
0.294321 
0.006515 
0.504455 
0.074778 
0.032195 
0.029590 
1.085039 
0.107910 
0.033103 
0.904378 
2.334284 
1.528208 
0.613953 
2.769552 
0.652317 
0.350622 
0.605439 
0.635429 
0.419603 
0.042681 
0.881315 
1.706636 
0.690421 
0.838137 
0.176949 
1.727852 
0.715540 
0.286791 
0.106808 
0.536887 
0.808315 
0.080081 
0.826916 
0.202950 
0.712131 
0.159065 
1.002927 
0.178188 
0.387206 
0.196638 
0.265730 
0.129552 
1.441814 
1.074725 
0.892485 
1.143975 
0.437677 
0.749516 
0.079430 
3.044833 
0.957650 
0.063579 
0.513498 
0.213210 
0.700161 
0.541990 
0.999730 
0.132827 
0.689064 
0.686328 
0.185953 
0.138025 
0.300209 
0.664986 
0.005074 
0.148840 
1.649707 
0.396464 
0.380889 
0.477226 
0.509025 
2.531921 
0.159742 
0.115160 
0.328652 
0.792333 
0.483784 
0.862884 
0.281162 
0.927771 
0.485157 
1.153727 
0.287268 
0.269137 
0.832800 
1.264869 
0.780410 
0.021723 
2.304945 
1.297936 
0.160295 
1.357945 
0.924817 
0.775591 
1.887760 
1.066925 
0.601013 
0.202469 
0.119229 
1.658585 
0.789772 
0.176944 
1.116045 
0.993853 
0.552246 
0.029564 
0.088794 
0.891615 
0.213863 
0.274837 
0.216253 
0.616924 
1.112415 
0.743946 
4.398526 
0.537447 
0.084734 
0.789339 
2.684881 
1.860899 
0.500054 
1.340194 
0.142872 
0.370401 
0.347836 
0.248534 
0.274430 
0.098197 
0.016596 
0.054360 
1.953350 
0.336493 
2.487921 
0.339115 
0.430188 
0.309164 
0.299723 
0.386778 
0.014402 
0.102690 
0.021364 
0.365771 
0.664608 
0.423034 
0.370565 
1.359105 
0.155870 
1.020768 
1.114327 
0.130828 
0.222672 
0.031832 
0.499378 
0.691857 
0.415208 
2.353180 
0.054188 
0.588754 
1.451684 
0.140982 
0.135165 
0.289101 
1.192876 
3.452921 
0.422976 
0.646412 
0.234998 
0.351308 
0.193458 
0.743694 
1.810041 
0.308276 
0.631985 
1.580149 
0.644514 
0.115040 
0.722143 
0.273600 
0.512090 
0.485837 
0.219970 
0.183470 
0.671650 
0.302951 
0.826228 
0.303625 
0.026151 
0.223480 
0.419388 
0.056976 
0.830092 
0.917107 
0.932992 
1.145309 
0.094737 
0.626589 
1.657270 
0.248756 
0.345191 
0.021522 
0.622650 
1.838627 
2.381028 
1.565483 
2.494805 
0.590116 
0.124844 
0.548750 
2.699443 
1.023150 
0.084755 
0.167517 
3.070826 
0.495855 
0.852713 
0.710254 
0.072278 
2.952048 
0.018247 
0.215791 
0.746654 
2.683465 
0.391583 
2.202806 
1.224100 
0.649763 
0.160442 
0.005044 
0.303835 
0.496770 
1.586918 
0.501324 
0.210748 
0.858020 
0.673828 
0.224753 
0.946908 
2.202637 
0.821451 
0.208916 
2.052051 
0.481377 
0.701271 
0.210219 
0.349722 
0.679790 
0.388594 
0.450022 
0.005395 
0.000411 
0.231452 
0.922092 
0.135729 
1.097595 
2.313001 
1.545235 
0.323211 
1.254084 
0.018003 
0.948817 
0.061050 
0.626841 
0.326746 
0.032210 
0.366422 
0.416549 
0.668604 
0.326876 
0.088627 
0.929956 
0.692551 
0.622181 
0.209003 
0.686472 
0.490454 
0.360419 
0.258417 
0.049353 
0.178833 
0.776046 
0.378639 
0.194889 
0.310016 
0.447314 
0.180998 
0.083281 
1.120709 
0.257826 
0.324796 
0.489439 
1.585836 
0.261627 
1.038620 
0.925439 
0.398647 
1.016832 
0.338130 
1.519294 
0.345828 
3.168229 
0.751115 
3.196459 
1.597890 
0.924022 
1.476108 
0.191317 
0.679455 
0.358344 
0.597580 
1.255999 
0.893595 
1.562766 
0.151046 
0.374684 
0.436413 
0.726355 
0.895505 
0.041212 
3.030239 
0.016475 
1.166653 
0.474446 
0.357914 
0.021526 
0.820370 
0.462592 
1.582197 
1.282115 
0.613902 
0.391573 
1.031810 
0.314605 
0.217588 
0.320589 
0.173214 
0.779164 
0.396308 
0.145756 
0.117260 
0.172678 
0.531778 
0.073262 
0.028313 
0.191233 
2.456925 
0.547911 
0.514849 
0.232159 
0.070235 
1.343865 
0.327852 
1.196406 
0.776754 
1.643445 
1.269160 
0.469181 
0.445163 
0.816376 
0.892193 
2.438477 
0.311022 
0.121819 
0.425759 
1.384732 
0.783168 
0.086153 
0.760837 
0.507748 
0.718568 
0.082260 
0.206571 
4.137957 
2.139860 
0.423369 
0.036569 
1.809671 
1.256007 
0.973210 
0.112832 
0.152634 
0.503400 
0.310636 
0.968322 
0.826005 
0.992687 
0.209740 
0.045634 
0.359492 
0.129993 
0.780137 
1.755091 
1.382493 
0.251949 
0.946175 
0.717013 
1.505240 
2.243528 
0.130487 
0.760926 
0.194174 
0.048103 
0.362662 
0.441261 
0.838219 
1.051992 
0.121471 
0.637187 
0.516169 
1.664426 
0.207221 
0.866490 
0.360298 
0.426445 
0.211645 
0.157555 
0.791577 
1.191331 
2.085769 
1.024426 
0.718648 
1.003596 
1.018704 
0.099631 
0.581017 
0.124464 
0.043927 
0.812511 
0.833704 
0.156187 
0.531259 
0.088541 
0.839353 
0.781384 
0.422841 
0.973119 
0.659819 
1.770039 
0.978362 
1.118204 
0.246944 
0.111069 
0.970089 
0.707162 
0.367489 
0.582454 
0.354896 
0.688945 
0.584803 
0.221619 
1.358142 
0.276290 
0.926077 
0.247688 
1.090488 
0.310319 
0.477616 
0.388068 
1.147615 
1.123295 
0.673266 
0.118820 
0.672968 
0.370902 
1.876863 
0.068440 
0.855656 
0.702799 
0.572701 
0.127752 
0.805465 
0.139809 
0.441558 
0.759188 
0.417936 
1.813991 
2.327968 
0.070241 
0.023419 
0.019516 
0.137080 
0.545602 
0.586871 
0.074979 
1.827934 
0.302000 
0.925806 
0.736074 
0.454699 
0.304630 
1.208689 
1.152139 
0.883539 
0.270901 
2.277822 
0.328387 
0.390746 
1.029741 
1.309815 
1.096846 
0.500503 
0.254925 
1.411857 
0.166733 
0.512010 
0.553807 
0.329142 
0.563918 
1.215795 
0.703056 
1.144601 
0.103745 
0.505882 
0.211286 
0.168313 
0.646254 
1.012719 
1.918663 
0.339316 
0.681808 
0.713869 
0.067155 
0.050897 
0.329158 
1.223876 
1.068627 
0.907534 
0.678933 
0.774964 
0.067631 
0.996837 
0.688713 
0.494184 
0.220659 
0.416831 
0.541932 
0.101069 
0.163977 
0.652891 
1.213567 
0.221094 
1.115743 
0.385459 
0.786046 
0.027397 
0.106104 
0.218639 
0.662139 
0.522421 
0.382083 
0.091285 
2.212661 
0.094233 
0.847347 
3.556991 
0.686738 
1.584148 
1.331913 
0.694054 
1.584727 
0.047815 
0.075015 
1.024324 
0.110303 
0.122808 
1.039169 
0.471247 
1.142674 
0.007593 
1.538892 
0.377839 
0.329818 
0.375087 
0.432802 
1.368174 
1.811162 
2.546489 
0.397159 
0.358541 
0.616925 
1.154971 
0.476570 
0.209486 
0.070633 
0.687763 
0.050264 
0.291363 
0.521423 
0.927698 
0.072454 
0.197595 
0.357943 
0.394724 
0.301398 
0.683669 
0.344992 
1.575872 
0.939740 
1.449386 
0.248585 
0.207694 
0.025238 
0.123692 
0.743278 
0.501044 
1.408055 
1.175953 
0.065827 
0.194925 
0.068288 
0.005870 
1.897811 
0.187761 
1.234920 
0.290923 
0.036424 
0.141229 
0.564465 
1.148337 
1.252078 
1.747738 
0.335675 
2.921250 
0.094485 
0.725983 
0.644692 
1.291787 
1.818473 
0.188310 
2.768293 
0.205708 
0.027240 
0.004034 
0.907057 
0.730442 
1.307859 
0.461780 
0.361101 
0.840339 
0.530824 
0.073105 
0.145209 
0.215994 
0.602653 
0.082455 
2.752289 
0.433819 
0.672229 
0.724448 
0.899074 
0.640993 
0.261853 
1.322614 
0.556419 
0.302364 
1.327028 
0.375100 
0.746563 
0.174162 
0.274105 
0.364018 
0.067606 
0.136081 
0.551147 
0.973968 
0.311845 
0.935428 
0.269709 
1.325307 
0.041839 
0.078468 
0.756221 
1.371645 
0.044516 
1.091597 
0.432203 
0.924452 
0.438777 
0.399753 
0.620930 
1.141246 
1.987818 
2.330372 
0.505507 
0.930609 
0.547270 
0.285172 
0.169555 
0.545714 
1.268837 
0.337762 
0.064110 
0.814996 
0.924825 
0.901263 
0.357290 
0.386317 
0.201821 
0.284455 
1.174873 
0.893047 
0.345626 
1.110725 
0.117960 
0.096477 
0.593778 
0.329276 
0.886023 
0.322598 
1.585959 
0.559342 
0.645792 
0.313721 
0.829098 
0.854444 
0.375902 
0.638375 
0.045284 
0.429141 
0.084680 
0.365189 
1.168987 
0.012683 
1.162408 
0.140244 
0.036268 
0.105314 
3.812426 
0.488368 
0.690046 
0.329289 
2.218823 
0.613771 
0.104427 
0.335305 
0.063567 
0.187917 
0.015428 
0.845590 
1.474690 
0.952408 
1.508555 
0.732740 
2.029641 
0.942882 
0.315566 
0.054526 
0.084264 
0.386203 
0.572196 
0.846849 
0.516122 
0.289727 
0.534431 
0.588779 
0.110694 
0.108226 
0.266309 
0.433417 
0.156191 
0.651582 
0.396426 
1.487880 
1.112530 
0.146537 
0.072731 
0.041733 
0.307419 
0.294238 
0.543685 
2.443756 
0.036974 
0.374025 
0.694435 
0.212556 
2.041113 
0.015638 
0.290828 
0.351565 
0.177287 
1.421963 
0.455636 
0.628763 
0.246773 
0.021393 
0.147549 
0.009108 
0.058088 
0.599048 
0.025007 
0.050859 
0.377029 
0.304691 
1.297623 
0.137536 
0.591210 
0.615999 
0.498072 
0.984365 
1.730442 
1.310221 
0.092901 
0.188476 
0.254111 
0.088336 
1.131493 
0.174497 
0.213070 
2.009203 
0.162836 
0.593872 
0.306620 
0.044486 
0.046734 
0.491110 
0.461104 
0.730800 
1.208540 
0.203636 
0.164183 
0.006647 
0.099807 
0.831935 
0.923556 
0.055981 
0.843363 
0.474370 
0.412975 
0.918435 
1.455666 
0.243848 
0.076942 
0.699536 
0.083095 
0.281416 
0.136842 
0.271362 
0.069246 
0.560884 
0.594254 
0.281543 
0.316199 
0.400097 
0.506094 
1.114712 
1.417089 
0.335868 
0.032202 
0.164509 
1.214096 
0.215384 
1.078952 
0.734496 
0.422144 
0.126256 
0.178751 
0.021998 
0.212618 
0.108432 
0.059540 
1.867033 
0.444605 
0.241066 
0.579047 
0.143889 
0.577284 
0.296659 
0.719082 
0.398752 
0.228022 
1.604510 
3.051612 
0.033980 
0.631722 
0.263750 
1.144781 
1.507199 
0.480700 
0.142676 
0.118142 
0.200787 
1.295088 
1.205105 
0.131864 
0.226944 
0.408816 
0.266774 
0.961935 
0.524697 
0.030707 
0.080752 
1.584749 
0.078908 
0.285794 
2.188252 
1.406671 
0.036969 
0.241882 
0.814952 
0.377148 
0.107497 
0.424965 
0.001487 
1.476838 
0.035703 
0.400041 
0.888885 
1.040919 
0.219887 
0.684789 
0.396228 
0.042336 
1.466117 
0.536138 
0.115523 
0.738505 
0.450224 
0.691160 
0.222498 
0.805181 
0.073621 
0.987807 
0.897279 
0.225097 
0.251580 
0.033887 
0.144343 
0.416871 
0.095926 
0.679438 
0.206837 
0.165831 
0.647174 
0.548745 
1.562031 
0.651703 
0.599494 
0.622170 
0.122516 
0.149880 
0.266296 
0.198080 
0.064553 
0.773561 
0.166317 
1.141167 
0.596687 
0.593023 
0.487404 
0.830379 
1.008436 
0.358902 
0.107322 
0.395539 
0.093278 
0.125453 
0.193362 
0.950767 
0.326101 
0.626757 
0.543153 
2.141604 
1.692314 
0.255523 
0.855083 
0.970118 
1.137178 
0.630463 
0.014972 
0.410539 
0.555973 
0.366934 
0.158096 
0.160983 
0.373012 
0.485379 
0.567144 
0.023904 
1.309109 
0.503078 
0.437965 
0.526905 
0.815823 
0.882048 
0.726625 
0.017481 
1.041588 
0.630337 
0.939115 
0.147567 
0.321934 
0.094666 
1.979629 
0.173682 
0.336278 
0.496390 
0.206702 
0.537410 
0.751416 
0.328025 
0.625142 
0.628428 
0.027275 
1.683371 
1.183103 
0.544069 
0.238083 
0.079504 
0.911064 
0.524911 
0.477608 
0.288763 
0.031469 
0.043336 
0.541997 
1.288965 
0.519393 
1.748596 
0.892471 
0.868022 
0.608335 
0.098919 
1.796049 
0.250063 
0.266784 
2.028735 
1.345959 
0.920161 
0.363316 
0.362414 
0.834417 
0.158617 
0.214393 
0.619437 
2.183124 
2.218128 
0.085308 
0.412494 
0.025545 
0.205637 
0.631481 
3.189624 
1.567973 
0.169542 
0.243328 
0.444736 
0.043231 
1.399976 
0.523286 
0.532473 
0.076954 
2.163361 
0.459813 
2.521536 
0.702860 
0.087747 
0.969929 
0.931533 
0.081368 
0.992678 
0.172102 
0.598620 
0.598329 
0.582675 
0.939828 
0.337607 
0.618240 
0.002690 
2.043412 
0.177177 
0.627004 
0.012276 
1.142758 
0.281808 
0.007884 
1.061518 
0.560202 
0.082953 
2.187609 
0.321246 
1.911364 
0.769356 
0.462678 
0.023542 
0.208687 
0.407245 
0.118438 
0.003810 
0.624689 
0.108290 
1.035687 
0.014978 
0.664029 
0.087145 
0.358056 
0.142622 
0.010938 
0.710159 
0.211204 
0.626256 
0.628764 
0.263808 
1.320327 
0.287824 
1.582756 
0.017516 
0.825541 
0.423950 
0.034088 
0.363553 
0.032627 
0.256906 
0.956366 
0.792501 
1.016382 
0.054820 
0.469595 
0.982185 
1.942714 
0.312840 
0.144854 
0.555542 
0.689635 
0.872297 
1.494261 
0.060671 
0.129788 
0.112082 
0.014811 
0.107495 
0.382516 
0.431497 
0.131524 
0.896621 
0.095481 
0.122816 
2.322326 
0.678750 
0.039472 
0.068838 
0.500131 
1.071215 
0.075045 
0.494847 
0.332303 
0.181599 
0.358694 
2.619449 
0.593204 
0.355331 
0.287995 
1.186772 
0.053351 
0.417137 
1.119188 
0.660742 
0.501049 
2.050502 
0.042076 
0.155583 
0.706727 
0.712975 
0.374661 
0.103140 
0.438569 
0.708742 
0.059973 
0.898232 
0.251916 
0.120993 
1.211938 
0.106141 
0.101095 
1.125820 
0.692721 
0.092834 
0.698211 
0.440050 
0.487550 
0.491210 
0.887875 
0.242466 
0.512033 
1.240857 
1.284109 
0.250353 
0.636610 
2.081771 
0.132558 
0.777337 
0.334116 
0.125958 
0.550900 
0.019024 
0.052281 
0.398840 
0.519461 
0.825772 
0.097311 
0.165239 
0.142153 
0.935196 
2.406636 
1.212708 
0.042757 
0.793968 
1.054219 
0.062741 
0.808272 
1.025373 
0.490707 
0.502371 
2.018892 
0.039836 
0.435655 
0.391299 
1.141631 
0.551766 
0.738763 
0.624496 
0.171954 
0.495940 
0.951476 
0.452876 
0.457576 
1.572122 
1.949288 
1.188223 
0.947052 
1.015117 
0.413651 
0.166477 
0.140959 
0.711909 
0.237839 
0.516063 
0.704124 
0.081315 
0.449226 
0.442867 
0.122501 
1.311932 
0.619629 
1.320230 
0.044651 
0.213635 
1.619641 
0.666247 
0.675684 
0.160096 
0.706663 
0.089836 
0.520724 
0.524492 
0.650290 
0.165500 
0.746623 
0.817031 
0.419806 
1.263425 
0.767453 
0.642297 
1.407727 
1.900744 
1.181252 
0.172779 
0.694307 
0.106060 
0.195277 
0.094649 
0.523879 
0.432414 
0.630319 
0.573716 
0.073737 
0.634887 
0.159537 
1.048671 
1.067799 
1.025265 
4.284129 
0.015391 
0.857062 
0.134623 
0.328588 
0.753411 
0.340171 
0.115656 
0.837491 
0.838176 
0.456949 
0.860213 
0.355714 
0.194682 
0.167172 
0.868113 
0.162824 
0.284185 
0.123089 
0.082170 
0.082809 
0.412739 
0.395796 
1.140733 
0.937292 
0.337952 
0.064245 
0.057876 
0.219905 
0.004046 
0.064217 
0.290078 
0.559080 
0.890120 
0.810023 
0.585251 
0.022646 
0.431747 
0.538592 
0.130045 
1.257300 
0.251386 
0.456236 
0.389478 
0.309939 
0.165648 
1.025906 
0.206774 
3.150339 
1.636734 
0.223410 
0.107144 
0.265218 
0.044109 
0.314730 
0.271174 
0.956731 
1.074118 
1.369729 
0.410025 
0.279686 
0.069703 
1.080449 
0.795716 
1.428965 
0.113569 
0.061079 
0.285587 
0.320488 
0.582930 
0.407164 
0.021687 
0.022356 
0.994652 
1.489998 
1.544068 
1.183404 
0.930944 
0.565666 
1.821752 
1.107954 
0.946936 
0.088616 
0.445483 
2.714700 
0.930979 
1.014966 
0.749194 
0.455917 
0.219253 
0.406430 
0.648951 
0.447560 
0.435391 
1.484626 
3.309869 
0.024357 
1.316666 
0.873914 
0.501971 
0.082873 
0.031862 
0.268690 
1.071669 
0.195922 
0.027303 
0.698454 
0.637385 
0.403156 
0.129788 
0.107447 
0.259821 
0.277645 
0.423541 
0.345932 
0.587109 
0.585208 
0.537372 
0.194467 
1.735271 
0.642393 
1.032557 
0.131423 
0.449677 
0.387155 
0.459140 
0.178369 
0.118672 
0.224042 
0.163822 
0.316941 
0.638965 
0.927645 
0.958788 
0.583426 
0.832379 
1.481125 
0.437720 
0.205497 
1.372548 
0.724586 
1.572321 
0.287432 
0.130308 
0.791630 
0.184472 
0.054642 
0.040241 
1.902340 
0.994006 
0.334512 
0.410788 
0.065852 
1.353589 
0.918483 
0.139538 
0.538415 
0.122017 
2.212127 
0.850543 
1.328196 
0.071002 
0.772089 
1.036866 
2.029382 
0.461460 
0.220731 
1.287883 
2.116134 
0.460763 
0.211840 
0.016854 
0.004652 
0.706649 
0.012207 
2.374344 
0.126668 
0.420092 
1.129990 
0.877591 
0.673094 
0.571527 
0.452767 
0.065580 
0.105630 
0.230866 
0.794853 
0.364218 
0.091884 
0.125920 
0.816832 
0.039620 
1.770315 
0.147983 
0.324663 
0.315438 
2.567426 
0.137094 
1.490538 
0.146923 
0.392156 
0.196268 
2.088177 
2.407199 
0.108805 
0.731939 
0.241144 
0.039410 
0.432299 
0.046913 
0.066921 
0.223971 
1.300574 
1.238280 
0.517580 
0.550265 
1.692997 
0.443013 
0.086391 
0.329498 
0.241769 
0.650660 
0.842388 
0.963264 
0.085527 
0.830592 
0.229638 
0.459403 
0.668358 
0.101439 
1.250959 
2.347557 
0.976174 
0.722733 
0.253714 
1.471908 
1.737420 
0.056171 
0.461914 
0.122080 
0.300091 
0.691120 
1.855239 
0.094869 
0.858878 
0.370550 
0.668364 
0.141112 
0.023830 
1.523756 
0.531372 
0.350846 
0.070542 
0.338012 
0.029602 
0.088032 
0.549464 
2.418589 
0.115362 
0.027980 
0.413161 
0.289786 
0.563198 
3.371197 
0.073441 
0.329505 
0.347702 
0.175235 
0.506368 
0.088643 
0.115903 
0.272660 
0.008063 
0.716758 
0.830291 
0.124523 
0.295384 
0.038166 
0.260216 
0.387734 
2.342678 
1.555357 
0.284960 
0.534888 
1.195496 
0.126584 
0.584416 
0.144702 
0.207327 
1.140225 
0.600644 
0.407442 
1.859331 
0.437617 
1.366155 
0.020882 
0.587297 
0.557901 
0.883465 
1.288887 
0.229465 
0.180565 
0.194212 
1.082077 
0.261506 
0.633418 
1.488883 
0.173273 
1.725571 
2.537229 
0.452798 
0.428571 
0.269054 
0.197161 
0.927467 
0.770341 
0.149594 
0.133495 
0.391862 
0.008925 
0.071707 
4.451488 
0.587102 
0.476875 
0.088529 
0.357999 
0.257632 
1.427256 
0.620304 
0.576482 
0.989803 
0.629835 
1.202342 
0.581889 
0.364044 
0.426593 
0.232088 
0.899776 
0.051886 
0.382926 
0.489510 
0.979440 
1.004940 
1.830239 
0.495938 
0.876224 
0.780439 
0.186422 
0.784518 
0.334155 
1.004555 
1.461935 
0.087516 
0.211762 
0.437251 
2.328163 
0.156739 
0.252601 
0.675569 
0.120309 
0.313557 
0.030297 
0.284131 
0.182321 
0.134495 
0.532578 
0.239383 
0.252486 
0.523951 
0.258341 
0.762841 
0.313100 
0.438359 
1.255422 
0.819152 
0.931690 
0.041960 
0.172547 
1.282010 
0.201418 
0.295664 
1.025805 
0.898071 
0.233454 
0.383763 
1.123253 
0.402844 
0.858501 
1.496506 
0.337685 
1.240650 
0.084898 
0.669646 
0.000607 
0.779100 
2.506863 
0.083109 
0.779144 
0.240035 
0.377927 
0.768695 
0.277999 
0.690689 
0.085892 
0.393170 
1.801531 
0.175739 
2.159933 
0.978847 
0.457152 
0.322807 
0.236247 
1.055367 
0.756074 
0.769281 
1.811023 
0.946270 
0.174900 
0.621080 
0.258066 
0.813411 
0.206699 
0.460434 
0.017105 
0.846707 
0.549181 
1.005295 
1.100444 
1.639584 
0.659110 
0.235635 
0.286736 
0.139102 
0.007019 
0.194338 
0.267443 
0.688994 
0.034640 
1.025415 
0.896374 
0.523801 
0.543335 
0.015745 
0.183666 
0.651531 
3.012602 
0.551765 
0.709597 
0.369493 
0.973651 
0.610855 
0.758670 
0.295665 
1.104778 
0.447956 
0.846997 
0.543681 
1.720453 
0.587865 
0.519125 
0.970957 
0.492312 
0.242074 
0.217941 
0.152701 
3.775587 
0.461694 
0.241862 
0.283615 
0.243817 
0.487052 
0.294361 
0.714283 
0.636963 
0.302043 
0.431309 
0.632180 
1.086833 
0.415172 
0.391493 
0.663639 
0.444562 
0.841180 
0.329496 
0.207611 
0.324190 
0.837673 
0.010484 
0.311838 
0.689032 
0.307364 
0.387151 
0.386331 
0.409157 
0.100988 
0.261118 
0.711933 
0.457555 
0.643387 
0.276821 
0.051827 
2.232214 
0.167529 
0.171803 
0.327579 
0.382952 
1.612398 
0.491098 
0.294652 
0.607961 
0.260448 
0.646947 
0.338092 
0.238054 
0.533662 
0.966365 
0.743507 
0.341410 
0.746661 
0.029193 
0.311797 
3.002308 
0.481982 
0.177991 
0.314148 
0.900988 
0.757506 
0.085849 
0.359123 
0.486474 
0.144553 
0.040800 
0.288612 
0.378570 
0.181534 
0.071413 
0.957568 
0.602253 
0.014017 
1.005069 
0.616917 
0.881764 
1.190474 
0.584494 
0.025573 
0.017982 
0.145105 
0.032461 
3.122883 
0.433691 
1.666488 
2.994199 
1.451099 
0.763757 
0.599296 
0.558114 
0.078365 
0.137513 
0.073938 
0.504099 
1.068180 
0.612319 
0.432558 
0.553480 
0.952175 
0.518014 
0.758658 
0.207317 
0.652882 
0.914027 
1.223041 
0.804300 
0.598237 
0.664120 
2.278565 
1.437835 
0.399083 
0.036500 
0.119596 
0.185697 
0.003417 
1.280173 
0.053624 
0.307331 
1.532538 
0.253863 
0.605830 
0.626502 
0.042619 
0.121780 
0.612690 
0.179167 
0.525005 
0.616922 
1.017874 
1.145066 
0.075251 
0.519808 
1.048011 
0.507716 
0.224105 
0.352037 
0.490476 
0.778329 
0.036852 
0.229290 
1.911420 
0.935619 
0.413094 
0.359623 
0.130251 
0.381470 
0.069722 
0.203387 
0.232184 
0.509764 
1.062418 
1.805785 
0.256329 
0.262641 
0.005355 
1.424201 
0.433454 
0.807585 
0.907719 
1.043844 
1.362325 
0.870471 
1.175124 
0.919297 
0.117272 
0.454844 
0.216308 
0.754519 
0.216273 
0.011968 
0.465850 
1.265565 
0.087599 
0.193060 
0.764807 
1.341488 
0.111961 
0.189316 
0.234868 
0.000046 
0.197123 
0.015809 
2.431122 
0.650781 
1.372863 
0.572953 
1.448461 
2.049757 
0.267252 
0.204502 
0.230560 
1.904875 
1.321851 
0.128581 
0.167699 
0.965875 
1.657765 
0.163766 
0.153402 
0.017249 
0.548431 
0.323291 
0.117700 
0.178000 
0.541645 
1.397048 
0.339933 
0.322183 
0.129392 
0.247548 
0.194768 
2.020356 
0.467527 
0.285481 
0.511671 
0.500765 
0.440552 
0.190469 
0.546762 
0.662203 
0.115524 
0.775353 
0.074046 
0.127809 
0.007812 
1.241399 
1.083031 
0.998946 
3.422395 
0.420579 
0.518381 
0.019004 
0.484463 
0.143600 
0.226761 
3.812943 
0.526862 
0.170190 
1.103637 
0.288650 
0.074263 
0.404937 
0.425784 
0.163609 
1.512512 
1.209640 
0.374485 
0.477550 
0.636122 
0.158805 
0.214138 
0.699048 
1.157356 
0.328948 
0.411969 
0.692076 
0.340065 
0.415602 
0.386741 
0.390247 
0.525859 
0.524378 
0.238762 
0.890147 
1.431487 
1.086473 
1.061142 
0.920351 
0.564940 
0.019127 
1.060075 
0.578290 
0.093624 
0.269186 
0.584336 
0.281131 
0.169113 
0.271118 
0.973105 
0.535654 
0.618213 
0.808803 
0.735332 
0.313734 
2.037744 
0.837967 
0.043103 
0.579051 
0.178174 
0.116823 
0.221134 
0.568911 
0.154666 
0.058040 
0.338679 
0.576038 
0.033319 
0.322895 
0.841977 
1.798941 
0.448145 
0.171452 
0.066261 
0.001430 
0.253903 
0.256740 
0.929326 
1.381732 
0.108763 
0.791217 
0.098711 
0.051592 
0.020768 
0.541249 
0.313976 
1.742885 
0.906646 
0.092987 
0.219342 
0.124584 
0.844464 
0.093142 
2.041088 
0.000683 
0.969409 
1.208088 
0.507283 
0.077479 
0.783836 
0.158131 
1.992891 
0.243629 
0.050273 
0.574223 
0.521708 
0.072163 
0.119401 
1.081181 
0.104705 
1.246491 
0.054682 
0.040398 
0.006905 
0.125965 
0.830162 
0.195367 
1.997721 
0.292993 
0.316109 
0.001420 
0.049000 
0.201069 
0.379732 
0.361468 
0.254088 
0.777999 
0.449596 
0.304688 
1.056571 
0.535774 
0.005478 
0.180711 
0.190792 
0.064960 
0.979211 
0.474380 
0.579230 
0.111404 
0.397571 
0.273577 
0.099311 
0.092839 
0.986074 
0.222085 
1.056209 
1.037106 
0.114390 
1.123473 
0.358882 
1.186871 
0.389314 
0.004481 
3.469583 
0.048464 
0.601641 
0.828355 
0.412752 
0.656145 
0.450996 
1.075008 
0.070007 
0.217460 
1.754345 
0.816501 
0.672675 
0.914090 
0.178450 
1.150333 
0.157387 
0.085650 
0.714131 
0.259387 
0.489466 
0.177233 
0.951751 
0.075067 
0.049312 
0.137080 
0.557167 
0.651781 
0.276524 
1.323706 
0.021820 
0.528812 
1.163699 
0.412833 
0.931645 
0.969267 
0.040526 
0.228581 
0.467880 
1.353951 
1.208757 
0.070329 
0.145860 
0.348390 
2.047438 
0.086369 
1.376671 
0.598659 
0.015598 
0.240854 
0.707264 
0.248068 
1.048779 
0.270551 
0.922341 
0.765353 
0.121898 
0.200327 
0.868350 
0.993511 
0.844850 
1.005623 
0.522507 
0.381930 
1.296675 
0.055492 
0.364009 
1.992908 
0.259851 
1.452767 
2.067492 
0.050182 
0.222022 
0.585402 
0.612162 
1.575787 
0.571312 
0.143841 
0.501150 
0.120072 
0.017096 
0.418264 
0.434232 
0.181959 
0.970808 
0.771380 
0.221176 
0.317097 
0.141294 
0.009365 
0.034873 
1.359619 
0.845688 
0.535443 
0.153283 
0.406961 
0.111513 
2.630034 
0.511913 
0.366876 
0.270142 
0.482841 
2.733738 
1.019055 
2.160995 
0.633550 
0.139548 
0.972416 
0.802394 
0.496659 
0.512558 
0.078153 
0.052604 
0.625825 
0.299467 
0.099911 
0.122415 
1.979263 
1.174038 
0.327415 
1.084766 
1.360624 
0.798137 
2.069386 
1.104741 
0.264242 
0.618771 
0.233103 
1.220052 
0.583250 
1.285253 
0.115963 
0.809283 
0.141632 
0.319058 
0.205230 
0.645285 
0.489157 
0.350032 
0.407686 
0.320940 
2.050974 
0.444778 
0.584345 
0.381750 
0.165576 
0.219361 
0.493234 
0.635067 
2.446168 
0.188815 
0.126699 
0.120717 
0.599972 
0.507483 
0.442485 
0.059739 
1.662794 
0.259621 
0.923467 
0.476592 
0.508095 
1.155462 
0.525801 
1.414881 
0.367735 
0.235041 
0.173649 
0.782762 
0.020156 
0.195964 
1.292428 
0.047200 
0.344187 
0.240038 
0.446484 
0.181716 
1.121408 
0.322028 
0.657801 
0.042139 
1.133236 
0.849043 
0.602777 
0.315800 
1.601170 
0.257730 
0.690849 
0.480166 
0.441416 
1.063476 
0.031698 
0.038888 
0.010885 
0.179975 
0.111777 
0.028064 
0.748141 
0.012745 
0.432190 
0.558634 
1.185978 
1.894177 
0.953917 
0.615157 
0.068247 
2.702767 
1.445040 
0.113293 
0.896546 
0.667142 
1.746220 
0.023288 
0.471686 
0.353141 
0.597015 
0.011624 
0.165136 
0.035564 
1.202701 
2.817606 
0.169517 
0.995261 
0.134135 
0.592958 
1.264329 
1.164764 
1.128647 
1.866681 
0.040037 
0.710147 
0.130520 
0.372859 
0.176823 
0.256950 
0.539617 
1.194070 
0.637073 
0.374024 
0.647866 
0.129310 
0.440516 
0.947167 
0.403598 
0.396050 
0.420800 
0.604970 
1.160335 
0.725202 
0.065270 
0.410146 
0.044513 
0.868455 
0.423923 
0.712316 
1.039677 
0.053510 
0.435646 
0.268830 
0.220959 
0.176186 
0.146463 
0.433183 
0.033950 
1.213043 
0.245555 
0.571885 
0.302877 
0.422749 
0.459219 
0.198510 
0.655678 
0.086007 
0.164952 
0.125800 
0.035706 
0.497227 
0.418791 
1.031522 
1.701025 
0.145474 
0.032635 
0.489557 
0.292868 
0.194286 
0.233502 
0.278743 
0.661081 
0.768900 
2.168880 
1.361288 
0.725300 
1.525691 
1.940725 
0.084419 
0.125603 
0.622446 
1.539149 
0.018562 
0.773812 
0.123830 
0.984642 
0.374884 
0.399335 
0.656244 
0.366108 
0.870495 
0.008590 
0.010941 
0.890870 
0.460063 
0.149551 
0.182162 
1.988954 
0.121641 
0.424577 
0.685203 
0.130538 
1.140684 
0.524361 
0.081863 
0.802267 
0.591925 
0.061467 
0.021971 
0.517660 
0.474195 
0.198534 
0.086684 
0.342038 
0.533756 
1.223056 
0.938799 
0.259555 
0.525920 
0.205174 
0.477540 
0.447844 
0.190193 
0.011690 
0.014406 
0.190583 
1.321606 
0.328609 
0.028332 
0.882550 
1.890729 
0.449892 
0.214419 
0.090595 
0.565740 
0.857052 
0.084700 
1.453753 
0.392226 
0.203742 
0.235095 
0.185580 
0.596716 
1.608751 
0.296156 
0.106819 
1.151490 
0.037765 
1.863627 
0.070124 
0.114534 
0.086874 
1.846720 
1.167460 
1.053861 
0.256279 
0.349298 
0.049633 
0.270790 
0.009490 
0.351580 
0.389680 
0.240145 
0.425399 
1.964582 
1.377659 
0.391715 
1.326256 
0.025013 
0.170673 
1.333677 
0.097368 
0.505741 
0.561161 
0.661737 
1.088151 
0.557550 
1.354301 
1.459192 
0.165261 
0.670167 
0.958868 
0.048119 
1.161614 
1.811564 
0.491609 
0.679793 
0.429164 
0.362588 
0.292337 
0.144909 
0.945340 
1.025996 
0.844376 
0.471539 
0.498332 
2.050304 
1.284990 
0.212716 
0.041916 
0.070017 
0.482264 
0.919690 
0.517998 
0.451735 
0.477430 
0.081372 
1.373861 
0.425986 
0.003469 
0.235391 
1.020553 
0.789097 
0.101612 
1.504531 
0.233175 
0.153793 
0.332607 
0.074383 
0.311319 
0.061223 
1.785861 
0.349236 
0.071723 
0.303998 
0.206602 
0.590477 
2.059363 
0.391140 
0.474027 
0.094063 
0.795245 
0.298520 
0.110403 
0.407461 
0.153696 
0.242443 
0.095435 
0.060795 
0.196986 
0.208396 
0.958500 
2.099778 
0.221718 
0.951066 
0.097625 
0.563391 
0.066549 
0.070951 
0.378150 
0.017103 
0.712073 
0.806582 
0.327734 
2.055042 
0.301499 
0.269368 
1.133600 
0.231132 
0.832861 
0.221843 
0.131532 
1.839993 
1.062180 
0.981250 
0.992334 
0.292517 
0.196068 
2.070240 
0.601946 
1.280135 
1.882042 
0.654008 
0.315895 
0.422993 
1.346769 
0.161974 
0.320948 
0.064177 
0.300702 
1.972678 
0.830327 
0.354772 
0.903289 
0.104451 
2.218952 
0.795296 
0.890446 
1.050310 
1.456428 
0.182350 
0.952667 
0.326469 
0.529486 
0.640611 
0.663576 
1.606241 
0.339230 
0.230038 
0.063553 
1.456817 
0.170744 
0.281127 
0.114832 
1.719031 
0.202067 
0.158996 
0.252261 
0.392188 
0.808636 
0.391044 
0.095825 
0.212761 
1.797635 
0.610843 
0.549252 
0.575055 
0.432437 
1.807527 
1.065693 
0.765086 
0.053657 
0.158493 
0.675463 
0.147913 
1.351948 
1.173404 
1.218431 
0.504803 
0.231086 
1.317482 
0.266798 
0.146807 
2.153914 
2.089242 
1.685738 
2.287257 
0.528396 
0.021261 
0.723740 
1.035717 
0.116173 
0.435728 
0.375147 
0.309785 
0.707566 
1.736279 
0.187081 
0.061854 
0.681290 
0.012620 
0.087542 
1.559339 
1.494558 
0.983629 
1.405473 
0.890985 
0.188546 
0.886982 
0.535680 
1.634870 
0.956118 
0.222692 
0.358177 
0.044106 
0.248446 
0.834878 
0.383865 
0.259218 
0.443867 
0.424928 
0.413323 
0.635850 
0.543641 
0.413587 
0.256458 
0.694175 
3.088576 
0.724398 
0.264715 
0.057687 
0.520729 
0.618662 
0.160990 
0.559539 
1.057524 
0.155756 
0.277778 
1.016637 
0.325238 
0.710670 
0.704193 
0.793600 
0.038292 
0.550729 
0.084567 
0.818909 
0.021504 
0.102995 
0.084604 
0.576382 
0.811760 
0.201297 
2.676115 
2.141785 
0.055425 
0.890810 
0.097227 
0.178881 
0.768289 
0.133030 
0.110053 
0.353670 
0.925036 
0.028440 
0.578980 
0.425473 
2.073721 
1.113634 
0.077096 
0.333459 
0.738120 
0.278032 
0.174447 
0.183594 
0.132324 
0.447860 
0.399740 
0.367132 
0.152569 
0.118066 
0.495258 
0.364111 
0.444946 
1.150704 
0.921626 
0.276439 
0.314022 
0.744852 
0.280830 
0.007564 
0.081964 
0.109197 
0.785468 
0.643044 
0.047739 
0.114133 
2.813364 
0.054790 
0.930216 
0.169002 
0.030968 
1.736815 
0.079378 
0.827878 
0.068142 
0.325315 
1.793995 
0.265201 
0.861373 
0.163739 
0.649114 
0.040601 
0.159126 
0.072062 
0.698561 
0.540777 
0.026175 
1.558050 
0.102728 
1.497519 
1.061544 
0.785857 
0.573763 
0.596412 
0.925397 
0.158270 
1.556333 
0.389892 
0.325286 
0.391139 
0.458919 
0.299263 
0.780509 
0.967728 
0.311009 
1.969171 
1.588289 
0.272463 
0.475303 
0.210831 
0.289062 
0.127843 
0.924375 
0.026995 
0.494939 
0.475402 
0.480146 
0.186551 
0.246209 
0.642464 
0.429161 
0.323350 
0.082298 
0.136508 
0.007258 
0.980185 
1.585731 
0.088010 
0.048890 
0.377733 
1.126029 
0.539682 
0.560012 
0.022234 
0.523520 
0.227073 
1.595110 
0.127248 
0.395170 
1.054759 
0.819263 
0.530336 
0.393655 
2.037714 
0.770754 
0.347012 
0.413281 
0.037485 
0.749534 
0.188526 
0.255662 
0.185082 
0.425147 
0.426758 
0.522287 
1.359141 
0.247560 
0.399813 
0.427930 
0.574389 
0.266679 
0.061678 
0.210785 
0.397633 
0.180699 
0.013862 
0.610121 
0.199199 
0.281674 
0.698444 
0.497191 
0.042188 
0.066072 
0.231827 
1.172398 
1.018139 
0.150395 
0.371081 
0.603515 
2.010305 
0.271741 
1.013257 
0.902498 
0.135964 
0.011997 
0.230940 
0.088387 
0.049907 
0.223144 
0.051841 
0.243977 
0.426061 
0.024104 
0.118568 
1.952156 
0.053842 
1.380735 
0.225245 
0.106337 
0.707789 
1.228703 
0.627234 
0.209303 
0.469967 
0.475274 
1.540038 
3.052878 
0.207454 
0.248720 
0.904613 
0.362798 
0.531878 
0.193146 
0.369311 
0.035380 
0.046805 
0.261779 
0.499363 
0.418370 
2.302984 
0.629905 
0.489989 
0.766306 
0.673391 
0.239700 
0.164486 
0.289073 
0.290908 
1.001009 
0.018986 
0.029500 
0.363573 
0.260784 
0.700567 
0.091326 
1.831450 
0.148447 
0.342290 
0.475186 
1.023569 
0.206325 
0.124430 
0.207969 
0.332424 
0.122124 
0.290653 
0.356646 
0.534692 
0.576698 
0.073213 
1.099445 
0.308655 
1.628866 
0.306494 
2.306226 
0.708404 
0.118346 
1.609926 
0.732127 
1.317163 
0.255642 
1.429742 
0.155473 
0.253458 
0.187147 
0.342376 
1.397089 
0.476102 
0.298141 
0.881461 
1.339816 
0.032077 
2.027194 
0.274724 
0.227173 
1.065821 
0.247356 
0.849910 
0.504577 
0.538739 
1.231243 
1.930721 
0.543428 
0.053248 
1.441489 
2.549078 
0.519624 
0.658492 
0.462659 
0.958846 
1.819104 
0.097783 
0.236903 
0.062908 
1.353120 
0.284801 
1.083608 
0.417965 
0.260116 
0.681771 
0.265036 
1.065230 
0.411535 
0.553373 
0.555272 
0.705856 
0.099972 
0.562198 
0.027575 
1.122197 
1.223068 
1.084564 
1.812762 
0.171894 
0.216350 
0.435591 
0.581041 
0.357940 
0.356475 
2.007664 
0.655445 
1.672418 
0.522117 
1.478554 
0.176250 
0.459708 
0.581353 
0.857921 
0.001859 
0.099746 
0.227405 
0.165725 
0.331351 
0.018680 
1.234481 
0.924897 
0.138581 
0.551970 
2.102648 
1.076827 
0.733251 
0.134883 
0.099285 
0.459177 
0.802732 
0.035419 
0.052064 
2.121615 
0.145959 
0.541173 
0.469468 
0.119999 
0.292795 
0.014380 
0.519439 
0.408726 
0.054461 
0.413818 
0.522323 
0.229679 
0.218584 
0.567242 
0.069051 
0.950764 
0.312747 
0.702678 
0.489120 
2.642540 
0.093631 
0.456492 
0.984543 
1.520530 
0.176169 
1.191227 
0.502607 
1.035621 
0.711424 
0.110758 
0.627257 
0.446114 
0.275036 
0.960305 
0.205161 
0.201101 
0.070263 
0.528098 
0.526226 
1.137880 
0.621412 
0.629167 
0.226628 
0.404233 
0.432350 
0.900142 
0.295454 
0.177705 
0.454707 
0.416808 
0.194788 
0.275740 
0.093193 
0.124512 
0.090916 
0.151135 
0.276835 
0.244393 
0.130695 
0.246525 
0.395911 
0.418173 
0.165402 
0.607184 
0.356672 
2.723817 
0.721504 
2.263018 
0.488059 
1.184153 
0.841288 
0.110836 
0.342285 
0.378892 
0.009458 
0.540928 
0.866238 
0.882270 
0.088699 
0.437779 
0.051781 
1.035753 
0.265417 
0.589663 
0.358667 
0.524159 
0.915663 
1.575313 
0.591536 
0.020765 
0.428842 
0.031955 
0.892036 
2.541373 
0.218774 
0.185764 
0.260665 
0.494923 
0.264722 
0.154860 
0.165804 
0.057002 
0.316627 
0.435099 
2.075568 
0.467199 
0.115142 
0.004279 
0.406276 
0.394978 
0.034001 
0.130449 
1.227103 
0.847717 
0.470197 
0.391848 
1.020115 
0.380943 
0.248795 
0.089304 
1.475747 
0.294803 
0.135721 
0.649113 
0.033650 
0.014096 
1.641010 
0.245342 
0.727945 
0.042903 
0.388566 
0.071310 
0.198743 
0.213449 
0.241033 
0.005622 
0.137117 
0.328979 
2.607887 
0.161623 
3.682781 
1.229670 
0.131487 
1.889852 
0.344987 
1.130253 
1.388601 
0.737311 
0.758752 
0.020835 
0.280235 
0.680443 
0.284854 
0.836676 
0.030992 
0.513346 
0.402056 
0.459746 
0.070478 
1.216825 
0.485254 
0.031120 
1.621880 
2.886595 
2.102880 
0.020039 
0.103287 
1.498956 
0.150808 
0.259067 
0.966069 
0.017483 
1.153146 
1.941040 
0.409935 
0.069844 
0.204484 
1.874515 
0.076453 
1.019381 
0.657121 
0.709916 
0.141832 
0.885527 
0.140757 
0.199666 
0.631037 
0.626975 
0.808126 
0.831319 
0.355463 
0.314941 
1.076744 
0.222946 
0.211491 
0.157188 
1.411639 
0.632314 
0.090824 
0.026683 
0.251845 
1.341543 
0.249288 
0.116545 
2.624576 
0.475813 
0.822119 
0.045989 
0.452695 
0.104696 
0.642157 
0.494439 
0.337012 
0.146467 
0.543637 
0.355594 
0.337861 
0.673902 
2.602667 
0.154517 
1.436410 
0.867024 
3.886657 
0.191020 
0.741827 
0.788510 
0.774009 
0.756199 
0.773913 
2.095795 
0.931181 
0.014020 
1.320338 
0.323815 
0.655226 
1.282342 
0.308337 
0.638475 
0.025507 
0.219094 
0.339950 
0.715207 
0.465719 
0.121973 
2.587038 
0.067453 
0.340474 
1.954847 
0.063860 
0.474282 
0.280867 
0.652794 
1.776429 
0.331375 
0.316349 
1.839749 
0.416904 
0.577576 
0.432305 
0.110161 
1.494800 
0.287801 
0.462381 
0.140155 
0.066537 
0.997781 
0.841315 
0.269665 
0.069969 
0.278996 
0.054993 
1.374937 
0.586175 
0.929964 
0.792346 
0.636100 
0.012743 
0.389216 
0.526679 
0.076084 
1.094607 
0.238408 
0.117076 
0.048857 
0.625439 
0.525299 
0.037563 
0.795261 
0.428996 
0.099146 
0.202361 
0.026597 
0.035289 
0.747232 
0.674078 
0.547603 
0.075958 
0.883843 
0.244148 
0.661459 
0.167403 
0.557466 
2.040645 
0.516772 
0.035130 
0.520171 
0.054793 
1.245816 
0.684513 
0.005194 
0.423158 
0.108996 
0.059002 
0.436170 
0.334218 
0.995377 
1.056913 
0.176870 
0.235351 
0.036277 
0.289968 
0.756574 
0.742600 
0.019660 
0.033824 
0.510005 
0.722854 
0.269814 
0.834129 
0.143925 
0.298495 
0.860755 
0.056099 
0.799357 
0.028928 
0.339479 
0.171453 
0.089790 
0.400925 
0.312373 
0.434094 
0.305089 
0.450492 
0.132930 
2.010205 
0.181961 
1.134057 
0.202070 
0.214995 
0.216731 
1.302649 
0.617984 
0.365931 
0.048815 
0.517328 
0.595377 
0.022612 
0.561149 
0.466264 
0.126743 
0.110051 
0.301978 
0.321223 
0.522063 
0.196077 
0.099920 
0.304408 
0.092394 
0.185984 
1.093438 
2.047889 
0.507638 
0.293493 
1.476988 
0.335123 
0.147573 
0.470899 
0.331131 
0.431624 
1.554059 
0.526721 
0.556259 
0.590366 
0.994664 
2.304849 
1.047088 
3.557927 
0.848713 
0.281610 
0.512547 
2.919117 
0.646853 
0.466940 
1.153088 
0.776147 
0.171010 
1.571068 
0.843316 
0.149073 
1.925240 
0.125828 
0.694917 
0.478751 
0.839805 
1.244399 
0.564753 
2.867928 
0.279986 
0.243978 
0.456357 
0.027189 
0.705509 
0.094137 
0.392833 
0.045153 
0.105719 
0.295983 
0.167603 
0.940510 
0.359452 
0.519745 
0.050525 
2.736040 
0.458346 
1.718106 
0.863582 
0.023354 
0.226196 
0.180016 
0.013054 
1.135604 
1.491231 
1.246025 
0.334090 
0.877292 
0.774035 
1.488297 
1.114421 
0.574024 
0.342862 
0.451599 
0.873596 
0.385180 
0.610588 
0.006505 
0.194859 
0.964022 
0.348002 
1.579873 
0.052010 
0.590552 
0.856105 
0.780141 
2.275699 
0.009740 
0.161602 
0.493058 
0.407445 
3.703735 
0.153084 
0.155482 
0.457476 
0.589579 
0.495149 
0.076855 
0.515963 
0.416973 
0.507549 
0.228702 
1.059609 
0.269154 
0.036389 
0.200065 
0.498017 
0.085345 
0.299047 
0.041292 
0.031750 
0.327834 
0.530901 
4.035100 
0.392891 
1.456137 
0.449940 
1.600406 
1.042981 
0.551656 
0.383457 
0.261464 
1.408825 
2.027050 
0.150981 
0.040869 
0.105388 
0.729446 
0.539463 
0.068528 
1.520763 
0.926347 
2.041865 
0.857012 
1.197324 
0.196672 
0.014446 
0.263337 
0.372410 
0.477501 
0.012465 
1.819361 
0.431486 
0.024529 
0.337438 
1.998004 
0.689095 
1.904231 
0.066468 
0.077748 
0.170638 
0.115640 
0.292939 
0.403294 
0.106358 
0.119788 
0.553750 
0.955287 
0.455825 
0.068427 
0.346241 
0.365661 
2.825618 
0.317419 
0.400471 
1.452491 
0.185705 
0.098248 
0.159174 
0.083493 
1.729501 
0.274876 
2.379843 
0.186820 
0.960977 
0.075164 
