0.356520 
0.615573 
0.243627 
0.215728 
0.766583 
0.243525 
0.080001 
0.232437 
0.066010 
0.043151 
0.654810 
0.642032 
0.698737 
0.351855 
0.098385 
0.442219 
0.102789 
0.075676 
0.348960 
0.381677 
0.152730 
0.044333 
0.853114 
0.465941 
0.128644 
1.450945 
0.209505 
1.149585 
0.617686 
0.278055 
0.649784 
0.559814 
0.980285 
0.043356 
0.609739 
0.385988 
1.033708 
0.049514 
0.091967 
0.410828 
0.551412 
0.401062 
0.583302 
0.125788 
0.377603 
0.833668 
0.081037 
0.650618 
0.024777 
0.216011 
0.197269 
0.043629 
2.617967 
0.003978 
1.063771 
0.169528 
0.524477 
0.076825 
0.628750 
1.106200 
0.349050 
0.053271 
0.192207 
0.261693 
0.137484 
0.411079 
0.284469 
2.007774 
0.002376 
0.303118 
0.383821 
0.307145 
1.231500 
0.069772 
1.343826 
0.496920 
0.132518 
0.110196 
0.328032 
0.064471 
0.226190 
1.497612 
0.122022 
0.613756 
0.050813 
0.389913 
0.735407 
1.232981 
0.573849 
0.457134 
0.162455 
0.002088 
0.769727 
0.571079 
0.459865 
0.057317 
2.069716 
1.367671 
0.270129 
0.647004 
0.065877 
0.759707 
0.165947 
0.354844 
0.051507 
0.573712 
0.106491 
0.588654 
0.407966 
0.504964 
1.342062 
0.185399 
0.159606 
0.428943 
0.872211 
0.338141 
0.124212 
1.491600 
0.062391 
1.089619 
0.358364 
0.446681 
0.144472 
0.235899 
1.558553 
0.390245 
0.008883 
0.322262 
0.313690 
0.360938 
0.857254 
0.639971 
0.142022 
0.850228 
0.230574 
0.328989 
0.198135 
1.168679 
0.006225 
0.966340 
0.098125 
0.762681 
0.668914 
0.692500 
0.988899 
0.083126 
0.672492 
1.008823 
0.009745 
0.031383 
0.088830 
0.655040 
0.660563 
0.398729 
1.034003 
0.107136 
0.585871 
0.245059 
0.276883 
0.066287 
0.009128 
0.284333 
0.154937 
0.490105 
0.129673 
0.755632 
0.024368 
1.067210 
0.190899 
0.328051 
0.281797 
0.683672 
0.253147 
0.063159 
0.918482 
1.321084 
0.533903 
0.678659 
0.109909 
0.053278 
0.387717 
0.118756 
0.240491 
1.985085 
1.631840 
0.535231 
1.009186 
0.279222 
0.115552 
0.080497 
1.167052 
0.294389 
0.581929 
0.094669 
0.456198 
0.448243 
0.883460 
0.135498 
0.843022 
0.220976 
0.286136 
0.002704 
0.551926 
0.112480 
0.053017 
1.276197 
0.046080 
0.864346 
0.911696 
0.675568 
0.393925 
0.334168 
1.225424 
0.188497 
0.484433 
0.315793 
0.386788 
0.373718 
0.912406 
0.143639 
0.793799 
1.709426 
0.344346 
0.712790 
1.121882 
0.735173 
0.120141 
0.028617 
0.341574 
0.299756 
0.171046 
0.318592 
0.124836 
0.462040 
0.154570 
1.314772 
0.042971 
0.494774 
0.444761 
0.467248 
0.363898 
0.137627 
0.338630 
0.864305 
0.465967 
0.393072 
0.118036 
0.605596 
0.292761 
0.029831 
0.018771 
0.460109 
0.231176 
2.181569 
0.076374 
0.366556 
0.200057 
0.023154 
1.113856 
0.735015 
0.037135 
0.140341 
1.946799 
0.867979 
0.494652 
0.048460 
0.955271 
0.173155 
0.132392 
0.522632 
0.454714 
0.298783 
0.437091 
0.054259 
0.046597 
0.149241 
1.136990 
0.499569 
1.310407 
0.141516 
0.027014 
0.140555 
0.788368 
0.005182 
0.247708 
0.534468 
0.106956 
0.259787 
0.226153 
0.065858 
0.098847 
0.293642 
0.109545 
0.285429 
0.008074 
0.854468 
0.116394 
0.289662 
0.284087 
0.231632 
0.080684 
0.606379 
0.039318 
0.070975 
0.199417 
0.546374 
0.009889 
0.162938 
0.371146 
0.979128 
0.094442 
0.645141 
0.389511 
0.306872 
0.682801 
0.163118 
0.123192 
0.010222 
0.303347 
1.308582 
0.366377 
0.229896 
0.192343 
0.615498 
0.543672 
1.526473 
0.515713 
0.052945 
0.353729 
0.073396 
0.205837 
0.360212 
0.524306 
0.085077 
0.109827 
0.567027 
1.090117 
0.100793 
0.551672 
0.263967 
0.457963 
0.314286 
0.449566 
0.037585 
0.584044 
0.769097 
0.283072 
0.107274 
0.708520 
0.019529 
0.669612 
0.508667 
0.721813 
0.205370 
0.323065 
0.065571 
1.228701 
0.192842 
1.017328 
0.276998 
0.269883 
0.570692 
0.393865 
0.397224 
0.515489 
0.265519 
0.782955 
0.598632 
0.117646 
0.346623 
0.136335 
1.266277 
0.058432 
0.421617 
0.318092 
0.015648 
0.217550 
0.922628 
1.549539 
1.190061 
0.053516 
0.288065 
0.036926 
0.040193 
0.035348 
0.532224 
0.410760 
0.528250 
1.055267 
0.077312 
0.045413 
0.197340 
0.710833 
0.995823 
0.503158 
1.334188 
0.163418 
0.019709 
0.112410 
0.041719 
0.049718 
2.145223 
0.030394 
0.541643 
0.147072 
0.478834 
0.723986 
0.468563 
1.127383 
0.517447 
0.477059 
0.948089 
1.399003 
0.373710 
0.595079 
0.003940 
0.316026 
1.011975 
0.301272 
0.191795 
0.219237 
0.465518 
0.455432 
0.122142 
0.086348 
0.278644 
0.428666 
0.899354 
0.074060 
0.258676 
0.026874 
0.169666 
0.113441 
0.019333 
0.645890 
0.122842 
0.035553 
0.667511 
1.133562 
0.228063 
0.090315 
0.107620 
1.713499 
1.177223 
0.370125 
0.075318 
0.122448 
0.932828 
0.266536 
0.838001 
0.249974 
0.201468 
0.672819 
0.447650 
0.516838 
0.265642 
0.203060 
0.542151 
1.629686 
0.358935 
0.118968 
0.296849 
0.201033 
0.220444 
0.171137 
0.842958 
0.009200 
0.055098 
0.839198 
0.201556 
0.994818 
0.371592 
0.085853 
0.104762 
0.509252 
0.838594 
0.897874 
0.472070 
1.572184 
0.152314 
0.008909 
0.275649 
0.090007 
0.761216 
0.560918 
0.625776 
0.197237 
0.172602 
0.099416 
0.342226 
0.932723 
1.378797 
0.046756 
0.436024 
0.001730 
0.296249 
0.680371 
0.189532 
0.024900 
0.610297 
1.312040 
0.390076 
0.202194 
0.043979 
0.845097 
0.140179 
0.356938 
0.378685 
0.149881 
0.036576 
0.018890 
1.121353 
0.085043 
0.094063 
0.147947 
0.098770 
0.086592 
2.173955 
1.065594 
0.548727 
0.024497 
0.297071 
0.467040 
0.717607 
0.452099 
0.762778 
0.262497 
0.015947 
0.078285 
0.501330 
0.392430 
0.112104 
0.085622 
0.032356 
0.015570 
0.374154 
1.431370 
0.464761 
0.390537 
0.410493 
0.533344 
0.226670 
0.750391 
0.175821 
0.799419 
0.578281 
0.474276 
0.648186 
0.409398 
0.127417 
0.289093 
0.153791 
0.158246 
1.168643 
1.106570 
0.574422 
0.422829 
0.109161 
0.111650 
1.305022 
0.141067 
0.738713 
1.255685 
0.056723 
0.267456 
0.794565 
0.941613 
0.175700 
0.659674 
1.195854 
0.217321 
0.394100 
0.129885 
0.583660 
1.047053 
0.298990 
0.433397 
0.502688 
0.101982 
0.074582 
1.362865 
0.754958 
0.193069 
0.235568 
0.481443 
0.174920 
0.016743 
0.814005 
0.260745 
0.281044 
0.619876 
0.072671 
0.199828 
0.362998 
0.141346 
0.236615 
0.720457 
0.085615 
0.870291 
0.092328 
0.392406 
0.824077 
0.219509 
1.005189 
0.349135 
0.379319 
0.285585 
0.053246 
0.337025 
0.354757 
0.439818 
0.362999 
0.149362 
0.091062 
0.016443 
0.013090 
0.871561 
0.013814 
0.053158 
0.422394 
0.906144 
0.139631 
0.360444 
0.377421 
1.039600 
0.040678 
0.449741 
0.304175 
0.509783 
0.123654 
0.073899 
0.186442 
0.024394 
0.797645 
0.302426 
0.222120 
0.406134 
1.970868 
0.248742 
1.166923 
0.056531 
0.062582 
0.052182 
0.094158 
0.075492 
0.561476 
0.607626 
0.083995 
0.605846 
1.053073 
0.149315 
1.074808 
0.423063 
0.450400 
0.348260 
0.328310 
0.061248 
0.559458 
0.024063 
0.061212 
0.345071 
0.225985 
0.185509 
0.006706 
0.404634 
0.109933 
0.743769 
0.165386 
0.029294 
0.126938 
1.871586 
0.262899 
0.235221 
1.602893 
1.686068 
0.292401 
0.017560 
0.100841 
0.068741 
1.151486 
0.131453 
0.362607 
0.639196 
0.149708 
0.260354 
0.147014 
0.040825 
0.475657 
0.571778 
1.780285 
0.217003 
0.140826 
0.111414 
0.037511 
0.093849 
0.671434 
0.005859 
0.237556 
0.360650 
0.014747 
0.901036 
0.472435 
0.613965 
0.045953 
0.369296 
0.337440 
0.934046 
0.077643 
0.304512 
0.036664 
0.025068 
0.472811 
0.492391 
1.049489 
0.186249 
0.156800 
0.961080 
0.057202 
0.117389 
0.058856 
0.328224 
0.403764 
2.332447 
0.563072 
0.793973 
0.044345 
0.125477 
0.641314 
0.194587 
0.138426 
0.318462 
0.844926 
0.154754 
0.760507 
0.784811 
0.934550 
0.331922 
1.060611 
0.085230 
1.512699 
0.052869 
0.008639 
0.400472 
0.522065 
2.433143 
0.433152 
0.085854 
0.121226 
0.037738 
1.793910 
1.652033 
0.176316 
0.176319 
0.221264 
0.023356 
0.027395 
0.484598 
0.427001 
0.796934 
1.609658 
0.044242 
0.639466 
0.569354 
0.314514 
0.926697 
0.257732 
0.102616 
0.007718 
0.715758 
0.401588 
0.675360 
0.861908 
0.306366 
0.111043 
0.128915 
0.379140 
0.403563 
1.196457 
1.464221 
0.745431 
0.087135 
0.539933 
0.033218 
1.876175 
0.050446 
0.173693 
1.078340 
0.497612 
0.760751 
0.323724 
0.062780 
0.374665 
0.138479 
1.449173 
0.593907 
0.179798 
0.932422 
0.348006 
0.070106 
0.414618 
0.146665 
0.514925 
0.617334 
0.065522 
0.199304 
0.004695 
0.265542 
0.155819 
1.854561 
0.172527 
0.148612 
0.028492 
0.085671 
0.375554 
0.526824 
0.240722 
0.016814 
0.226234 
1.403164 
0.285590 
0.103506 
0.272675 
0.695592 
0.401971 
0.446727 
1.119210 
0.340158 
0.537345 
0.912439 
0.254389 
0.331369 
0.013808 
0.915124 
0.405119 
0.404017 
0.809814 
0.506801 
0.128380 
0.350002 
0.286877 
0.476389 
0.102300 
0.416937 
0.495686 
1.418317 
0.042628 
0.018806 
1.041664 
0.569409 
0.035971 
0.098256 
0.628035 
0.167846 
0.314045 
0.082831 
0.420580 
0.174250 
0.025281 
0.098909 
0.189393 
0.470806 
0.239758 
1.250233 
0.348435 
0.335047 
0.358607 
0.576912 
0.299060 
1.318882 
0.172539 
0.393501 
1.149834 
0.285091 
0.172207 
0.066558 
0.638863 
0.146153 
0.946358 
0.036121 
0.185732 
0.335994 
0.173329 
0.518670 
0.049186 
0.101110 
0.073877 
0.461153 
0.236075 
0.877676 
0.592841 
0.517080 
0.167547 
0.715078 
0.235421 
0.232128 
0.129761 
0.146909 
0.127521 
0.232721 
0.277677 
0.072521 
0.415025 
0.180086 
0.043622 
0.644652 
0.113055 
0.795404 
0.117950 
0.142738 
0.177010 
0.761576 
0.093718 
0.750075 
0.045570 
0.470556 
0.067479 
0.243578 
0.174534 
0.134021 
1.333334 
0.481467 
0.445541 
0.292413 
0.143671 
0.505975 
0.121313 
0.371511 
0.859020 
0.363861 
0.471585 
0.443834 
0.620701 
1.085793 
0.734769 
0.150592 
0.048204 
0.151000 
2.471352 
0.632221 
0.850029 
0.147580 
0.167292 
0.128267 
0.207350 
0.132485 
0.152119 
0.801333 
0.713571 
1.045203 
0.582618 
0.126628 
0.140722 
0.218535 
0.349465 
0.130779 
0.610467 
0.390359 
0.727459 
0.319923 
0.540743 
0.088778 
0.080997 
0.321479 
0.100805 
0.024085 
0.990950 
0.483340 
0.385210 
0.377110 
0.953664 
0.059088 
0.061191 
0.817935 
0.215843 
0.292216 
0.253449 
0.351336 
0.168510 
0.367192 
0.909741 
0.060983 
0.033675 
0.731313 
1.549801 
0.124318 
1.564492 
0.295689 
1.219060 
0.436356 
0.552880 
0.495625 
0.099984 
0.334110 
1.082924 
0.087817 
0.510151 
0.486352 
0.946786 
0.011684 
0.671499 
0.370153 
0.421897 
0.426287 
0.308620 
0.558840 
0.218397 
0.193923 
0.078322 
0.813566 
0.621435 
0.727470 
0.402252 
1.167506 
0.616137 
0.682500 
0.816677 
0.605207 
0.528883 
0.110025 
0.326159 
0.165487 
0.478548 
0.055418 
0.262874 
1.002764 
0.748579 
0.335121 
0.848073 
0.104764 
0.576642 
0.524055 
0.122388 
0.085823 
0.134678 
0.069044 
0.450217 
0.014508 
0.117021 
0.350183 
0.372409 
0.336237 
0.432191 
0.270120 
0.397779 
0.126095 
0.118361 
0.033434 
0.272131 
0.531964 
0.430649 
0.212728 
0.103042 
0.506157 
0.257940 
0.381034 
2.560422 
0.094432 
0.272519 
0.431174 
1.017576 
0.248730 
0.493086 
0.399111 
0.658546 
0.093945 
0.531030 
1.062774 
0.741348 
1.301527 
0.027866 
0.096361 
0.609314 
0.289371 
0.640860 
0.140011 
1.362272 
0.605809 
0.355951 
0.920852 
0.241576 
0.537544 
0.061243 
0.335869 
0.051063 
1.162893 
0.754577 
0.525137 
0.838646 
0.080359 
0.413322 
1.898759 
0.791313 
0.009908 
0.011899 
0.389033 
1.555831 
0.219446 
0.267560 
1.746599 
0.217393 
0.124693 
0.420548 
0.856503 
0.390052 
1.908704 
0.117674 
0.174072 
0.344298 
1.545541 
0.065486 
0.094799 
0.356358 
0.628775 
0.069989 
0.879343 
0.381668 
0.069175 
0.801926 
0.335744 
0.984865 
0.200370 
0.354361 
1.013488 
0.261788 
0.129574 
0.008140 
0.148413 
0.553950 
0.196071 
0.095645 
0.057458 
0.450336 
0.497317 
0.084918 
0.164671 
0.348302 
0.126026 
0.148394 
0.098792 
0.795962 
0.696443 
0.198415 
0.475868 
0.269906 
0.096780 
0.211836 
0.251423 
0.201814 
0.014771 
0.597907 
0.034402 
2.030326 
0.301195 
0.967250 
0.079306 
0.500693 
0.658651 
0.047651 
0.560093 
0.966184 
0.328305 
0.018415 
1.067579 
0.448877 
0.411558 
0.459192 
0.030387 
0.268201 
0.087826 
1.333240 
0.291381 
0.062335 
0.040877 
0.255272 
0.129917 
0.454289 
0.543450 
0.300848 
0.126238 
0.135327 
0.058899 
1.106438 
0.160397 
0.159071 
0.392310 
0.186183 
0.504938 
0.456465 
0.124350 
0.919694 
0.772257 
0.631019 
0.759668 
0.019686 
0.242065 
0.211306 
0.024205 
0.076442 
0.531125 
2.475328 
0.203408 
1.986757 
0.589487 
0.002299 
0.487670 
0.363475 
0.111819 
0.885512 
2.923755 
0.487677 
0.472622 
0.094091 
0.066585 
0.454290 
0.565930 
0.147435 
0.249901 
0.741718 
0.415164 
0.228003 
0.853296 
0.492139 
0.628197 
0.729468 
0.209179 
0.142383 
0.496109 
0.105595 
0.168508 
0.335966 
0.782138 
0.207294 
1.371782 
0.657714 
2.285046 
0.123641 
0.677972 
0.347713 
0.037639 
0.414995 
0.942400 
1.332909 
0.814828 
0.285546 
0.178261 
0.167493 
0.247862 
2.241120 
0.310608 
0.014903 
0.292466 
0.170597 
0.016613 
0.086371 
0.081408 
0.182706 
0.288691 
0.224439 
0.177491 
1.219302 
0.114483 
0.124845 
0.973326 
0.255219 
0.054838 
0.140372 
0.748664 
0.061454 
0.242242 
0.122922 
0.201825 
0.164690 
0.013727 
1.352215 
0.185446 
0.273417 
1.034299 
0.175315 
0.008084 
0.122844 
0.063389 
0.176031 
0.055664 
0.367215 
0.123152 
0.960407 
0.071957 
0.468368 
0.185494 
0.471400 
0.100380 
0.215794 
0.189394 
0.518919 
0.019079 
0.538317 
0.871211 
0.072472 
0.014884 
0.778140 
3.039874 
0.248704 
0.050343 
1.040059 
0.694288 
0.096259 
0.479738 
0.262036 
0.248079 
0.510172 
1.095523 
0.000792 
0.346695 
0.316184 
0.777404 
0.055936 
0.330312 
0.050802 
0.102823 
0.085665 
0.224957 
0.033070 
0.855421 
0.362506 
0.034669 
0.111495 
0.243854 
0.168062 
0.020470 
0.242537 
0.500111 
0.429448 
0.055872 
0.247314 
0.094125 
0.077011 
0.429288 
0.777540 
0.007081 
0.229013 
0.342369 
0.211408 
0.255739 
0.064563 
0.190588 
1.151466 
0.098920 
0.490078 
1.101538 
0.368022 
0.364608 
0.029589 
0.386735 
0.594547 
0.560394 
0.058846 
0.096068 
0.967057 
0.176334 
0.693110 
0.675598 
0.796354 
0.148697 
0.190427 
1.742112 
1.082155 
0.398812 
0.081038 
0.712107 
0.519589 
1.184552 
0.234413 
0.022922 
0.507347 
0.848647 
0.278889 
0.339074 
0.469506 
0.186253 
0.221881 
0.070601 
0.256756 
0.433246 
0.325774 
0.186434 
0.869230 
0.267921 
0.237523 
0.734587 
1.443698 
0.326870 
0.084784 
0.078565 
0.268565 
0.481075 
0.428382 
0.661499 
0.449523 
0.303424 
0.235042 
0.001256 
0.849708 
0.279707 
1.576007 
0.420269 
0.621469 
0.061262 
0.082089 
0.362241 
0.464684 
0.353850 
0.102025 
0.262554 
0.113982 
0.577295 
0.272558 
0.242578 
0.364746 
0.199465 
0.860505 
0.656432 
0.946962 
0.796681 
0.202304 
0.570133 
0.540168 
0.567226 
0.009093 
0.109597 
1.810548 
0.160971 
0.168254 
2.070230 
0.070484 
0.504363 
0.451435 
0.596057 
0.593642 
0.515179 
0.665051 
0.006181 
0.137497 
1.725326 
0.417267 
0.344501 
0.304341 
0.826642 
0.521011 
0.461078 
0.234751 
0.356388 
0.143694 
0.161006 
0.120870 
1.017951 
0.971931 
0.256681 
0.012662 
0.177951 
0.325489 
0.092513 
0.111825 
0.026402 
0.584143 
0.781420 
0.479970 
0.248445 
0.361861 
0.154259 
0.535514 
0.053311 
0.500034 
0.493937 
0.106467 
0.016191 
1.428155 
0.456070 
0.975518 
0.788659 
1.020549 
1.418896 
0.006782 
0.221747 
0.043211 
0.746962 
0.031296 
0.077704 
0.241345 
0.503725 
0.893056 
0.022171 
0.003929 
0.044219 
1.692849 
0.236040 
0.041079 
0.167489 
0.171354 
0.208475 
0.589685 
3.548080 
0.502124 
0.162871 
0.797882 
2.195202 
0.042564 
0.827416 
0.152007 
0.824150 
0.766667 
2.052655 
0.245006 
0.163687 
0.011288 
0.190351 
0.051270 
0.734690 
0.556308 
2.256165 
0.158015 
0.855025 
0.185072 
0.101394 
0.432251 
0.162245 
0.340261 
0.314204 
0.052404 
0.366612 
0.142847 
0.161031 
0.945158 
0.410445 
1.538670 
0.720380 
0.399103 
0.464103 
0.771527 
0.862418 
0.160943 
0.399797 
0.173466 
0.070992 
1.027216 
0.356684 
0.146427 
0.126812 
0.257325 
0.450373 
0.085881 
0.032317 
0.502461 
0.256758 
0.481573 
2.374818 
0.092849 
0.252119 
0.121301 
0.100051 
0.332350 
0.368915 
0.136037 
0.582633 
0.228762 
1.083433 
1.003649 
0.206676 
0.206117 
0.090562 
0.643356 
0.474280 
0.751470 
1.141658 
0.342855 
0.874283 
0.463453 
0.076956 
0.970891 
1.338429 
0.256505 
0.169159 
0.117201 
0.569204 
1.114180 
0.780803 
0.400379 
0.134285 
0.142550 
0.113554 
0.164677 
0.541105 
0.124209 
0.956346 
0.056973 
0.501519 
1.015000 
0.208421 
0.277924 
0.059303 
0.087899 
0.104439 
0.059494 
0.232743 
1.237061 
0.326913 
1.246727 
0.208255 
0.372006 
1.269223 
0.541915 
0.179083 
1.442792 
0.071475 
0.157263 
0.034647 
0.288592 
0.266712 
0.293156 
0.645958 
0.844730 
0.082491 
0.018297 
0.483829 
0.756006 
0.477257 
0.259517 
0.588715 
0.111665 
0.225843 
0.054991 
0.181619 
0.221463 
0.408097 
0.476724 
0.351531 
0.478377 
1.044153 
0.939405 
0.059691 
0.864652 
0.351985 
0.243936 
0.046208 
0.088479 
0.007965 
0.950727 
1.044811 
0.153694 
0.576002 
0.020221 
0.331531 
1.168564 
0.534951 
0.565217 
0.549419 
0.514022 
3.218547 
0.823077 
0.227035 
0.011473 
0.034408 
0.097547 
0.275557 
0.177434 
0.307127 
0.391154 
0.142268 
0.371555 
0.379233 
0.045334 
0.512488 
0.510981 
0.453529 
0.189488 
1.863858 
1.011674 
0.159979 
0.202512 
0.499436 
0.169333 
0.534158 
0.513348 
1.408279 
0.934108 
0.270932 
0.105789 
0.016346 
0.341714 
1.190285 
0.552110 
0.123543 
2.271994 
0.076892 
0.888991 
0.041635 
0.121558 
0.356819 
0.371756 
0.894045 
0.056426 
0.525053 
0.900475 
0.766360 
1.045193 
0.524027 
1.132759 
1.803680 
0.506949 
0.013297 
0.200044 
0.587988 
0.906289 
1.937911 
0.248085 
0.750155 
0.485654 
0.011586 
0.108061 
1.343191 
0.287033 
0.596304 
0.091294 
0.051311 
0.088986 
0.367558 
1.101361 
2.023032 
0.288023 
0.123839 
0.221207 
0.615872 
0.138198 
0.116141 
0.079522 
0.249618 
0.617896 
0.269787 
0.616447 
0.575170 
0.227756 
0.150674 
0.144958 
0.372937 
0.074271 
0.058554 
0.426963 
0.153110 
0.093636 
0.171862 
0.188628 
0.955403 
1.065772 
0.177476 
0.384952 
0.293012 
1.477098 
0.058790 
0.204867 
0.406079 
0.075311 
0.008120 
0.368725 
0.065109 
0.004004 
1.024660 
0.689564 
0.148866 
0.928450 
0.665061 
0.048441 
0.126869 
0.023889 
1.658266 
0.104033 
0.034324 
0.162909 
0.772987 
0.475728 
0.449994 
1.578246 
0.057582 
0.566922 
0.716845 
0.859626 
1.072422 
0.236896 
2.314022 
0.667713 
0.449380 
0.334886 
0.529014 
0.582776 
0.911329 
1.596704 
0.208076 
0.194983 
0.935901 
0.810685 
0.021160 
0.002772 
0.113013 
0.409875 
0.243037 
0.361725 
0.009185 
0.364307 
0.025377 
0.386128 
0.061342 
0.633974 
0.975391 
0.150093 
0.628220 
0.006885 
0.100192 
0.599313 
1.362127 
0.292553 
0.000995 
0.067651 
1.300645 
0.118414 
0.411583 
0.011227 
0.057058 
0.309813 
0.067737 
0.533916 
1.168626 
0.903146 
0.140081 
0.865824 
1.307862 
0.041614 
0.354218 
0.290367 
0.158048 
0.593470 
1.463299 
0.292197 
0.034446 
0.310148 
0.245449 
1.041727 
1.368009 
0.025517 
0.319439 
0.771593 
0.158504 
0.545524 
0.401045 
0.276584 
0.045844 
0.995531 
0.296449 
0.448477 
0.042081 
0.255236 
0.287640 
0.546858 
0.226370 
0.007980 
0.245343 
0.421899 
0.461938 
1.136218 
0.204813 
0.180283 
0.006187 
0.322585 
0.216852 
0.689835 
0.282365 
0.058513 
0.136809 
0.010506 
0.835404 
0.168469 
0.315210 
0.680953 
0.065095 
0.378253 
0.172474 
1.121851 
0.553856 
0.175302 
0.527244 
0.146490 
1.437098 
0.291952 
0.149826 
0.426644 
0.498237 
0.341130 
0.580040 
0.711060 
0.459541 
0.648571 
0.002147 
1.888484 
0.056869 
0.133111 
0.543890 
0.233950 
0.673428 
0.591931 
0.374304 
0.227029 
1.048505 
0.661947 
0.296701 
0.312510 
0.394806 
0.112560 
0.250255 
0.226853 
1.209070 
0.307470 
0.025612 
0.861043 
0.594240 
0.473203 
0.673250 
0.120829 
0.621758 
0.818974 
0.504781 
0.577782 
0.305725 
0.035310 
0.210725 
0.299482 
0.025476 
0.033050 
0.069384 
0.322617 
1.644080 
0.539660 
0.002911 
0.204467 
0.062223 
0.254819 
0.474977 
0.951127 
0.554582 
0.121252 
0.745553 
0.019939 
0.271790 
0.609231 
0.505569 
0.164223 
1.261029 
0.160007 
0.047037 
0.039819 
0.167169 
0.029494 
0.128616 
0.090739 
0.085045 
0.126039 
0.466549 
0.164713 
0.454936 
0.311778 
1.166250 
0.122820 
0.277271 
1.448178 
0.127645 
0.955245 
0.102475 
0.749676 
0.150484 
0.100698 
0.877578 
0.108960 
0.176014 
0.525882 
0.301610 
0.752432 
0.505443 
0.676255 
0.155621 
0.600594 
0.380508 
0.370159 
0.560249 
0.376807 
1.709522 
0.429358 
0.774238 
0.012135 
0.084715 
0.019051 
0.500219 
1.261917 
0.166296 
0.365702 
0.111673 
0.434251 
0.796240 
0.368517 
0.576977 
0.080599 
0.041965 
0.311430 
0.246288 
0.021616 
0.135564 
0.489179 
0.410823 
0.463422 
0.604731 
0.026177 
0.728410 
0.364340 
0.431737 
1.474822 
1.157567 
0.564547 
0.374269 
0.817915 
0.136434 
0.519584 
0.921535 
0.551372 
0.074848 
0.204199 
0.678383 
1.234880 
0.155239 
0.473388 
0.096133 
0.917693 
0.054491 
0.667154 
1.014211 
0.145983 
0.149772 
0.079788 
0.610952 
0.125960 
0.232848 
0.146957 
0.348142 
0.292552 
1.941022 
1.883008 
0.010487 
0.068737 
0.711450 
0.458472 
0.200244 
0.330546 
0.161797 
0.859029 
0.418971 
0.497235 
0.075024 
1.364297 
0.227095 
0.226765 
1.298195 
0.064217 
0.072487 
0.326524 
1.092399 
0.605469 
0.125419 
0.066876 
0.004432 
0.592840 
0.493663 
0.712334 
0.246348 
0.191862 
0.012533 
0.461983 
0.331248 
0.892479 
0.040300 
0.572413 
0.452120 
0.049806 
1.364251 
0.168882 
0.059466 
0.294822 
0.064292 
0.389731 
1.295143 
0.615718 
0.710418 
0.539736 
0.867959 
0.371666 
0.222111 
0.224138 
0.310067 
1.013236 
0.269812 
0.143522 
0.451089 
2.309550 
0.706657 
0.420936 
0.339792 
0.138960 
0.081036 
0.599109 
1.270899 
0.246530 
0.149038 
0.304760 
0.715326 
0.157908 
0.022956 
0.961747 
0.027444 
0.211042 
0.965354 
0.996969 
0.194822 
1.691163 
1.280622 
0.616178 
0.081081 
0.063579 
0.306893 
0.080957 
0.150878 
0.581567 
0.294814 
1.905764 
0.466260 
0.287206 
0.070659 
0.142171 
1.080662 
0.355516 
0.307211 
0.089332 
0.072920 
0.138706 
0.090721 
0.427858 
0.105223 
0.156097 
0.172722 
0.125570 
0.239028 
1.180530 
0.363580 
1.469595 
0.326322 
0.130769 
0.276516 
0.586233 
0.041605 
0.127177 
0.589872 
0.976666 
0.582936 
0.310102 
0.366520 
0.636696 
0.489061 
0.052933 
0.073628 
0.616486 
0.041223 
0.105364 
0.293482 
0.044405 
0.150147 
0.093186 
0.514122 
0.094155 
0.026449 
0.217122 
0.004807 
0.372139 
0.055164 
0.023750 
0.021829 
0.800439 
0.079606 
0.024421 
0.667164 
1.722012 
1.127367 
0.452916 
2.043112 
0.481218 
0.258655 
0.446635 
0.468759 
0.309543 
0.031486 
0.650150 
1.258994 
0.509327 
0.618298 
0.130536 
1.274645 
0.527858 
0.211567 
0.078793 
0.396064 
0.596298 
0.059076 
0.610020 
0.149717 
0.525343 
0.117343 
0.739864 
0.131451 
0.285644 
0.145061 
0.196030 
0.095571 
1.063633 
0.792830 
0.658390 
0.843916 
0.322877 
0.552922 
0.058596 
2.246188 
0.706463 
0.046903 
0.378810 
0.157286 
0.516512 
0.399829 
0.737506 
0.097987 
0.508326 
0.506307 
0.137179 
0.101822 
0.221466 
0.490564 
0.003743 
0.109800 
1.216997 
0.292474 
0.280984 
0.352052 
0.375510 
1.867811 
0.117842 
0.084954 
0.242448 
0.584508 
0.356890 
0.636554 
0.207414 
0.684421 
0.357903 
0.851110 
0.211919 
0.198543 
0.614361 
0.933100 
0.575712 
0.016025 
1.700369 
0.957494 
0.118250 
1.001763 
0.682242 
0.572158 
1.392610 
0.787076 
0.443370 
0.149362 
0.087956 
1.223546 
0.582618 
0.130532 
0.823312 
0.733170 
0.407394 
0.021809 
0.065504 
0.657749 
0.157768 
0.202748 
0.159531 
0.455108 
0.820634 
0.548813 
3.244814 
0.396477 
0.062508 
0.582299 
1.980650 
1.372795 
0.368892 
0.988668 
0.105397 
0.273247 
0.256600 
0.183345 
0.202448 
0.072440 
0.012243 
0.040102 
1.440996 
0.248233 
1.835352 
0.250167 
0.317352 
0.228072 
0.221107 
0.285328 
0.010624 
0.075755 
0.015761 
0.269831 
0.490284 
0.312075 
0.273368 
1.002618 
0.114986 
0.753026 
0.822044 
0.096513 
0.164266 
0.023483 
0.368393 
0.510387 
0.306301 
1.735953 
0.039975 
0.434327 
1.070914 
0.104003 
0.099712 
0.213272 
0.879990 
2.547237 
0.312032 
0.476861 
0.173359 
0.259162 
0.142715 
0.548627 
1.335276 
0.227417 
0.466219 
1.165684 
0.475461 
0.084866 
0.532728 
0.201836 
0.377771 
0.358404 
0.162273 
0.135347 
0.495479 
0.223489 
0.609513 
0.223986 
0.019292 
0.164862 
0.309385 
0.042031 
0.612363 
0.676554 
0.688273 
0.844900 
0.069888 
0.462238 
1.222576 
0.183509 
0.254649 
0.015877 
0.459332 
1.356364 
1.756496 
1.154864 
1.840430 
0.435331 
0.092098 
0.404816 
1.991392 
0.754783 
0.062524 
0.123578 
2.265364 
0.365795 
0.629050 
0.523958 
0.053320 
2.177740 
0.013461 
0.159190 
0.550810 
1.979605 
0.288873 
1.625021 
0.903024 
0.479333 
0.118359 
0.003721 
0.224141 
0.366470 
1.170677 
0.369829 
0.155470 
0.632966 
0.497086 
0.165801 
0.698539 
1.624896 
0.605989 
0.154118 
1.513808 
0.355114 
0.517331 
0.155080 
0.257992 
0.501484 
0.286668 
0.331983 
0.003980 
0.000303 
0.170743 
0.680232 
0.100128 
0.809701 
1.706312 
1.139928 
0.238434 
0.925144 
0.013281 
0.699947 
0.045037 
0.462424 
0.241042 
0.023762 
0.270311 
0.307290 
0.493232 
0.241138 
0.065380 
0.686033 
0.510898 
0.458986 
0.154183 
0.506414 
0.361810 
0.265883 
0.190636 
0.036408 
0.131926 
0.572493 
0.279324 
0.143771 
0.228700 
0.329986 
0.133523 
0.061436 
0.826752 
0.190200 
0.239604 
0.361062 
1.169879 
0.193003 
0.766195 
0.682701 
0.294084 
0.750122 
0.249440 
1.120791 
0.255119 
2.337218 
0.554101 
2.358043 
1.178771 
0.681656 
1.088932 
0.141135 
0.501237 
0.264352 
0.440838 
0.926556 
0.659210 
1.152860 
0.111427 
0.276407 
0.321944 
0.535836 
0.660619 
0.030403 
2.235422 
0.012154 
0.860646 
0.350001 
0.264035 
0.015880 
0.605191 
0.341256 
1.167195 
0.945823 
0.452878 
0.288865 
0.761171 
0.232086 
0.160516 
0.236500 
0.127781 
0.574793 
0.292358 
0.107525 
0.086503 
0.127385 
0.392295 
0.054046 
0.020887 
0.141073 
1.812486 
0.404196 
0.379807 
0.171265 
0.051812 
0.991376 
0.241858 
0.882595 
0.573016 
1.212378 
0.936266 
0.346117 
0.328399 
0.602245 
0.658175 
1.798876 
0.229442 
0.089866 
0.314085 
1.021524 
0.577747 
0.063555 
0.561273 
0.374568 
0.530091 
0.060684 
0.152388 
3.052591 
1.578586 
0.312321 
0.026977 
1.335003 
0.926562 
0.717942 
0.083237 
0.112599 
0.371361 
0.229158 
0.714336 
0.609348 
0.732310 
0.154726 
0.033664 
0.265199 
0.095896 
0.575511 
1.294739 
1.019872 
0.185864 
0.697998 
0.528944 
1.110423 
1.655062 
0.096261 
0.561339 
0.143243 
0.035486 
0.267538 
0.325520 
0.618358 
0.776060 
0.089610 
0.470056 
0.380780 
1.227855 
0.152868 
0.639214 
0.265794 
0.314591 
0.156131 
0.116229 
0.583950 
0.878851 
1.538682 
0.755724 
0.530150 
0.740357 
0.751503 
0.073498 
0.428619 
0.091818 
0.032405 
0.599393 
0.615027 
0.115220 
0.391913 
0.065317 
0.619195 
0.576431 
0.311932 
0.717875 
0.486752 
1.305767 
0.721743 
0.824905 
0.182172 
0.081936 
0.715640 
0.521677 
0.271099 
0.429679 
0.261808 
0.508238 
0.431412 
0.163489 
1.001908 
0.203820 
0.683171 
0.182720 
0.804459 
0.228924 
0.352340 
0.286279 
0.846601 
0.828660 
0.496671 
0.087654 
0.496452 
0.273616 
1.384571 
0.050489 
0.631222 
0.518458 
0.422484 
0.094243 
0.594195 
0.103138 
0.325739 
0.560057 
0.308313 
1.338190 
1.717354 
0.051817 
0.017277 
0.014397 
0.101124 
0.402494 
0.432938 
0.055313 
1.348476 
0.222787 
0.682972 
0.543005 
0.335433 
0.224727 
0.891656 
0.849938 
0.651791 
0.199845 
1.680361 
0.242253 
0.288255 
0.759645 
0.966257 
0.809149 
0.369224 
0.188059 
1.041534 
0.123000 
0.377712 
0.408546 
0.242810 
0.416005 
0.896898 
0.518648 
0.844378 
0.076533 
0.373191 
0.155867 
0.124166 
0.476744 
0.747088 
1.415407 
0.250315 
0.502973 
0.526624 
0.049541 
0.037547 
0.242822 
0.902859 
0.788332 
0.669492 
0.500852 
0.571695 
0.049891 
0.735371 
0.508067 
0.364562 
0.162781 
0.307498 
0.399786 
0.074559 
0.120966 
0.481641 
0.895254 
0.163102 
0.823089 
0.284355 
0.579870 
0.020211 
0.078274 
0.161291 
0.488463 
0.385393 
0.281865 
0.067341 
1.632291 
0.069516 
0.625092 
2.624009 
0.506610 
1.168633 
0.982558 
0.512007 
1.169061 
0.035274 
0.055339 
0.755649 
0.081371 
0.090596 
0.766600 
0.347641 
0.842956 
0.005602 
1.135248 
0.278734 
0.243308 
0.276703 
0.319280 
1.009309 
1.336103 
1.878557 
0.292986 
0.264497 
0.455109 
0.852028 
0.351568 
0.154539 
0.052107 
0.507366 
0.037080 
0.214940 
0.384657 
0.684368 
0.053449 
0.145767 
0.264056 
0.291190 
0.222343 
0.504346 
0.254502 
1.162529 
0.693251 
1.069219 
0.183382 
0.153217 
0.018618 
0.091248 
0.548320 
0.369623 
1.038729 
0.867506 
0.048561 
0.143797 
0.050376 
0.004330 
1.400024 
0.138512 
0.911007 
0.214615 
0.026870 
0.104186 
0.416409 
0.847134 
0.923664 
1.289315 
0.247629 
2.155020 
0.069702 
0.535562 
0.475593 
0.952957 
1.341496 
0.138917 
2.042183 
0.151752 
0.020095 
0.002976 
0.669140 
0.538851 
0.964814 
0.340658 
0.266386 
0.619922 
0.391592 
0.053930 
0.107121 
0.159340 
0.444580 
0.060828 
2.030377 
0.320030 
0.495907 
0.534429 
0.663251 
0.472864 
0.193171 
0.975699 
0.410473 
0.223055 
0.978955 
0.276713 
0.550743 
0.128480 
0.202209 
0.268538 
0.049873 
0.100388 
0.406584 
0.718501 
0.230049 
0.690070 
0.198966 
0.977686 
0.030865 
0.057886 
0.557868 
1.011869 
0.032839 
0.805277 
0.318838 
0.681973 
0.323688 
0.294900 
0.458063 
0.841903 
1.466423 
1.719127 
0.372915 
0.686515 
0.403724 
0.210373 
0.125082 
0.402576 
0.936027 
0.249169 
0.047294 
0.601226 
0.682248 
0.664866 
0.263574 
0.284988 
0.148885 
0.209844 
0.866710 
0.658805 
0.254970 
0.819387 
0.087019 
0.071171 
0.438033 
0.242909 
0.653624 
0.237982 
1.169970 
0.412629 
0.476404 
0.231434 
0.611630 
0.630327 
0.277305 
0.470932 
0.033406 
0.316579 
0.062469 
0.269402 
0.862367 
0.009357 
0.857514 
0.103459 
0.026755 
0.077691 
2.812446 
0.360271 
0.509050 
0.242918 
1.636836 
0.452782 
0.077037 
0.247356 
0.046894 
0.138627 
0.011381 
0.623796 
1.087886 
0.702596 
1.112869 
0.540546 
1.497276 
0.695568 
0.232794 
0.040224 
0.062162 
0.284904 
0.422112 
0.624725 
0.380746 
0.213733 
0.394252 
0.434345 
0.081659 
0.079839 
0.196457 
0.319734 
0.115223 
0.480675 
0.292445 
1.097616 
0.820719 
0.108101 
0.053654 
0.030787 
0.226784 
0.217061 
0.401079 
1.802771 
0.027276 
0.275920 
0.512288 
0.156804 
1.505739 
0.011536 
0.214545 
0.259352 
0.130785 
1.048989 
0.336125 
0.463841 
0.182046 
0.015782 
0.108847 
0.006719 
0.042852 
0.441921 
0.018448 
0.037519 
0.278136 
0.224772 
0.957263 
0.101461 
0.436139 
0.454425 
0.367430 
0.726171 
1.276556 
0.966556 
0.068533 
0.139040 
0.187459 
0.065166 
0.834708 
0.128727 
0.157183 
1.482199 
0.120125 
0.438102 
0.226195 
0.032818 
0.034476 
0.362294 
0.340158 
0.539115 
0.891546 
0.150223 
0.121119 
0.004904 
0.073628 
0.613722 
0.681312 
0.041297 
0.622153 
0.349945 
0.304654 
0.677534 
1.073852 
0.179888 
0.056760 
0.516051 
0.061299 
0.207602 
0.100949 
0.200185 
0.051083 
0.413767 
0.438384 
0.207696 
0.233261 
0.295154 
0.373348 
0.822329 
1.045394 
0.247771 
0.023756 
0.121359 
0.895644 
0.158890 
0.795948 
0.541841 
0.311418 
0.093139 
0.131865 
0.016228 
0.156849 
0.079991 
0.043923 
1.377319 
0.327988 
0.177836 
0.427165 
0.106148 
0.425865 
0.218847 
0.530470 
0.294161 
0.168213 
1.183655 
2.251189 
0.025068 
0.466025 
0.194569 
0.844511 
1.111868 
0.354615 
0.105252 
0.087154 
0.148121 
0.955392 
0.889012 
0.097277 
0.167418 
0.301586 
0.196801 
0.709624 
0.387072 
0.022653 
0.059571 
1.169077 
0.058211 
0.210832 
1.614285 
1.037708 
0.027272 
0.178437 
0.601194 
0.278224 
0.079301 
0.313499 
0.001097 
1.089471 
0.026339 
0.295112 
0.655735 
0.767891 
0.162212 
0.505172 
0.292300 
0.031232 
1.081561 
0.395512 
0.085222 
0.544799 
0.332133 
0.509872 
0.164138 
0.593986 
0.054310 
0.728710 
0.661927 
0.166055 
0.185592 
0.024999 
0.106483 
0.307528 
0.070765 
0.501224 
0.152585 
0.122335 
0.477423 
0.404812 
1.152318 
0.480765 
0.442250 
0.458978 
0.090380 
0.110567 
0.196448 
0.146125 
0.047621 
0.570659 
0.122693 
0.841844 
0.440179 
0.437476 
0.359560 
0.612575 
0.743928 
0.264764 
0.079172 
0.291791 
0.068812 
0.092548 
0.142644 
0.701385 
0.240567 
0.462362 
0.400687 
1.579872 
1.248428 
0.188501 
0.630799 
0.715661 
0.838902 
0.465096 
0.011045 
0.302856 
0.410144 
0.270689 
0.116628 
0.118758 
0.275173 
0.358066 
0.418385 
0.017634 
0.965736 
0.371123 
0.323089 
0.388700 
0.601836 
0.650691 
0.536035 
0.012896 
0.768385 
0.465003 
0.692790 
0.108861 
0.237493 
0.069835 
1.460382 
0.128126 
0.248074 
0.366189 
0.152485 
0.396450 
0.554323 
0.241985 
0.461171 
0.463594 
0.020121 
1.241831 
0.872781 
0.401362 
0.175635 
0.058650 
0.672097 
0.387230 
0.352334 
0.213022 
0.023215 
0.031969 
0.399834 
0.950876 
0.383159 
1.289948 
0.658380 
0.640344 
0.448772 
0.072973 
1.324954 
0.184473 
0.196808 
1.496607 
0.992921 
0.678808 
0.268020 
0.267355 
0.615553 
0.117013 
0.158159 
0.456962 
1.610501 
1.636324 
0.062932 
0.304299 
0.018844 
0.151699 
0.465847 
2.353001 
1.156701 
0.125072 
0.179504 
0.328084 
0.031892 
1.032769 
0.386031 
0.392808 
0.056769 
1.595922 
0.339206 
1.860150 
0.518503 
0.064731 
0.715521 
0.687196 
0.060026 
0.732304 
0.126960 
0.441605 
0.441390 
0.429842 
0.693316 
0.249054 
0.456078 
0.001985 
1.507435 
0.130704 
0.462544 
0.009056 
0.843019 
0.207891 
0.005816 
0.783087 
0.413264 
0.061195 
1.613810 
0.236985 
1.410022 
0.567558 
0.341320 
0.017367 
0.153949 
0.300427 
0.087372 
0.002810 
0.460836 
0.079886 
0.764032 
0.011050 
0.489857 
0.064288 
0.264139 
0.105213 
0.008069 
0.523888 
0.155806 
0.461992 
0.463843 
0.194612 
0.974012 
0.212329 
1.167607 
0.012922 
0.609005 
0.312750 
0.025147 
0.268195 
0.024069 
0.189521 
0.705516 
0.584632 
0.749790 
0.040441 
0.346423 
0.724563 
1.433150 
0.230783 
0.106860 
0.409826 
0.508747 
0.643498 
1.102323 
0.044757 
0.095746 
0.082683 
0.010926 
0.079300 
0.282184 
0.318318 
0.097026 
0.661442 
0.070437 
0.090602 
1.713191 
0.500717 
0.029119 
0.050782 
0.368949 
0.790241 
0.055361 
0.365051 
0.245142 
0.133967 
0.264610 
1.932380 
0.437610 
0.262129 
0.212455 
0.875488 
0.039357 
0.307724 
0.825630 
0.487433 
0.369627 
1.512665 
0.031040 
0.114774 
0.521356 
0.525965 
0.276389 
0.076087 
0.323534 
0.522843 
0.044242 
0.662631 
0.185839 
0.089257 
0.894053 
0.078301 
0.074578 
0.830523 
0.511024 
0.068484 
0.515074 
0.324627 
0.359668 
0.362368 
0.654990 
0.178869 
0.377729 
0.915386 
0.947293 
0.184686 
0.469630 
1.535732 
0.097789 
0.573445 
0.246479 
0.092920 
0.406401 
0.014034 
0.038568 
0.294226 
0.383209 
0.609176 
0.071787 
0.121897 
0.104867 
0.689899 
1.775387 
0.894621 
0.031542 
0.585714 
0.777703 
0.046284 
0.596267 
0.756423 
0.361997 
0.370602 
1.489346 
0.029387 
0.321385 
0.288663 
0.842187 
0.407041 
0.544989 
0.460693 
0.126852 
0.365857 
0.701908 
0.334089 
0.337556 
1.159762 
1.438000 
0.876558 
0.698645 
0.748857 
0.305153 
0.122811 
0.103986 
0.525179 
0.175455 
0.380702 
0.519435 
0.059987 
0.331396 
0.326705 
0.090369 
0.967819 
0.457103 
0.973940 
0.032939 
0.157600 
1.194817 
0.491493 
0.498455 
0.118104 
0.521309 
0.066273 
0.384140 
0.386920 
0.479722 
0.122091 
0.550788 
0.602728 
0.309693 
0.932035 
0.566154 
0.473826 
1.038487 
1.402188 
0.871415 
0.127460 
0.512194 
0.078241 
0.144056 
0.069823 
0.386468 
0.318994 
0.464989 
0.423233 
0.054396 
0.468359 
0.117691 
0.773610 
0.787721 
0.756343 
3.160423 
0.011354 
0.632259 
0.099312 
0.242401 
0.555795 
0.250946 
0.085320 
0.617821 
0.618327 
0.337093 
0.634583 
0.262412 
0.143618 
0.123323 
0.640411 
0.120116 
0.209644 
0.090803 
0.060617 
0.061088 
0.304480 
0.291981 
0.841525 
0.691445 
0.249309 
0.047394 
0.042695 
0.162225 
0.002985 
0.047373 
0.213992 
0.412436 
0.656646 
0.597558 
0.431743 
0.016706 
0.318502 
0.397322 
0.095935 
0.927516 
0.185449 
0.336568 
0.287320 
0.228643 
0.122200 
0.756816 
0.152538 
2.324021 
1.207427 
0.164811 
0.079041 
0.195653 
0.032539 
0.232178 
0.200046 
0.705785 
0.792382 
1.010456 
0.302477 
0.206326 
0.051420 
0.797053 
0.587003 
1.054155 
0.083781 
0.045058 
0.210679 
0.236426 
0.430030 
0.300367 
0.015999 
0.016492 
0.733760 
1.099179 
1.139067 
0.873003 
0.686762 
0.417295 
1.343915 
0.817343 
0.698559 
0.065372 
0.328635 
2.002647 
0.686788 
0.748746 
0.552684 
0.336332 
0.161744 
0.299826 
0.478735 
0.330167 
0.321190 
1.095216 
2.441707 
0.017969 
0.971311 
0.644690 
0.370307 
0.061136 
0.023505 
0.198214 
0.790576 
0.144532 
0.020142 
0.515253 
0.470202 
0.297410 
0.095745 
0.079264 
0.191671 
0.204820 
0.312448 
0.255195 
0.433113 
0.431711 
0.396422 
0.143459 
1.280118 
0.473896 
0.761722 
0.096951 
0.331729 
0.285606 
0.338710 
0.131583 
0.087545 
0.165277 
0.120852 
0.233809 
0.471368 
0.684329 
0.707303 
0.430396 
0.614050 
1.092633 
0.322908 
0.151596 
1.012536 
0.534530 
1.159909 
0.212040 
0.096129 
0.583990 
0.136086 
0.040310 
0.029686 
1.403366 
0.733283 
0.246771 
0.303040 
0.048580 
0.998549 
0.677570 
0.102938 
0.397192 
0.090012 
1.631897 
0.627449 
0.979817 
0.052378 
0.569574 
0.764901 
1.497085 
0.340421 
0.162835 
0.950078 
1.561082 
0.339907 
0.156275 
0.012433 
0.003432 
0.521299 
0.009005 
1.751565 
0.093444 
0.309904 
0.833599 
0.647403 
0.496545 
0.421618 
0.334009 
0.048379 
0.077924 
0.170311 
0.586367 
0.268686 
0.067783 
0.092892 
0.602581 
0.029228 
1.305970 
0.109168 
0.239506 
0.232700 
1.894003 
0.101135 
1.099578 
0.108386 
0.289296 
0.144788 
1.540458 
1.775803 
0.080266 
0.539955 
0.177893 
0.029073 
0.318909 
0.034608 
0.049368 
0.165225 
0.959440 
0.913485 
0.381821 
0.405933 
1.248932 
0.326813 
0.063731 
0.243072 
0.178354 
0.479995 
0.621434 
0.710604 
0.063094 
0.612732 
0.169405 
0.338904 
0.493051 
0.074832 
0.922838 
1.731804 
0.720129 
0.533164 
0.187166 
1.085834 
1.281703 
0.041438 
0.340757 
0.090059 
0.221379 
0.509842 
1.368619 
0.069985 
0.633598 
0.273356 
0.493055 
0.104099 
0.017580 
1.124082 
0.391996 
0.258821 
0.052039 
0.249353 
0.021838 
0.064941 
0.405342 
1.784205 
0.085103 
0.020641 
0.304791 
0.213777 
0.415474 
2.486949 
0.054178 
0.243077 
0.256502 
0.129272 
0.373550 
0.065392 
0.085502 
0.201143 
0.005948 
0.528756 
0.612510 
0.091861 
0.217906 
0.028155 
0.191962 
0.286033 
1.728205 
1.147394 
0.210217 
0.394590 
0.881923 
0.093382 
0.431126 
0.106747 
0.152946 
0.841150 
0.443098 
0.300572 
1.371638 
0.322832 
1.007819 
0.015405 
0.433252 
0.411566 
0.651736 
0.950818 
0.169277 
0.133204 
0.143271 
0.798254 
0.192914 
0.467275 
1.098356 
0.127825 
1.272962 
1.871726 
0.334031 
0.316159 
0.198482 
0.145447 
0.684197 
0.568285 
0.110356 
0.098480 
0.289079 
0.006584 
0.052899 
3.283885 
0.433108 
0.351793 
0.065308 
0.264098 
0.190056 
1.052894 
0.457601 
0.425273 
0.730182 
0.464632 
0.886974 
0.429262 
0.268557 
0.314700 
0.171213 
0.663769 
0.038276 
0.282487 
0.361114 
0.722538 
0.741349 
1.350176 
0.365856 
0.646394 
0.575734 
0.137525 
0.578743 
0.246508 
0.741065 
1.078477 
0.064561 
0.156218 
0.322562 
1.717497 
0.115627 
0.186345 
0.498370 
0.088753 
0.231313 
0.022350 
0.209605 
0.134499 
0.099217 
0.392885 
0.176594 
0.186260 
0.386521 
0.190580 
0.562751 
0.230976 
0.323380 
0.926131 
0.604293 
0.687312 
0.030954 
0.127289 
0.945745 
0.148587 
0.218112 
0.756742 
0.662511 
0.172220 
0.283104 
0.828629 
0.297180 
0.633320 
1.103980 
0.249112 
0.915233 
0.062630 
0.494001 
0.000448 
0.574746 
1.849325 
0.061310 
0.574778 
0.177075 
0.278798 
0.567070 
0.205081 
0.509525 
0.063363 
0.290043 
1.328998 
0.129643 
1.593393 
0.722100 
0.337244 
0.238136 
0.174280 
0.778550 
0.557759 
0.567503 
1.336001 
0.698068 
0.129025 
0.458174 
0.190376 
0.600057 
0.152483 
0.339664 
0.012619 
0.624620 
0.405133 
0.741611 
0.811803 
1.209529 
0.486229 
0.173829 
0.211526 
0.102616 
0.005178 
0.143364 
0.197294 
0.508274 
0.025554 
0.756454 
0.661259 
0.386410 
0.400821 
0.011615 
0.135491 
0.480637 
2.222411 
0.407040 
0.523473 
0.272577 
0.718267 
0.450631 
0.559675 
0.218113 
0.815000 
0.330460 
0.624834 
0.401076 
1.269187 
0.433671 
0.382961 
0.716279 
0.363181 
0.178579 
0.160776 
0.112648 
2.785269 
0.340594 
0.178423 
0.209224 
0.179865 
0.359301 
0.217152 
0.526930 
0.469890 
0.222819 
0.318179 
0.466363 
0.801762 
0.306274 
0.288806 
0.489570 
0.327955 
0.620542 
0.243071 
0.153156 
0.239157 
0.617956 
0.007734 
0.230045 
0.508302 
0.226744 
0.285603 
0.284999 
0.301837 
0.074499 
0.192628 
0.525196 
0.337541 
0.474630 
0.204212 
0.038233 
1.646716 
0.123587 
0.126740 
0.241657 
0.282506 
1.189474 
0.362285 
0.217366 
0.448496 
0.192134 
0.477256 
0.249412 
0.175614 
0.393685 
0.712892 
0.548489 
0.251860 
0.550816 
0.021536 
0.230014 
2.214818 
0.355560 
0.131305 
0.231748 
0.664663 
0.558816 
0.063331 
0.264927 
0.358874 
0.106638 
0.030099 
0.212911 
0.279273 
0.133919 
0.052682 
0.706403 
0.444285 
0.010341 
0.741444 
0.455103 
0.650482 
0.878219 
0.431184 
0.018865 
0.013265 
0.107045 
0.023946 
2.303766 
0.319936 
1.229377 
2.208835 
1.070483 
0.563427 
0.442104 
0.411723 
0.057810 
0.101444 
0.054545 
0.371876 
0.788001 
0.451711 
0.319100 
0.408305 
0.702424 
0.382141 
0.559666 
0.152939 
0.481634 
0.674282 
0.902244 
0.593336 
0.441322 
0.489924 
1.680909 
1.060698 
0.294406 
0.026927 
0.088227 
0.136990 
0.002521 
0.944390 
0.039559 
0.226720 
1.130561 
0.187276 
0.446924 
0.462173 
0.031440 
0.089838 
0.451984 
0.132172 
0.387299 
0.455106 
0.750891 
0.844721 
0.055513 
0.383465 
0.773123 
0.374544 
0.165324 
0.259699 
0.361827 
0.574177 
0.027186 
0.169149 
1.410064 
0.690210 
0.304742 
0.265296 
0.096087 
0.281412 
0.051434 
0.150040 
0.171283 
0.376056 
0.783751 
1.332136 
0.189095 
0.193752 
0.003951 
1.050640 
0.319761 
0.595759 
0.669629 
0.770049 
1.004994 
0.642150 
0.866895 
0.678170 
0.086512 
0.335541 
0.159572 
0.556612 
0.159545 
0.008829 
0.343660 
0.933614 
0.064622 
0.142421 
0.564202 
0.989622 
0.082594 
0.139659 
0.173263 
0.000034 
0.145419 
0.011662 
1.793450 
0.480085 
1.012768 
0.422670 
1.068537 
1.512116 
0.197153 
0.150862 
0.170085 
1.405236 
0.975136 
0.094855 
0.123712 
0.712531 
1.222941 
0.120811 
0.113165 
0.012725 
0.404581 
0.238494 
0.086828 
0.131311 
0.399574 
1.030609 
0.250770 
0.237676 
0.095453 
0.182618 
0.143681 
1.490427 
0.344897 
0.210600 
0.377462 
0.369417 
0.324997 
0.140510 
0.403349 
0.488511 
0.085222 
0.571982 
0.054624 
0.094285 
0.005763 
0.915786 
0.798958 
0.736927 
2.524718 
0.310263 
0.382412 
0.014020 
0.357391 
0.105934 
0.167283 
2.812827 
0.388669 
0.125550 
0.814159 
0.212939 
0.054784 
0.298724 
0.314103 
0.120695 
1.115787 
0.892357 
0.276260 
0.352291 
0.469270 
0.117151 
0.157970 
0.515691 
0.853787 
0.242667 
0.303911 
0.510548 
0.250867 
0.306591 
0.285300 
0.287887 
0.387929 
0.386836 
0.176136 
0.656666 
1.056015 
0.801497 
0.782809 
0.678947 
0.416759 
0.014110 
0.782022 
0.426608 
0.069067 
0.198580 
0.431067 
0.207391 
0.124755 
0.200005 
0.717865 
0.395155 
0.456058 
0.596658 
0.542458 
0.231443 
1.503254 
0.618173 
0.031797 
0.427168 
0.131440 
0.086181 
0.163132 
0.419688 
0.114098 
0.042816 
0.249845 
0.424946 
0.024580 
0.238201 
0.621131 
1.327088 
0.330599 
0.126481 
0.048881 
0.001055 
0.187305 
0.189398 
0.685568 
1.019311 
0.080235 
0.583685 
0.072820 
0.038060 
0.015321 
0.399282 
0.231622 
1.285735 
0.668837 
0.068597 
0.161809 
0.091906 
0.622965 
0.068711 
1.505721 
0.000504 
0.715138 
0.891212 
0.374225 
0.057157 
0.578240 
0.116654 
1.470166 
0.179726 
0.037087 
0.423607 
0.384866 
0.053235 
0.088082 
0.797593 
0.077241 
0.919543 
0.040339 
0.029802 
0.005094 
0.092925 
0.612415 
0.144124 
1.473728 
0.216143 
0.233195 
0.001047 
0.036148 
0.148329 
0.280130 
0.266657 
0.187442 
0.573934 
0.331669 
0.224770 
0.779438 
0.395243 
0.004041 
0.133312 
0.140748 
0.047921 
0.722369 
0.349952 
0.427301 
0.082183 
0.293290 
0.201819 
0.073262 
0.068488 
0.727432 
0.163833 
0.779171 
0.765078 
0.084386 
0.828791 
0.264749 
0.875561 
0.287199 
0.003305 
2.559528 
0.035752 
0.443834 
0.611082 
0.304489 
0.484041 
0.332702 
0.793039 
0.051645 
0.160421 
1.294189 
0.602337 
0.496236 
0.674329 
0.131643 
0.848606 
0.116105 
0.063185 
0.526818 
0.191351 
0.361081 
0.130745 
0.702111 
0.055377 
0.036378 
0.101125 
0.411025 
0.480822 
0.203993 
0.976504 
0.016097 
0.390107 
0.858467 
0.304549 
0.687279 
0.715033 
0.029896 
0.168626 
0.345158 
0.998816 
0.891706 
0.051882 
0.107602 
0.257009 
1.510405 
0.063715 
1.015577 
0.441634 
0.011507 
0.177680 
0.521752 
0.183001 
0.773690 
0.199587 
0.680416 
0.564605 
0.089924 
0.147782 
0.640586 
0.732918 
0.623250 
0.741853 
0.385456 
0.281751 
0.956563 
0.040936 
0.268531 
1.470178 
0.191693 
1.071713 
1.525199 
0.037020 
0.163787 
0.431854 
0.451595 
1.162466 
0.421460 
0.106112 
0.369700 
0.088578 
0.012612 
0.308556 
0.320335 
0.134232 
0.716170 
0.569051 
0.163162 
0.233924 
0.104233 
0.006909 
0.025726 
1.002997 
0.623868 
0.394999 
0.113078 
0.300217 
0.082264 
1.940189 
0.377641 
0.270646 
0.199285 
0.356194 
2.016692 
0.751762 
1.594176 
0.467373 
0.102945 
0.717356 
0.591930 
0.366388 
0.378117 
0.057654 
0.038806 
0.461674 
0.220918 
0.073705 
0.090306 
1.460112 
0.866094 
0.241536 
0.800238 
1.003739 
0.588789 
1.526596 
0.814973 
0.194932 
0.456470 
0.171961 
0.900039 
0.430266 
0.948137 
0.085547 
0.597012 
0.104483 
0.235371 
0.151399 
0.476030 
0.360853 
0.258221 
0.300752 
0.236759 
1.513013 
0.328115 
0.431074 
0.281619 
0.122147 
0.161824 
0.363861 
0.468492 
1.804550 
0.139289 
0.093466 
0.089054 
0.442602 
0.374373 
0.326423 
0.044070 
1.226651 
0.191524 
0.681246 
0.351584 
0.374824 
0.852390 
0.387886 
1.043765 
0.271280 
0.173391 
0.128101 
0.577447 
0.014869 
0.144563 
0.953431 
0.034820 
0.253909 
0.177077 
0.329373 
0.134053 
0.827268 
0.237561 
0.485263 
0.031086 
0.835993 
0.626343 
0.444672 
0.232967 
1.181191 
0.190129 
0.509642 
0.354221 
0.325635 
0.784531 
0.023384 
0.028688 
0.008030 
0.132768 
0.082459 
0.020703 
0.551907 
0.009402 
0.318829 
0.412107 
0.874902 
1.397343 
0.703710 
0.453805 
0.050346 
1.993845 
1.066013 
0.083577 
0.661386 
0.492154 
1.288195 
0.017179 
0.347965 
0.260514 
0.440421 
0.008575 
0.121822 
0.026236 
0.887238 
2.078562 
0.125054 
0.734209 
0.098952 
0.437428 
0.932702 
0.859252 
0.832609 
1.377060 
0.029535 
0.523879 
0.096285 
0.275060 
0.130443 
0.189553 
0.398078 
0.880871 
0.469972 
0.275919 
0.477934 
0.095393 
0.324971 
0.698730 
0.297736 
0.292168 
0.310426 
0.446289 
0.855985 
0.534985 
0.048150 
0.302566 
0.032837 
0.640663 
0.312730 
0.525479 
0.766975 
0.039474 
0.321378 
0.198317 
0.163003 
0.129974 
0.108046 
0.319561 
0.025045 
0.894868 
0.181147 
0.421882 
0.223434 
0.311864 
0.338768 
0.146442 
0.483697 
0.063448 
0.121686 
0.092804 
0.026341 
0.366807 
0.308944 
0.760958 
1.254855 
0.107317 
0.024075 
0.361149 
0.216050 
0.143326 
0.172256 
0.205630 
0.487682 
0.567221 
1.599993 
1.004229 
0.535057 
1.125509 
1.431683 
0.062277 
0.092658 
0.459181 
1.135438 
0.013693 
0.570845 
0.091350 
0.726375 
0.276554 
0.294591 
0.484114 
0.270080 
0.642168 
0.006337 
0.008071 
0.657199 
0.339390 
0.110324 
0.134382 
1.467261 
0.089735 
0.313213 
0.505478 
0.096298 
0.841488 
0.386824 
0.060391 
0.591837 
0.436666 
0.045345 
0.016208 
0.381880 
0.349816 
0.146459 
0.063948 
0.252323 
0.393754 
0.902254 
0.692557 
0.191475 
0.387974 
0.151358 
0.352284 
0.330377 
0.140306 
0.008624 
0.010627 
0.140594 
0.974955 
0.242417 
0.020901 
0.651062 
1.394800 
0.331887 
0.158178 
0.066832 
0.417349 
0.632252 
0.062483 
1.072441 
0.289347 
0.150301 
0.173431 
0.136903 
0.440200 
1.186784 
0.218475 
0.078801 
0.849460 
0.027859 
1.374807 
0.051731 
0.084492 
0.064087 
1.362334 
0.861241 
0.777438 
0.189058 
0.257679 
0.036615 
0.199763 
0.007001 
0.259362 
0.287469 
0.177156 
0.313819 
1.449282 
1.016306 
0.288970 
0.978385 
0.018453 
0.125906 
0.983860 
0.071829 
0.373088 
0.413971 
0.488167 
0.802734 
0.411307 
0.999074 
1.076453 
0.121914 
0.494386 
0.707362 
0.035498 
0.856928 
1.336400 
0.362662 
0.501487 
0.316596 
0.267483 
0.215658 
0.106900 
0.697382 
0.756882 
0.622900 
0.347856 
0.367622 
1.512520 
0.947944 
0.156921 
0.030922 
0.051652 
0.355768 
0.678460 
0.382130 
0.333247 
0.352202 
0.060029 
1.013504 
0.314252 
0.002559 
0.173649 
0.752867 
0.582120 
0.074960 
1.109900 
0.172014 
0.113454 
0.245366 
0.054872 
0.229662 
0.045164 
1.317438 
0.257633 
0.052910 
0.224261 
0.152411 
0.435598 
1.519202 
0.288546 
0.349692 
0.069391 
0.586656 
0.220219 
0.081445 
0.300586 
0.113382 
0.178852 
0.070403 
0.044848 
0.145317 
0.153735 
0.707090 
1.549016 
0.163562 
0.701606 
0.072018 
0.415616 
0.049094 
0.052341 
0.278963 
0.012617 
0.525300 
0.595019 
0.241771 
1.516015 
0.222417 
0.198714 
0.836262 
0.170507 
0.614406 
0.163655 
0.097032 
1.357372 
0.783576 
0.723873 
0.732050 
0.215791 
0.144640 
1.527226 
0.444059 
0.944362 
1.388392 
0.482465 
0.233038 
0.312044 
0.993518 
0.119489 
0.236765 
0.047343 
0.221829 
1.455254 
0.612536 
0.261717 
0.666361 
0.077054 
1.636932 
0.586694 
0.656887 
0.774819 
1.074414 
0.134520 
0.702787 
0.240838 
0.390604 
0.472582 
0.489523 
1.184932 
0.250252 
0.169700 
0.046883 
1.074701 
0.125958 
0.207388 
0.084712 
1.268138 
0.149066 
0.117292 
0.186094 
0.289319 
0.596535 
0.288475 
0.070691 
0.156955 
1.326124 
0.450622 
0.405186 
0.424221 
0.319011 
1.333421 
0.786167 
0.564408 
0.039583 
0.116921 
0.498292 
0.109116 
0.997338 
0.865626 
0.898843 
0.372396 
0.170473 
0.971913 
0.196818 
0.108300 
1.588953 
1.541244 
1.243577 
1.687320 
0.389800 
0.015684 
0.533907 
0.764054 
0.085701 
0.321439 
0.276748 
0.228530 
0.521975 
1.280861 
0.138011 
0.045630 
0.502591 
0.009310 
0.064580 
1.150332 
1.102542 
0.725628 
1.036825 
0.657284 
0.139092 
0.654331 
0.395174 
1.206052 
0.705333 
0.164281 
0.264229 
0.032537 
0.183280 
0.615894 
0.283179 
0.191226 
0.327443 
0.313471 
0.304910 
0.469070 
0.401047 
0.305105 
0.189190 
0.512096 
2.278457 
0.534392 
0.195281 
0.042556 
0.384144 
0.456390 
0.118763 
0.412774 
0.780141 
0.114902 
0.204918 
0.749978 
0.239929 
0.524265 
0.519487 
0.585443 
0.028248 
0.406276 
0.062386 
0.604113 
0.015863 
0.075980 
0.062413 
0.425200 
0.598839 
0.148498 
1.974183 
1.580006 
0.040887 
0.657155 
0.071725 
0.131962 
0.566771 
0.098137 
0.081187 
0.260904 
0.682404 
0.020981 
0.427117 
0.313873 
1.529794 
0.821533 
0.056874 
0.245994 
0.544515 
0.205105 
0.128690 
0.135439 
0.097616 
0.330389 
0.294890 
0.270835 
0.112551 
0.087098 
0.365354 
0.268607 
0.328239 
0.848880 
0.679888 
0.203931 
0.231656 
0.549481 
0.207170 
0.005580 
0.060465 
0.080555 
0.579444 
0.474377 
0.035217 
0.084197 
2.075432 
0.040419 
0.686225 
0.124674 
0.022845 
1.281257 
0.058558 
0.610729 
0.050269 
0.239987 
1.323439 
0.195640 
0.635439 
0.120791 
0.478854 
0.029951 
0.117388 
0.053160 
0.515332 
0.398934 
0.019309 
1.149381 
0.075783 
1.104727 
0.783106 
0.579731 
0.423268 
0.439976 
0.682670 
0.116757 
1.148115 
0.287625 
0.239965 
0.288545 
0.338547 
0.220768 
0.575785 
0.713898 
0.229433 
1.452667 
1.171689 
0.200997 
0.350633 
0.155531 
0.213243 
0.094311 
0.681916 
0.019914 
0.365119 
0.350707 
0.354206 
0.137619 
0.181629 
0.473949 
0.316594 
0.238537 
0.060712 
0.100703 
0.005354 
0.723087 
1.169802 
0.064925 
0.036066 
0.278655 
0.830677 
0.398126 
0.413124 
0.016402 
0.386203 
0.167513 
1.176720 
0.093872 
0.291519 
0.778101 
0.604374 
0.391231 
0.290401 
1.503231 
0.568589 
0.255993 
0.304879 
0.027653 
0.552935 
0.139076 
0.188603 
0.136536 
0.313633 
0.314821 
0.385293 
1.002645 
0.182626 
0.294944 
0.315686 
0.423730 
0.196730 
0.045500 
0.155497 
0.293336 
0.133303 
0.010226 
0.450089 
0.146950 
0.207792 
0.515246 
0.366781 
0.031122 
0.048742 
0.171020 
0.864884 
0.751086 
0.110947 
0.273748 
0.445216 
1.483012 
0.200465 
0.747484 
0.665777 
0.100301 
0.008850 
0.170366 
0.065204 
0.036816 
0.164614 
0.038243 
0.179983 
0.314308 
0.017782 
0.087468 
1.440115 
0.039720 
1.018575 
0.166164 
0.078445 
0.522139 
0.906420 
0.462714 
0.154404 
0.346697 
0.350612 
1.136094 
2.252123 
0.153040 
0.183482 
0.667338 
0.267638 
0.392369 
0.142485 
0.272443 
0.026100 
0.034528 
0.193116 
0.368382 
0.308634 
1.698922 
0.464684 
0.361467 
0.565308 
0.496764 
0.176828 
0.121342 
0.213251 
0.214604 
0.738449 
0.014006 
0.021762 
0.268209 
0.192381 
0.516812 
0.067372 
1.351070 
0.109510 
0.252509 
0.350547 
0.755092 
0.152207 
0.091792 
0.153419 
0.245231 
0.090091 
0.214416 
0.263099 
0.394445 
0.425433 
0.054009 
0.811066 
0.227696 
1.201623 
0.226102 
1.701314 
0.522593 
0.087305 
1.187650 
0.540094 
0.971678 
0.188588 
1.054728 
0.114693 
0.186977 
0.138059 
0.252573 
1.030639 
0.351223 
0.219940 
0.650258 
0.988389 
0.023663 
1.495471 
0.202665 
0.167587 
0.786262 
0.182476 
0.626983 
0.372229 
0.397430 
0.908294 
1.424303 
0.400890 
0.039281 
1.063393 
1.880467 
0.383329 
0.485772 
0.341306 
0.707346 
1.341962 
0.072135 
0.174765 
0.046408 
0.998204 
0.210099 
0.799383 
0.308335 
0.191889 
0.502946 
0.195519 
0.785825 
0.303592 
0.408226 
0.409627 
0.520713 
0.073750 
0.414737 
0.020342 
0.827850 
0.902263 
0.800088 
1.337284 
0.126807 
0.159602 
0.321338 
0.428637 
0.264054 
0.262973 
1.481064 
0.483525 
1.233751 
0.385169 
1.090737 
0.130021 
0.339129 
0.428867 
0.632893 
0.001372 
0.073583 
0.167758 
0.122256 
0.244439 
0.013780 
0.910683 
0.682301 
0.102232 
0.407191 
1.551134 
0.794381 
0.540923 
0.099504 
0.073243 
0.338737 
0.592179 
0.026129 
0.038408 
1.565126 
0.107675 
0.399226 
0.346329 
0.088524 
0.215996 
0.010608 
0.383193 
0.301519 
0.040176 
0.305276 
0.385320 
0.169435 
0.161250 
0.418457 
0.050939 
0.701383 
0.230715 
0.518369 
0.360827 
1.949414 
0.069072 
0.336756 
0.726302 
1.121702 
0.129961 
0.878774 
0.370776 
0.763983 
0.524821 
0.081707 
0.462731 
0.329101 
0.202895 
0.708422 
0.151348 
0.148353 
0.051833 
0.389580 
0.388199 
0.839419 
0.458418 
0.464140 
0.167185 
0.298205 
0.318947 
0.664039 
0.217958 
0.131094 
0.335439 
0.307481 
0.143696 
0.203415 
0.068749 
0.091853 
0.067069 
0.111493 
0.204223 
0.180290 
0.096414 
0.181863 
0.292065 
0.308488 
0.122018 
0.447923 
0.263119 
2.009373 
0.532257 
1.669439 
0.360043 
0.873556 
0.620622 
0.081764 
0.252505 
0.279510 
0.006977 
0.399045 
0.639028 
0.650855 
0.065434 
0.322952 
0.038199 
0.764080 
0.195800 
0.434998 
0.264591 
0.386675 
0.675489 
1.162116 
0.436379 
0.015319 
0.316359 
0.023573 
0.658060 
1.874784 
0.161391 
0.137039 
0.192294 
0.365107 
0.195287 
0.114241 
0.122315 
0.042051 
0.233578 
0.320974 
1.531156 
0.344655 
0.084941 
0.003157 
0.299712 
0.291377 
0.025083 
0.096233 
0.905240 
0.625365 
0.346866 
0.289068 
0.752544 
0.281024 
0.183537 
0.065880 
1.088666 
0.217478 
0.100122 
0.478854 
0.024824 
0.010399 
1.210581 
0.180990 
0.537009 
0.031650 
0.286647 
0.052606 
0.146614 
0.157463 
0.177812 
0.004148 
0.101152 
0.242689 
1.923851 
0.119230 
2.716806 
0.907134 
0.096999 
1.394153 
0.254498 
0.833793 
1.024378 
0.543918 
0.559735 
0.015370 
0.206731 
0.501966 
0.210138 
0.617220 
0.022863 
0.378698 
0.296599 
0.339157 
0.051992 
0.897658 
0.357974 
0.022957 
1.196469 
2.129456 
1.551305 
0.014783 
0.076195 
1.105787 
0.111252 
0.191115 
0.712674 
0.012897 
0.850681 
1.431915 
0.302411 
0.051524 
0.150849 
1.382839 
0.056400 
0.752002 
0.484761 
0.523709 
0.104630 
0.653257 
0.103837 
0.147295 
0.465519 
0.462522 
0.596159 
0.613268 
0.262227 
0.232334 
0.794319 
0.164468 
0.156018 
0.115958 
1.041373 
0.466461 
0.067001 
0.019684 
0.185787 
0.989663 
0.183901 
0.085976 
1.936163 
0.351010 
0.606481 
0.033926 
0.333956 
0.077235 
0.473723 
0.364750 
0.248616 
0.108049 
0.401044 
0.262324 
0.249242 
0.497141 
1.920000 
0.113988 
1.059647 
0.639608 
2.867206 
0.140917 
0.547249 
0.581688 
0.570990 
0.557852 
0.570919 
1.546078 
0.686937 
0.010343 
0.974020 
0.238880 
0.483363 
0.945990 
0.227462 
0.471006 
0.018817 
0.161627 
0.250783 
0.527612 
0.343563 
0.089980 
1.908471 
0.049760 
0.251170 
1.442100 
0.047110 
0.349880 
0.207197 
0.481569 
1.310480 
0.244457 
0.233373 
1.357192 
0.307552 
0.426081 
0.318914 
0.081266 
1.102721 
0.212312 
0.341101 
0.103393 
0.049084 
0.736068 
0.620642 
0.198933 
0.051617 
0.205817 
0.040568 
1.014298 
0.432424 
0.686039 
0.584518 
0.469254 
0.009401 
0.287127 
0.388534 
0.056127 
0.807497 
0.175875 
0.086368 
0.036042 
0.461390 
0.387516 
0.027710 
0.586668 
0.316472 
0.073141 
0.149283 
0.019620 
0.026033 
0.551237 
0.497271 
0.403969 
0.056034 
0.652015 
0.180109 
0.487961 
0.123494 
0.411245 
1.505394 
0.381225 
0.025916 
0.383733 
0.040421 
0.919045 
0.504969 
0.003832 
0.312166 
0.080407 
0.043526 
0.321765 
0.246554 
0.734295 
0.779690 
0.130478 
0.173620 
0.026762 
0.213911 
0.558128 
0.547819 
0.014504 
0.024952 
0.376233 
0.533253 
0.199043 
0.615341 
0.106174 
0.220202 
0.634983 
0.041385 
0.589690 
0.021340 
0.250435 
0.126482 
0.066239 
0.295765 
0.230439 
0.320233 
0.225065 
0.332330 
0.098063 
1.482938 
0.134234 
0.836600 
0.149068 
0.158603 
0.159884 
0.960971 
0.455890 
0.269949 
0.036011 
0.381635 
0.439212 
0.016681 
0.413963 
0.343966 
0.093499 
0.081185 
0.222771 
0.236968 
0.385128 
0.144647 
0.073712 
0.224563 
0.068159 
0.137202 
0.806634 
1.510738 
0.374487 
0.216511 
1.089581 
0.247222 
0.108865 
0.347384 
0.244277 
0.318411 
1.146437 
0.388564 
0.410355 
0.435516 
0.733769 
1.700298 
0.772442 
2.624700 
0.626100 
0.207745 
0.378109 
2.153447 
0.477187 
0.344464 
0.850639 
0.572567 
0.126155 
1.158984 
0.622119 
0.109972 
1.420259 
0.092824 
0.512644 
0.353177 
0.619528 
0.917999 
0.416621 
2.115685 
0.206547 
0.179984 
0.336657 
0.020058 
0.520457 
0.069445 
0.289795 
0.033310 
0.077990 
0.218348 
0.123641 
0.693819 
0.265169 
0.383418 
0.037272 
2.018390 
0.338124 
1.267455 
0.637068 
0.017229 
0.166866 
0.132799 
0.009630 
0.837741 
1.100088 
0.919199 
0.246460 
0.647183 
0.571009 
1.097924 
0.822114 
0.423460 
0.252931 
0.333147 
0.644456 
0.284149 
0.450434 
0.004799 
0.143749 
0.711164 
0.256723 
1.165480 
0.038368 
0.435653 
0.631553 
0.575514 
1.678794 
0.007185 
0.119215 
0.363731 
0.300574 
2.732263 
0.112931 
0.114700 
0.337482 
0.434935 
0.365274 
0.056696 
0.380628 
0.307603 
0.374422 
0.168715 
0.781679 
0.198557 
0.026844 
0.147589 
0.367390 
0.062960 
0.220608 
0.030462 
0.023422 
0.241845 
0.391648 
2.976713 
0.289837 
1.074199 
0.331923 
1.180627 
0.769412 
0.406959 
0.282878 
0.192883 
1.039297 
1.495365 
0.111380 
0.030150 
0.077745 
0.538116 
0.397964 
0.050553 
1.121874 
0.683371 
1.506294 
0.632222 
0.883272 
0.145086 
0.010657 
0.194265 
0.274729 
0.352255 
0.009195 
1.342152 
0.318309 
0.018095 
0.248930 
1.473938 
0.508349 
1.404760 
0.049034 
0.057355 
0.125881 
0.085308 
0.216103 
0.297512 
0.078461 
0.088368 
0.408504 
0.704720 
0.336264 
0.050479 
0.255424 
0.269750 
2.084473 
0.234162 
0.295429 
1.071509 
0.136995 
0.072478 
0.117424 
0.061593 
1.275862 
0.202777 
1.755622 
0.137818 
0.708917 
0.055449 
0.271334 
0.245705 
0.275307 
0.133774 
0.046644 
0.820879 
0.090574 
0.059005 
0.232971 
0.012086 
0.212839 
0.715059 
0.134575 
0.154879 
0.060639 
0.812783 
1.333699 
0.202340 
0.388005 
0.690029 
0.011927 
0.414069 
0.055418 
0.247518 
0.411595 
0.099608 
0.149927 
0.170076 
0.575457 
0.215859 
0.870505 
0.185698 
0.510084 
0.878409 
0.442036 
0.478891 
0.344474 
0.008339 
0.403621 
0.748432 
0.301852 
0.253242 
0.073389 
0.069988 
0.870385 
0.530002 
0.048490 
0.965745 
0.410660 
0.093040 
0.120609 
0.259513 
0.448559 
0.107711 
0.479467 
1.351390 
0.746267 
0.059448 
1.006400 
0.215555 
0.775407 
0.798058 
0.050192 
0.828605 
0.188045 
0.362913 
0.874462 
0.414612 
0.096139 
0.012497 
0.168306 
0.180252 
0.116975 
0.110481 
0.815560 
1.232639 
1.014927 
0.039638 
0.046656 
0.134232 
0.709116 
0.479684 
0.624438 
1.036951 
0.123156 
0.010475 
0.573202 
0.950209 
0.368621 
0.249425 
0.415542 
0.003026 
0.460137 
0.676171 
0.406977 
0.615268 
0.325997 
0.217226 
0.233525 
0.186779 
0.218268 
0.216911 
0.065306 
0.220604 
1.416380 
2.040895 
0.662983 
0.200519 
0.050869 
0.270836 
0.127112 
0.983900 
0.169363 
0.271574 
0.176482 
0.322006 
0.763299 
0.003532 
0.240026 
0.752521 
0.162782 
0.333476 
0.440112 
0.524643 
0.042708 
0.609189 
0.145660 
0.367906 
0.473515 
0.830641 
0.213619 
1.250831 
1.180903 
0.374389 
0.678760 
0.024496 
0.269410 
0.013062 
0.805793 
0.579929 
0.475978 
0.949666 
0.050449 
0.254512 
0.066316 
1.420696 
0.957194 
1.019952 
0.470417 
0.170352 
0.669607 
0.451616 
0.107599 
0.197707 
0.435945 
1.004505 
0.722961 
1.776779 
0.908509 
0.010748 
0.497217 
1.181358 
0.720075 
0.155777 
0.929614 
0.154221 
0.521957 
0.598436 
0.158753 
0.116464 
0.296190 
0.436305 
2.088561 
0.974966 
0.279358 
1.464840 
0.544122 
1.836358 
0.028799 
1.038653 
0.382073 
0.427795 
0.160706 
0.218833 
0.205034 
0.374466 
0.016649 
0.281928 
0.232034 
0.069106 
0.414843 
0.434411 
0.052947 
0.427858 
0.104720 
0.252434 
1.232440 
0.242057 
0.105727 
0.092086 
0.122426 
0.129529 
0.633399 
0.449714 
0.059238 
0.015642 
0.094395 
0.186670 
0.525928 
0.013587 
0.978524 
0.445091 
0.118296 
0.102598 
0.300183 
0.317038 
0.408492 
0.419773 
0.286270 
0.493206 
0.040988 
0.101047 
0.145194 
1.371244 
0.758658 
0.028043 
0.229792 
0.008755 
0.806394 
0.287535 
0.444037 
0.387199 
0.027905 
0.357215 
0.127507 
0.011227 
0.053617 
0.850741 
0.158417 
0.245898 
0.429070 
0.519647 
0.436540 
0.170167 
0.015208 
0.324388 
0.099889 
0.541381 
0.188424 
0.892029 
0.662220 
0.763327 
0.100764 
0.844202 
0.072759 
0.072888 
0.126040 
0.517698 
0.450428 
1.152856 
0.105329 
0.257729 
0.063795 
0.288400 
0.503577 
0.028743 
1.512684 
0.043315 
0.180140 
0.247885 
0.309705 
0.051930 
0.714432 
0.293331 
0.080594 
1.403606 
0.100502 
2.543307 
1.956165 
0.253475 
0.048217 
0.558771 
0.472408 
0.227737 
0.837939 
0.029030 
0.004825 
0.137222 
0.234897 
0.708268 
0.046765 
1.123173 
0.688909 
2.266212 
0.647056 
0.400955 
0.041287 
0.241160 
0.428234 
0.451564 
0.312087 
0.514806 
0.183138 
0.111405 
0.726961 
0.752637 
0.054222 
1.015223 
0.124186 
0.114761 
0.162443 
0.547465 
0.053471 
1.847089 
0.629404 
1.336394 
0.351342 
0.241995 
0.869068 
0.380643 
0.601335 
0.838339 
0.218631 
0.614380 
0.024271 
0.307358 
1.315092 
0.595747 
0.478541 
0.012112 
0.182363 
1.161788 
0.534676 
0.396216 
0.040406 
0.183271 
0.328611 
0.366748 
0.332916 
0.469760 
0.511359 
0.081529 
0.045104 
1.181171 
0.154360 
0.218021 
0.558895 
1.950784 
0.756070 
0.048110 
0.066126 
0.832973 
0.042439 
0.429589 
0.069218 
0.094850 
0.043806 
2.175001 
0.110421 
0.044404 
0.118932 
0.275310 
0.181284 
0.010391 
0.466371 
1.305738 
0.605003 
0.550850 
0.245748 
0.215343 
1.057797 
0.093671 
0.226846 
0.672781 
0.171015 
0.587781 
0.686076 
0.012142 
0.241142 
0.121079 
0.970853 
0.692852 
0.564382 
0.742242 
0.205379 
0.596624 
0.202140 
0.757634 
1.536895 
0.441167 
0.304771 
0.000295 
0.004119 
0.062104 
0.393565 
1.150416 
0.076899 
0.047249 
0.102244 
1.370333 
0.098115 
0.331450 
0.297603 
1.077026 
0.096188 
0.326685 
0.783582 
0.828215 
0.015078 
0.724021 
1.083734 
1.051767 
0.388456 
0.971409 
0.092183 
0.085806 
0.595417 
0.212683 
0.078951 
0.342428 
0.229348 
0.033770 
0.043581 
0.196830 
0.303133 
0.884856 
0.378228 
1.086768 
0.028635 
0.090326 
0.377773 
0.393181 
1.282601 
0.013038 
1.841517 
0.159888 
1.808573 
1.723316 
1.702967 
0.043354 
0.480513 
0.226566 
0.263093 
0.280753 
1.164713 
1.197586 
1.079473 
0.327577 
1.140217 
0.142206 
0.857110 
1.472371 
0.277904 
0.566177 
1.037088 
0.620804 
0.928854 
0.526290 
0.116348 
0.073403 
0.400919 
0.347369 
0.072246 
0.857365 
0.214340 
0.495225 
0.121453 
0.353505 
0.180666 
0.398250 
0.317052 
0.883398 
1.222679 
0.398515 
0.416266 
0.589320 
0.176589 
0.106134 
0.101157 
0.380249 
0.241406 
1.961524 
0.002912 
0.248107 
0.140349 
0.103496 
0.074205 
0.016115 
0.126723 
1.194663 
0.134302 
0.586702 
0.841885 
0.874675 
0.605141 
0.024487 
0.060831 
0.047965 
0.136471 
0.529387 
0.010744 
0.340311 
0.204254 
0.035065 
1.069931 
0.729164 
0.061534 
0.008951 
0.009633 
1.455670 
0.197722 
1.922032 
0.151511 
0.453830 
0.265503 
0.303352 
0.020773 
0.110010 
0.026044 
0.043354 
0.495047 
0.010161 
0.140223 
0.605719 
0.496060 
0.409155 
0.394098 
0.107356 
0.110901 
0.048530 
0.111826 
0.031363 
0.301566 
1.727721 
0.342302 
0.105951 
0.718902 
0.257840 
0.290887 
0.279181 
0.229982 
0.143217 
0.200629 
0.607157 
0.444877 
0.135418 
0.434855 
0.241272 
0.030616 
0.268499 
0.169302 
0.985333 
0.172432 
0.847715 
0.085910 
1.305615 
0.301262 
0.077999 
0.526321 
0.393845 
0.148745 
0.444272 
0.825705 
0.051719 
0.697743 
0.505702 
1.104497 
0.040629 
1.335153 
0.078464 
0.150800 
0.462301 
0.679556 
0.443513 
0.143664 
0.309236 
0.163541 
0.117194 
0.326653 
0.123153 
1.132714 
0.837602 
0.051649 
0.264913 
0.135265 
0.225116 
0.492853 
0.516724 
0.047448 
1.105826 
0.188806 
0.128542 
0.043462 
0.176461 
1.626004 
0.874472 
0.476461 
0.064803 
0.062741 
0.158832 
0.160578 
0.014818 
0.244384 
0.780067 
0.607757 
0.260740 
0.195852 
0.982744 
0.278641 
0.358372 
0.642356 
0.530820 
0.317033 
0.319707 
0.584572 
0.100437 
0.028978 
0.092060 
0.263328 
0.196042 
0.291246 
0.298818 
0.165797 
0.521316 
0.112383 
0.154111 
0.677130 
0.367452 
0.077256 
0.178607 
2.641013 
0.316059 
0.327821 
0.171906 
0.280129 
0.254813 
0.333562 
0.078596 
0.248729 
0.485046 
0.163068 
1.370801 
0.012693 
0.278927 
0.165136 
0.393713 
0.111069 
0.000817 
0.293602 
0.265119 
0.333773 
1.114442 
0.468402 
0.693997 
0.920303 
0.645182 
1.290615 
0.092250 
0.116817 
0.489506 
0.558488 
0.407027 
0.301633 
0.138260 
1.381057 
0.014603 
0.467228 
0.148687 
0.031949 
0.956573 
0.062300 
1.246155 
0.014203 
0.092297 
0.466777 
0.171243 
0.352680 
0.150549 
1.204724 
0.220443 
0.152356 
0.063284 
1.043522 
0.370259 
0.195698 
0.087104 
0.611880 
0.072476 
0.074815 
0.191119 
1.032897 
0.026756 
0.089325 
1.249541 
1.209353 
0.107972 
0.180514 
0.719073 
0.580640 
1.473043 
0.239118 
1.019680 
0.406552 
0.162759 
1.130375 
0.674717 
0.302008 
0.239731 
0.182289 
0.041419 
0.951817 
0.769127 
0.494855 
0.451500 
0.436569 
0.583144 
0.450394 
0.280194 
0.588786 
1.245766 
0.058207 
0.119338 
0.038958 
0.784781 
0.512219 
0.284443 
0.281515 
0.074516 
0.928588 
0.252137 
0.435572 
0.414259 
1.272296 
0.324562 
0.202811 
0.720401 
0.621617 
0.319976 
0.490827 
0.170932 
0.424150 
0.292260 
0.152211 
0.144822 
0.997767 
0.408500 
0.582440 
0.246640 
0.468532 
0.313332 
1.042935 
0.232404 
0.217230 
0.313409 
0.180621 
0.282781 
0.249767 
1.216683 
0.532421 
0.859437 
0.907696 
1.993102 
0.386098 
0.464877 
0.054119 
0.274333 
0.321117 
0.391029 
0.170117 
0.663611 
0.589118 
0.150842 
0.680244 
0.158839 
0.315403 
0.197768 
0.043625 
0.891932 
0.141866 
0.417167 
0.030425 
0.666411 
0.395720 
0.236827 
0.285411 
0.484160 
0.012090 
0.334368 
0.306507 
0.973946 
0.044562 
0.403299 
1.048144 
0.274894 
0.988675 
0.123055 
0.066371 
0.604980 
0.297443 
0.789124 
1.035823 
0.013890 
0.914680 
0.246952 
0.214648 
0.738301 
1.407110 
1.462197 
0.965918 
0.196602 
0.001496 
0.711901 
0.047853 
0.331505 
0.283397 
0.518496 
0.021204 
0.384437 
0.154263 
0.758587 
0.374931 
0.393053 
1.249804 
0.352704 
0.515932 
0.552419 
0.445826 
0.257609 
0.430515 
0.263766 
0.269208 
0.923185 
0.463691 
0.183030 
0.354240 
0.824032 
0.056061 
0.471248 
0.104730 
0.584178 
0.092549 
0.180771 
0.109078 
0.702994 
0.017006 
0.166867 
0.161518 
0.406635 
0.368913 
0.120351 
0.034811 
0.057878 
0.254559 
0.058683 
0.868920 
0.657482 
1.904789 
0.056328 
0.253145 
0.037415 
0.939550 
0.722702 
0.018433 
0.355821 
0.487510 
0.343562 
0.078455 
2.175588 
0.223793 
0.474066 
0.013310 
0.836527 
0.889154 
1.197638 
0.021474 
0.094338 
0.406182 
0.554901 
0.558680 
0.494042 
0.327631 
1.042463 
0.493201 
0.009492 
0.693903 
0.058326 
0.072257 
0.101652 
0.175256 
0.352949 
0.885900 
0.010778 
0.669929 
0.193952 
0.927779 
0.397062 
0.084686 
0.058393 
0.193924 
0.101532 
0.615713 
0.624893 
0.065881 
1.235029 
0.469910 
0.466648 
0.427705 
3.927517 
0.145953 
0.270653 
0.318320 
0.120870 
1.007355 
0.093260 
1.072778 
0.454343 
0.260442 
0.049816 
0.143278 
0.009052 
0.572872 
0.252402 
0.131685 
0.000375 
0.003726 
0.404708 
0.188950 
0.683052 
0.198980 
0.117910 
0.059360 
0.009872 
0.530363 
0.130178 
1.206109 
1.245541 
0.403165 
0.884901 
0.734281 
0.577108 
0.327737 
0.757241 
0.122398 
0.269358 
1.459779 
0.207098 
0.183967 
0.752835 
0.313403 
0.115613 
1.228215 
0.080823 
0.045836 
0.433998 
0.116118 
0.314512 
0.822959 
0.525389 
0.664137 
0.111921 
0.867762 
0.301045 
0.006137 
0.471497 
0.282717 
0.068493 
1.374197 
0.016130 
0.648895 
0.893843 
0.040449 
0.786605 
0.379673 
0.085981 
0.067889 
0.386198 
0.116333 
0.550127 
0.296549 
0.384907 
0.643087 
0.122824 
0.388829 
0.637469 
0.495643 
0.252795 
0.444142 
0.019619 
0.004602 
0.000434 
0.099459 
0.753103 
0.215254 
0.845508 
0.427676 
0.389965 
0.433683 
0.598325 
0.103537 
0.203843 
0.172093 
0.112154 
0.440859 
0.085878 
1.637950 
0.585461 
0.129109 
2.712042 
0.260671 
1.102623 
0.028430 
1.696623 
0.498263 
0.874047 
0.217022 
0.551492 
0.285797 
0.165430 
0.098657 
0.687218 
0.164009 
0.215349 
0.028136 
0.518031 
0.374772 
0.001666 
0.049952 
0.808251 
0.002318 
0.207566 
0.199312 
0.093593 
0.005783 
0.410661 
0.103981 
0.362767 
0.252269 
0.246424 
4.108220 
0.087970 
0.210587 
0.133001 
0.469320 
0.979697 
0.414349 
0.150810 
1.135227 
0.228023 
0.148851 
0.288454 
0.610414 
0.033352 
0.420833 
0.013979 
0.033810 
0.308976 
0.241846 
0.410531 
0.129611 
0.023537 
0.294046 
0.036007 
0.244128 
0.141749 
0.244127 
0.123182 
0.603211 
0.112826 
0.078758 
0.322898 
0.041884 
0.574124 
0.319419 
0.264565 
0.015833 
0.022305 
0.655643 
0.007477 
1.546275 
0.008713 
0.164023 
0.613857 
0.031197 
0.523735 
0.321622 
0.730620 
0.909372 
0.162152 
0.053910 
0.368433 
0.184713 
0.174159 
0.611372 
0.144991 
0.282586 
0.344792 
0.361761 
0.435256 
0.053359 
0.154263 
0.742092 
0.151548 
0.444247 
0.303959 
0.387266 
0.058722 
0.057302 
0.323109 
1.250150 
0.192002 
0.251138 
0.151686 
0.159281 
0.038207 
0.034642 
0.154065 
0.353092 
0.168243 
0.556504 
0.057064 
0.498038 
0.036943 
0.506427 
0.556104 
0.678902 
0.118812 
0.005827 
0.121850 
0.858145 
0.552409 
0.321977 
0.154992 
0.053576 
0.288591 
0.249709 
0.535726 
0.326104 
0.172636 
0.018654 
0.286424 
0.537913 
0.161533 
1.542180 
0.034391 
0.416920 
0.235320 
0.083232 
0.036979 
1.116985 
0.417032 
0.032606 
0.563711 
0.474436 
0.835237 
0.186920 
0.866588 
0.051307 
0.030889 
1.558205 
0.085036 
1.376749 
0.329275 
0.311282 
0.460588 
0.795385 
0.052774 
0.853167 
1.269528 
0.214101 
0.061838 
1.128235 
0.147014 
0.039166 
1.445381 
0.024718 
0.162215 
0.642044 
1.024180 
1.289816 
0.302375 
0.238573 
1.150611 
0.578561 
0.351107 
0.233831 
0.063528 
0.779251 
0.193318 
0.293465 
0.679638 
0.165489 
0.570536 
1.251795 
0.078157 
0.463221 
0.027899 
0.198202 
0.353369 
0.012930 
0.029688 
0.019873 
0.038045 
0.343186 
0.426053 
0.053642 
0.492660 
0.139470 
0.059247 
0.178316 
0.543199 
0.529353 
0.450927 
0.660527 
0.148047 
0.971035 
0.378153 
0.545878 
0.329752 
0.026141 
0.317997 
0.152342 
0.684129 
0.079796 
0.001306 
0.529601 
0.294674 
0.140168 
0.132112 
1.037637 
0.716881 
0.061028 
0.325494 
0.140517 
0.695462 
0.368017 
0.292744 
0.592216 
0.245297 
0.430573 
0.149414 
0.373743 
0.143603 
0.867680 
0.021930 
0.235589 
0.055853 
0.666293 
0.392939 
0.076037 
1.118286 
0.485217 
0.292420 
0.240994 
1.875917 
1.418176 
0.904802 
0.372041 
0.329815 
0.089868 
0.375726 
0.296654 
0.406471 
0.040042 
1.060470 
0.504113 
0.399282 
0.234459 
0.037868 
0.280922 
0.156313 
0.013847 
0.151050 
0.180842 
2.567107 
0.012341 
0.477213 
0.942668 
0.090322 
0.251392 
0.563124 
0.218707 
0.298132 
0.054257 
0.011117 
0.056821 
0.533131 
1.550238 
0.646864 
0.979423 
0.260595 
0.172115 
0.715842 
0.116966 
1.306690 
0.528410 
0.638578 
0.538164 
0.062207 
1.263181 
0.080811 
0.578852 
0.364107 
0.612632 
0.199311 
0.079183 
0.746519 
1.132880 
0.190281 
0.228722 
0.001785 
0.361334 
0.288884 
0.096832 
1.113654 
0.083506 
0.388763 
0.567493 
0.859054 
0.614597 
0.058655 
1.172024 
0.150876 
0.510763 
0.007348 
0.112558 
0.212249 
0.026154 
2.003126 
2.126453 
1.702897 
0.015082 
1.520573 
0.112461 
0.368530 
1.156433 
0.290759 
1.527628 
0.063209 
0.303839 
0.154942 
0.727224 
0.646626 
0.678915 
0.187107 
0.286107 
0.257676 
0.009250 
1.365673 
0.918556 
0.164920 
1.922082 
0.168180 
0.036359 
0.353502 
0.155092 
0.655150 
0.578426 
0.073276 
0.374561 
0.382556 
0.182475 
0.585256 
0.080206 
0.749538 
0.165305 
1.565598 
0.637516 
0.043471 
0.465801 
0.224771 
0.853304 
0.552151 
0.527545 
0.636888 
0.228427 
0.214647 
0.693465 
0.430217 
0.081355 
0.521282 
0.779169 
0.733869 
0.562755 
0.266531 
0.618688 
1.260234 
0.308484 
0.078749 
0.111431 
0.385684 
0.038379 
2.254772 
1.346642 
1.459923 
0.390067 
0.115661 
0.180820 
0.271903 
0.019064 
0.064294 
0.460308 
0.032678 
0.113292 
0.578393 
0.761397 
1.398400 
0.366608 
0.107913 
0.394215 
0.017070 
0.406163 
0.243638 
0.451990 
0.180244 
0.022283 
1.839829 
0.125824 
0.394231 
0.154859 
0.413560 
0.353336 
0.272785 
0.013056 
0.431911 
0.260836 
0.206055 
0.563394 
0.142582 
0.043926 
0.021659 
0.696246 
0.702006 
0.152036 
0.437872 
0.073904 
0.309324 
1.439352 
1.154248 
0.108591 
0.313140 
0.170250 
0.078270 
0.099947 
0.237054 
0.295934 
0.495839 
0.866522 
0.616022 
0.514640 
0.197181 
1.607925 
0.147979 
0.027083 
0.538585 
0.998876 
0.050045 
1.234686 
0.784834 
0.011629 
0.683551 
0.262744 
0.097716 
0.331274 
0.180353 
0.636516 
0.012721 
0.265348 
0.139401 
0.121799 
0.233521 
0.136860 
0.247695 
0.230614 
0.242096 
0.026600 
0.540312 
0.188119 
0.206393 
0.518027 
0.327113 
0.357975 
0.029201 
2.213250 
0.056961 
0.154020 
0.195173 
0.289517 
0.435386 
1.445219 
0.744781 
0.345546 
0.444056 
0.804261 
0.080350 
0.179187 
0.358830 
0.288457 
0.695141 
2.593934 
0.139373 
0.299955 
0.068780 
0.088320 
0.059446 
0.787737 
1.116534 
0.098414 
0.311447 
0.607166 
0.558575 
0.343114 
0.207933 
1.926084 
0.222432 
0.543468 
0.530170 
0.016971 
0.022920 
0.427293 
0.022299 
0.359170 
0.092149 
0.068968 
0.091926 
0.194392 
0.341852 
0.189480 
0.718664 
0.458400 
0.230987 
0.656090 
1.041380 
0.498519 
0.004562 
0.320075 
0.304823 
2.163035 
0.426374 
0.651560 
0.179493 
0.117150 
0.125417 
0.030289 
0.011538 
0.265546 
0.213456 
0.068836 
1.582188 
0.325566 
0.387586 
0.081099 
0.550407 
0.364362 
1.574116 
0.289951 
0.070601 
0.240990 
1.075457 
0.801257 
0.170321 
1.748219 
0.445886 
0.141761 
0.585709 
0.663957 
0.515759 
0.477429 
0.489506 
0.562773 
0.451670 
1.350842 
0.706762 
0.246733 
0.495698 
0.053227 
0.969475 
0.777390 
0.010547 
0.197338 
0.594262 
0.914447 
0.151388 
0.198834 
0.559495 
0.265430 
1.732217 
0.060975 
0.685631 
0.235381 
0.313394 
0.019989 
0.108115 
0.321994 
0.413519 
1.203027 
0.009272 
0.629167 
0.647385 
0.322444 
0.789609 
0.017709 
0.359668 
0.370061 
0.045070 
0.630989 
0.350767 
0.398920 
0.799127 
0.938685 
0.699875 
0.335918 
1.718379 
1.351610 
0.109959 
0.370485 
0.028082 
0.684579 
0.802503 
0.074489 
0.011440 
0.985461 
0.855925 
0.203451 
0.001741 
1.101564 
0.463738 
1.371989 
0.065132 
0.623679 
0.761663 
0.691951 
0.300105 
0.001968 
0.201084 
0.430268 
1.079200 
0.401749 
0.124173 
0.909928 
0.023775 
1.133546 
0.193824 
0.670048 
0.196855 
0.043306 
0.017559 
0.097063 
0.983669 
0.191384 
0.197716 
0.826566 
0.120270 
0.676453 
1.242486 
0.233254 
0.171005 
0.274973 
0.313580 
0.330006 
0.430710 
0.122457 
0.071786 
0.112014 
0.369547 
0.477878 
0.278761 
1.392855 
0.123505 
1.155833 
0.640619 
0.047572 
0.027260 
1.110916 
0.345184 
0.195325 
0.072829 
0.209519 
0.123019 
0.050531 
0.093292 
0.968606 
0.025707 
0.101040 
0.032413 
0.004990 
0.177034 
0.244265 
0.131753 
1.093656 
0.948239 
0.453314 
0.238844 
0.940696 
0.045352 
0.154478 
0.305763 
0.741498 
0.010936 
0.350430 
0.753123 
0.330191 
1.185864 
1.159757 
1.290079 
0.021423 
0.212118 
3.097522 
0.677960 
0.259264 
0.247840 
0.330433 
0.144957 
0.345676 
0.933925 
0.404598 
0.506791 
0.061298 
0.182945 
0.240500 
0.088062 
0.107024 
0.257970 
0.103051 
1.185666 
0.226347 
0.323984 
0.891664 
0.994268 
0.166946 
0.182655 
0.099154 
0.514074 
0.427864 
0.155854 
1.048883 
0.069563 
0.121261 
0.024550 
0.205215 
0.848902 
1.054136 
0.049252 
0.242906 
0.554623 
0.523000 
1.246702 
0.167791 
0.039738 
0.329673 
0.454630 
0.190996 
0.940700 
0.054064 
0.468278 
0.077873 
0.568937 
0.049136 
0.345165 
0.007375 
0.103375 
0.379617 
0.140869 
0.230039 
0.363099 
1.497119 
0.386322 
0.098089 
0.579091 
0.008803 
0.381505 
0.350476 
0.403083 
0.419047 
0.712313 
0.134891 
0.020335 
0.405315 
0.370719 
0.954003 
0.462458 
0.935367 
0.188238 
0.153429 
0.490710 
0.843651 
2.488284 
0.168035 
0.192995 
0.445049 
0.468556 
0.794090 
0.821095 
0.297621 
0.130461 
0.813594 
1.133153 
0.082083 
0.204669 
1.132609 
0.339957 
0.076454 
0.031880 
0.306877 
0.894727 
0.421120 
0.117553 
0.873478 
0.182096 
0.142786 
0.478289 
0.665902 
0.137442 
0.271787 
0.508709 
0.163253 
0.644846 
1.329473 
0.086356 
0.565390 
0.352580 
0.376237 
0.631869 
0.435378 
0.821731 
0.168539 
0.161462 
0.054642 
0.655278 
0.830998 
0.291750 
0.190944 
0.422568 
0.237393 
1.291561 
0.095459 
0.332360 
0.586946 
0.172649 
0.214728 
0.488746 
0.068415 
0.291128 
0.095156 
0.193484 
0.307266 
0.107711 
0.492597 
0.291856 
0.234310 
0.670882 
0.212572 
0.393530 
0.215099 
0.143465 
0.044816 
0.079855 
0.869542 
0.065104 
0.881198 
0.208141 
0.935000 
0.444786 
1.959581 
0.035549 
0.451224 
0.824577 
0.210764 
0.222162 
0.349044 
0.007678 
0.190933 
0.193678 
0.112219 
0.327493 
0.234032 
0.420811 
0.550262 
1.518038 
1.911952 
1.563590 
0.260006 
1.578606 
0.333364 
0.438237 
0.156437 
0.158072 
0.191396 
0.477409 
0.232482 
0.063386 
0.116078 
0.200851 
0.015510 
0.246442 
0.219422 
0.970750 
0.186593 
0.719082 
0.709341 
0.223629 
1.239467 
0.129651 
0.087708 
0.173908 
0.208704 
0.061399 
0.429804 
0.121765 
0.262730 
1.052300 
0.313993 
0.092974 
0.124968 
0.223346 
0.306093 
0.025304 
1.912134 
0.030576 
0.028843 
0.270156 
0.167664 
0.798776 
0.483557 
0.189897 
0.002057 
0.464477 
0.714077 
0.652724 
0.348440 
0.427222 
0.015574 
0.583152 
0.561710 
0.129695 
0.244916 
0.203929 
0.202054 
0.643873 
0.139235 
0.543048 
2.852703 
0.178745 
0.284368 
1.917991 
0.082948 
0.126543 
0.845624 
0.145396 
0.237656 
0.612436 
0.291412 
0.603753 
0.325080 
0.668514 
0.238684 
0.206803 
0.200834 
0.445780 
0.701512 
0.236777 
0.198356 
0.129564 
0.620069 
1.498042 
0.754909 
0.002865 
0.480528 
0.401243 
0.311059 
0.292865 
0.041144 
0.341829 
1.349523 
0.187385 
0.169946 
0.222546 
0.158023 
0.033229 
0.201186 
0.023011 
0.836896 
0.001187 
0.144324 
0.226833 
0.302359 
0.053631 
0.151037 
1.695864 
0.007423 
1.676630 
0.034422 
0.517965 
0.685509 
0.238847 
1.324322 
0.043086 
0.396842 
0.682611 
0.613560 
0.118876 
0.882588 
0.519111 
0.163036 
0.055139 
0.111717 
1.011155 
0.132139 
0.496614 
0.284264 
1.145008 
0.225139 
0.091751 
0.015000 
3.731872 
0.711030 
0.236529 
1.033491 
0.154916 
0.043286 
0.202685 
0.723898 
2.138761 
2.761057 
0.441956 
0.341716 
1.533745 
0.613707 
0.455579 
0.121236 
0.193022 
0.148235 
1.168307 
1.728777 
0.215100 
0.147797 
0.080297 
0.474145 
0.024888 
0.158924 
0.593497 
0.123510 
0.029950 
0.101335 
0.897233 
0.224509 
1.102418 
0.229218 
0.069523 
1.585314 
1.621541 
0.186893 
0.098817 
0.400865 
0.557515 
0.037291 
0.451366 
0.716838 
0.711114 
0.025105 
1.369558 
0.766143 
0.250387 
0.105774 
0.393494 
0.742421 
0.472292 
0.951766 
0.401065 
0.655013 
0.341614 
0.089145 
0.255090 
0.217520 
0.092219 
0.151782 
0.871008 
0.024083 
0.787233 
0.471422 
0.297480 
0.355860 
0.177333 
1.473871 
0.393859 
0.312723 
0.361709 
0.618089 
0.149280 
1.830957 
0.451886 
1.054502 
0.242340 
0.216478 
0.070354 
0.342148 
0.329223 
0.363878 
1.165871 
0.087753 
0.543793 
0.173541 
0.029440 
0.187466 
0.157449 
1.635066 
0.997681 
0.127403 
0.043902 
0.123927 
1.017489 
