2.735880 
1.082785 
0.958791 
3.407034 
1.082332 
0.355559 
1.033055 
0.293376 
0.191780 
2.910265 
2.853473 
3.105499 
1.563800 
0.437267 
1.965416 
0.456839 
0.336338 
1.550935 
1.696342 
0.678800 
0.197037 
3.791620 
2.070851 
0.571751 
6.448646 
0.931135 
5.109265 
2.745269 
1.235801 
2.887930 
2.488063 
4.356824 
0.192694 
2.709952 
1.715501 
4.594257 
0.220062 
0.408741 
1.825901 
2.450719 
1.782499 
2.592454 
0.559059 
1.678237 
3.705191 
0.360164 
2.891635 
0.110120 
0.960048 
0.876753 
0.193907 
11.635408 
0.017678 
4.727873 
0.753459 
2.331008 
0.341443 
2.794444 
4.916444 
1.551333 
0.236758 
0.854255 
1.163079 
0.611039 
1.827017 
1.264308 
8.923439 
0.010558 
1.347189 
1.705871 
1.365091 
5.473335 
0.310100 
5.972559 
2.208533 
0.588971 
0.489762 
1.457921 
0.286540 
1.005290 
6.656055 
0.542318 
2.727806 
0.225835 
1.732947 
3.268475 
5.479916 
2.550440 
2.031708 
0.722022 
0.009282 
3.421007 
2.538127 
2.043845 
0.254741 
9.198738 
6.078539 
1.200572 
2.875576 
0.292787 
3.376474 
0.737541 
1.577086 
0.228920 
2.549833 
0.473292 
2.616238 
1.813182 
2.244284 
5.964721 
0.823997 
0.709361 
1.906414 
3.876493 
1.502850 
0.552052 
6.629331 
0.277294 
4.842752 
1.592731 
1.985247 
0.642098 
1.048440 
6.926902 
1.734423 
0.039479 
1.432277 
1.394176 
1.604168 
3.810017 
2.844316 
0.631209 
3.778791 
1.024771 
1.462174 
0.880600 
5.194128 
0.027665 
4.294843 
0.436111 
3.389693 
2.972950 
3.077777 
4.395106 
0.369448 
2.988854 
4.483658 
0.043313 
0.139480 
0.394800 
2.911290 
2.935836 
1.772131 
4.595569 
0.476159 
2.603873 
1.089151 
1.230592 
0.294607 
0.040567 
1.263704 
0.688610 
2.178246 
0.576326 
3.358366 
0.108301 
4.743155 
0.848440 
1.458003 
1.252429 
3.038543 
1.125098 
0.280708 
4.082142 
5.871485 
2.372904 
3.016260 
0.488484 
0.236789 
1.723185 
0.527806 
1.068849 
8.822601 
7.252623 
2.378804 
4.485272 
1.240987 
0.513564 
0.357766 
5.186899 
1.308394 
2.586350 
0.420753 
2.027548 
1.992190 
3.926488 
0.602214 
3.746763 
0.982115 
1.271714 
0.012020 
2.453003 
0.499911 
0.235633 
5.671986 
0.204800 
3.841536 
4.051982 
3.002525 
1.750778 
1.485191 
5.446331 
0.837764 
2.153034 
1.403522 
1.719058 
1.660969 
4.055140 
0.638397 
3.527995 
7.597450 
1.530425 
3.167954 
4.986142 
3.267437 
0.533958 
0.127186 
1.518107 
1.332248 
0.760203 
1.415964 
0.554826 
2.053513 
0.686979 
5.843433 
0.190981 
2.198996 
1.976715 
2.076659 
1.617325 
0.611673 
1.505024 
3.841354 
2.070962 
1.746985 
0.524605 
2.691539 
1.301160 
0.132584 
0.083425 
2.044930 
1.027449 
9.695864 
0.339440 
1.629139 
0.889143 
0.102908 
4.950470 
3.266733 
0.165045 
0.623740 
8.652438 
3.857683 
2.198451 
0.215378 
4.245650 
0.769578 
0.588407 
2.322810 
2.020952 
1.327922 
1.942627 
0.241150 
0.207099 
0.663292 
5.053288 
2.220304 
5.824031 
0.628960 
0.120064 
0.624689 
3.503859 
0.023030 
1.100926 
2.375412 
0.475360 
1.154610 
1.005127 
0.292702 
0.439320 
1.305076 
0.486868 
1.268573 
0.035883 
3.797637 
0.517307 
1.287387 
1.262610 
1.029474 
0.358594 
2.695019 
0.174745 
0.315444 
0.886296 
2.428327 
0.043950 
0.724167 
1.649539 
4.351678 
0.419743 
2.867295 
1.731161 
1.363878 
3.034672 
0.724967 
0.547519 
0.045433 
1.348210 
5.815921 
1.628344 
1.021760 
0.854857 
2.735545 
2.416319 
6.784325 
2.292058 
0.235312 
1.572129 
0.326203 
0.914830 
1.600943 
2.330250 
0.378119 
0.488120 
2.520119 
4.844966 
0.447970 
2.451876 
1.173189 
2.035392 
1.396825 
1.998070 
0.167044 
2.595752 
3.418210 
1.258098 
0.476772 
3.148976 
0.086794 
2.976052 
2.260744 
3.208056 
0.912755 
1.435844 
0.291426 
5.460893 
0.857076 
4.521458 
1.231101 
1.199479 
2.536410 
1.750510 
1.765441 
2.291060 
1.180087 
3.479801 
2.660585 
0.522873 
1.540545 
0.605932 
5.627896 
0.259696 
1.873852 
1.413741 
0.069546 
0.966890 
4.100569 
6.886841 
5.289161 
0.237847 
1.280289 
0.164117 
0.178636 
0.157103 
2.365442 
1.825600 
2.347776 
4.690077 
0.343610 
0.201836 
0.877067 
3.159257 
4.425879 
2.236259 
5.929726 
0.726302 
0.087595 
0.499602 
0.185417 
0.220967 
9.534326 
0.135085 
2.407303 
0.653655 
2.128151 
3.217714 
2.082503 
5.010590 
2.299762 
2.120261 
4.213730 
6.217793 
1.660932 
2.644795 
0.017510 
1.404559 
4.497667 
1.338985 
0.852421 
0.974386 
2.068971 
2.024143 
0.542854 
0.383768 
1.238418 
1.905182 
3.997128 
0.329156 
1.149670 
0.119438 
0.754072 
0.504183 
0.085923 
2.870622 
0.545963 
0.158014 
2.966716 
5.038052 
1.013612 
0.401399 
0.478311 
7.615553 
5.232102 
1.645002 
0.334748 
0.544212 
4.145904 
1.184604 
3.724451 
1.110994 
0.895413 
2.990306 
1.989557 
2.297056 
1.180632 
0.902487 
2.409562 
7.243051 
1.595266 
0.528746 
1.319328 
0.893479 
0.979753 
0.760610 
3.746478 
0.040888 
0.244879 
3.729771 
0.895807 
4.421412 
1.651518 
0.381571 
0.465610 
2.263342 
3.727086 
3.990552 
2.098088 
6.987486 
0.676950 
0.039594 
1.225105 
0.400032 
3.383183 
2.492967 
2.781225 
0.876610 
0.767122 
0.441849 
1.521004 
4.145437 
6.127986 
0.207804 
1.937883 
0.007688 
1.316664 
3.023870 
0.842363 
0.110669 
2.712431 
5.831289 
1.733670 
0.898640 
0.195461 
3.755987 
0.623019 
1.586392 
1.683046 
0.666139 
0.162561 
0.083956 
4.983793 
0.377971 
0.418059 
0.657543 
0.438978 
0.384854 
9.662024 
4.735975 
2.438786 
0.108876 
1.320315 
2.075732 
3.189365 
2.009327 
3.390126 
1.166652 
0.070874 
0.347935 
2.228133 
1.744134 
0.498240 
0.380543 
0.143804 
0.069198 
1.662905 
6.361643 
2.065606 
1.735720 
1.824415 
2.370417 
1.007424 
3.335070 
0.781429 
3.552973 
2.570137 
2.107894 
2.880825 
1.819548 
0.566297 
1.284856 
0.683517 
0.703316 
5.193970 
4.918087 
2.552986 
1.879238 
0.485161 
0.496222 
5.800096 
0.626964 
3.283169 
5.580823 
0.252101 
1.188693 
3.531400 
4.184944 
0.780890 
2.931884 
5.314908 
0.965869 
1.751557 
0.577265 
2.594046 
4.653571 
1.328846 
1.926211 
2.234168 
0.453254 
0.331474 
6.057180 
3.355368 
0.858083 
1.046970 
2.139745 
0.777424 
0.074413 
3.617802 
1.158869 
1.249086 
2.755007 
0.322982 
0.888123 
1.613323 
0.628202 
1.051624 
3.202033 
0.380512 
3.867961 
0.410345 
1.744026 
3.662566 
0.975596 
4.467506 
1.551710 
1.685860 
1.269267 
0.236648 
1.497888 
1.576697 
1.954746 
1.613327 
0.663833 
0.404721 
0.073078 
0.058178 
3.873603 
0.061397 
0.236258 
1.877305 
4.027309 
0.620583 
1.601971 
1.677427 
4.620444 
0.180791 
1.998849 
1.351887 
2.265703 
0.549574 
0.328441 
0.828629 
0.108417 
3.545090 
1.344115 
0.987201 
1.805042 
8.759414 
1.105519 
5.186323 
0.251248 
0.278141 
0.231921 
0.418480 
0.335518 
2.495448 
2.700561 
0.373312 
2.692648 
4.680322 
0.663622 
4.776924 
1.880279 
2.001776 
1.547823 
1.459154 
0.272215 
2.486480 
0.106948 
0.272055 
1.533651 
1.004380 
0.824485 
0.029803 
1.798371 
0.488590 
3.305641 
0.735051 
0.130195 
0.564168 
8.318161 
1.168438 
1.045427 
7.123970 
7.493638 
1.299558 
0.078043 
0.448183 
0.305516 
5.117714 
0.584238 
1.611588 
2.840872 
0.665369 
1.157131 
0.653396 
0.181445 
2.114033 
2.541237 
7.912376 
0.964459 
0.625892 
0.495175 
0.166715 
0.417105 
2.984150 
0.026040 
1.055806 
1.602890 
0.065543 
4.004604 
2.099710 
2.728733 
0.204234 
1.641314 
1.499733 
4.151313 
0.345079 
1.353385 
0.162950 
0.111412 
2.101384 
2.188404 
4.664394 
0.827773 
0.696891 
4.271466 
0.254232 
0.521727 
0.261582 
1.458775 
1.794508 
10.366433 
2.502541 
3.528770 
0.197089 
0.557674 
2.850285 
0.864830 
0.615228 
1.415385 
3.755227 
0.687796 
3.380029 
3.488047 
4.153556 
1.475207 
4.713826 
0.378801 
6.723107 
0.234974 
0.038397 
1.779878 
2.320288 
10.813967 
1.925120 
0.381575 
0.538784 
0.167723 
7.972932 
7.342370 
0.783627 
0.783639 
0.983395 
0.103803 
0.121757 
2.153771 
1.897782 
3.541928 
7.154035 
0.196631 
2.842071 
2.530463 
1.397840 
4.118651 
1.145476 
0.456071 
0.034302 
3.181149 
1.784836 
3.001601 
3.830701 
1.361629 
0.493525 
0.572957 
1.685065 
1.793614 
5.317588 
6.507648 
3.313029 
0.387266 
2.399701 
0.147637 
8.338554 
0.224203 
0.771967 
4.792623 
2.211609 
3.381118 
1.438772 
0.279024 
1.665177 
0.615463 
6.440767 
2.639587 
0.799102 
4.144100 
1.546695 
0.311581 
1.842745 
0.651845 
2.288556 
2.743708 
0.291209 
0.885797 
0.020867 
1.180187 
0.692529 
8.242492 
0.766787 
0.660499 
0.126633 
0.380758 
1.669128 
2.341439 
1.069874 
0.074729 
1.005485 
6.236283 
1.269289 
0.460027 
1.211888 
3.091520 
1.786537 
1.985454 
4.974265 
1.511815 
2.388198 
4.055283 
1.130618 
1.472751 
0.061367 
4.067216 
1.800529 
1.795629 
3.599175 
2.252451 
0.570577 
1.555566 
1.275009 
2.117284 
0.454665 
1.853055 
2.203049 
6.303630 
0.189460 
0.083581 
4.629616 
2.530705 
0.159873 
0.436694 
2.791269 
0.745983 
1.395758 
0.368136 
1.869246 
0.774445 
0.112362 
0.439596 
0.841746 
2.092471 
1.065592 
5.556589 
1.548599 
1.489100 
1.593811 
2.564052 
1.329154 
5.861700 
0.766840 
1.748893 
5.110372 
1.267070 
0.765366 
0.295812 
2.839392 
0.649571 
4.206036 
0.160536 
0.825476 
1.493306 
0.770353 
2.305200 
0.218604 
0.449376 
0.328343 
2.049569 
1.049221 
3.900780 
2.634851 
2.298131 
0.744651 
3.178125 
1.046317 
1.031682 
0.576718 
0.652928 
0.566760 
1.034317 
1.234120 
0.322317 
1.844556 
0.800384 
0.193876 
2.865122 
0.502467 
3.535128 
0.524223 
0.634389 
0.786710 
3.384783 
0.416524 
3.333666 
0.202533 
2.091362 
0.299908 
1.082569 
0.775708 
0.595648 
5.925928 
2.139852 
1.980182 
1.299612 
0.638536 
2.248780 
0.539171 
1.651159 
3.817865 
1.617161 
2.095934 
1.972596 
2.758672 
4.825746 
3.265640 
0.669300 
0.214239 
0.671112 
10.983789 
2.809870 
3.777909 
0.655909 
0.743521 
0.570075 
0.921554 
0.588822 
0.676084 
3.561480 
3.171429 
4.645347 
2.589412 
0.562793 
0.625431 
0.971269 
1.553180 
0.581242 
2.713186 
1.734928 
3.233152 
1.421880 
2.403302 
0.394568 
0.359985 
1.428797 
0.448021 
0.107043 
4.404222 
2.148176 
1.712044 
1.676045 
4.238508 
0.262614 
0.271960 
3.635267 
0.959302 
1.298736 
1.126438 
1.561491 
0.748932 
1.631965 
4.043292 
0.271037 
0.149665 
3.250280 
6.888005 
0.552524 
6.953297 
1.314173 
5.418042 
1.939358 
2.457245 
2.202777 
0.444373 
1.484935 
4.812994 
0.390298 
2.267337 
2.161563 
4.207936 
0.051930 
2.984440 
1.645125 
1.875100 
1.894608 
1.371643 
2.483731 
0.970652 
0.861879 
0.348100 
3.615848 
2.761932 
3.233201 
1.787786 
5.188915 
2.738388 
3.033334 
3.629676 
2.689809 
2.350593 
0.489001 
1.449595 
0.735496 
2.126881 
0.246304 
1.168328 
4.456728 
3.327016 
1.489425 
3.769215 
0.465617 
2.562853 
2.329131 
0.543947 
0.381434 
0.598567 
0.306863 
2.000965 
0.064482 
0.520093 
1.556367 
1.655150 
1.494386 
1.920849 
1.200534 
1.767905 
0.560423 
0.526049 
0.148595 
1.209470 
2.364284 
1.913998 
0.945456 
0.457964 
2.249586 
1.146398 
1.693484 
11.379652 
0.419698 
1.211197 
1.916329 
4.522560 
1.105465 
2.191493 
1.773826 
2.926869 
0.417533 
2.360131 
4.723441 
3.294881 
5.784565 
0.123849 
0.428272 
2.708061 
1.286094 
2.848266 
0.622272 
6.054542 
2.692485 
1.582004 
4.092677 
1.073669 
2.389085 
0.272190 
1.492751 
0.226947 
5.168414 
3.353674 
2.333944 
3.727316 
0.357151 
1.836985 
8.438930 
3.516945 
0.044038 
0.052883 
1.729034 
6.914804 
0.975316 
1.189157 
7.762661 
0.966189 
0.554193 
1.869103 
3.806678 
1.733564 
8.483129 
0.522994 
0.773653 
1.530214 
6.869069 
0.291048 
0.421327 
1.583811 
2.794554 
0.311060 
3.908190 
1.696302 
0.307445 
3.564116 
1.492194 
4.377178 
0.890535 
1.574937 
4.504392 
1.163502 
0.575883 
0.036177 
0.659613 
2.462002 
0.871429 
0.425087 
0.255368 
2.001495 
2.210299 
0.377413 
0.731870 
1.548010 
0.560116 
0.659528 
0.439075 
3.537608 
3.095301 
0.881844 
2.114969 
1.199582 
0.430135 
0.941493 
1.117433 
0.896951 
0.065650 
2.657366 
0.152898 
9.023672 
1.338645 
4.298888 
0.352472 
2.225303 
2.927338 
0.211781 
2.489300 
4.294152 
1.459132 
0.081846 
4.744794 
1.995008 
1.829145 
2.040853 
0.135053 
1.192005 
0.390337 
5.925513 
1.295026 
0.277044 
0.181677 
1.134544 
0.577410 
2.019062 
2.415332 
1.337102 
0.561058 
0.601455 
0.261771 
4.917501 
0.712874 
0.706982 
1.743598 
0.827481 
2.244170 
2.028733 
0.552665 
4.087530 
3.432252 
2.804527 
3.376303 
0.087495 
1.075844 
0.939137 
0.107579 
0.339742 
2.360554 
11.001457 
0.904036 
8.830033 
2.619943 
0.010220 
2.167420 
1.615444 
0.496972 
3.935610 
12.994465 
2.167454 
2.100542 
0.418184 
0.295933 
2.019067 
2.515245 
0.655268 
1.110672 
3.296524 
1.845175 
1.013349 
3.792428 
2.187284 
2.791985 
3.242079 
0.929685 
0.632811 
2.204930 
0.469313 
0.748926 
1.493182 
3.476167 
0.921308 
6.096810 
2.923174 
10.155762 
0.549515 
3.013209 
1.545389 
0.167286 
1.844420 
4.188444 
5.924039 
3.621458 
1.269091 
0.792271 
0.744414 
1.101607 
9.960535 
1.380480 
0.066234 
1.299849 
0.758208 
0.073837 
0.383870 
0.361813 
0.812027 
1.283071 
0.997507 
0.788848 
5.419122 
0.508812 
0.554865 
4.325892 
1.134306 
0.243725 
0.623874 
3.327395 
0.273129 
1.076631 
0.546320 
0.897002 
0.731954 
0.061009 
6.009845 
0.824205 
1.215187 
4.596884 
0.779176 
0.035930 
0.545972 
0.281729 
0.782359 
0.247397 
1.632065 
0.547340 
4.268476 
0.319808 
2.081634 
0.824419 
2.095110 
0.446136 
0.959084 
0.841752 
2.306307 
0.084797 
2.392518 
3.872051 
0.322098 
0.066153 
3.458402 
13.510553 
1.105349 
0.223747 
4.622483 
3.085723 
0.427817 
2.132170 
1.164604 
1.102574 
2.267430 
4.868991 
0.003518 
1.540865 
1.405262 
3.455130 
0.248604 
1.468054 
0.225785 
0.456992 
0.380733 
0.999810 
0.146980 
3.801873 
1.611140 
0.154084 
0.495532 
1.083794 
0.746940 
0.090979 
1.077943 
2.222714 
1.908657 
0.248322 
1.099172 
0.418334 
0.342271 
1.907948 
3.455732 
0.031471 
1.017834 
1.521640 
0.939590 
1.136619 
0.286945 
0.847059 
5.117628 
0.439644 
2.178126 
4.895723 
1.635652 
1.620480 
0.131508 
1.718824 
2.642432 
2.490639 
0.261538 
0.426967 
4.298033 
0.783709 
3.080489 
3.002657 
3.539349 
0.660877 
0.846343 
7.742719 
4.809578 
1.772496 
0.360168 
3.164922 
2.309283 
5.264676 
1.041834 
0.101876 
2.254874 
3.771767 
1.239505 
1.506993 
2.086695 
0.827790 
0.986139 
0.313784 
1.141137 
1.925538 
1.447884 
0.828594 
3.863245 
1.190760 
1.055656 
3.264833 
6.416435 
1.452757 
0.376817 
0.349178 
1.193621 
2.138113 
1.903920 
2.939994 
1.997879 
1.348551 
1.044631 
0.005583 
3.776480 
1.243144 
7.004475 
1.867861 
2.762086 
0.272277 
0.364841 
1.609960 
2.065260 
1.572665 
0.453446 
1.166906 
0.506585 
2.565755 
1.211371 
1.078123 
1.621094 
0.886509 
3.824469 
2.917477 
4.208721 
3.540803 
0.899130 
2.533923 
2.400746 
2.521004 
0.040415 
0.487098 
8.046880 
0.715427 
0.747796 
9.201021 
0.313260 
2.241612 
2.006377 
2.649142 
2.638408 
2.289686 
2.955781 
0.027470 
0.611100 
7.668117 
1.854518 
1.531115 
1.352627 
3.673963 
2.315603 
2.049237 
1.043336 
1.583948 
0.638638 
0.715584 
0.537198 
4.524228 
4.319695 
1.140803 
0.056276 
0.790893 
1.446619 
0.411169 
0.497002 
0.117344 
2.596190 
3.472980 
2.133201 
1.104201 
1.608270 
0.685595 
2.380062 
0.236936 
2.222371 
2.195278 
0.473188 
0.071959 
6.347355 
2.026976 
4.335638 
3.505153 
4.535772 
6.306204 
0.030141 
0.985544 
0.192048 
3.319833 
0.139094 
0.345351 
1.072647 
2.238778 
3.969138 
0.098540 
0.017461 
0.196528 
7.523775 
1.049066 
0.182573 
0.744396 
0.761572 
0.926554 
2.620823 
15.769246 
2.231661 
0.723871 
3.546143 
9.756452 
0.189172 
3.677403 
0.675585 
3.662887 
3.407408 
9.122910 
1.088914 
0.727497 
0.050168 
0.846003 
0.227865 
3.265290 
2.472478 
10.027399 
0.702288 
3.800109 
0.822543 
0.450638 
1.921114 
0.721088 
1.512273 
1.396461 
0.232905 
1.629385 
0.634875 
0.715693 
4.200703 
1.824200 
6.838532 
3.201688 
1.773790 
2.062680 
3.429010 
3.832970 
0.715304 
1.776876 
0.770959 
0.315519 
4.565403 
1.585263 
0.650785 
0.563608 
1.143669 
2.001658 
0.381695 
0.143630 
2.233162 
1.141146 
2.140326 
10.554747 
0.412661 
1.120531 
0.539115 
0.444670 
1.477112 
1.639621 
0.604609 
2.589479 
1.016721 
4.815260 
4.460663 
0.918559 
0.916077 
0.402497 
2.859362 
2.107910 
3.339867 
5.074035 
1.523802 
3.885701 
2.059791 
0.342026 
4.315072 
5.948575 
1.140021 
0.751819 
0.520893 
2.529794 
4.951911 
3.470234 
1.779464 
0.596823 
0.633555 
0.504683 
0.731897 
2.404910 
0.552039 
4.250427 
0.253211 
2.228972 
4.511113 
0.926314 
1.235218 
0.263571 
0.390664 
0.464175 
0.264416 
1.034412 
5.498050 
1.452946 
5.541008 
0.925577 
1.653358 
5.640993 
2.408512 
0.795926 
6.412408 
0.317666 
0.698948 
0.153988 
1.282631 
1.185386 
1.302916 
2.870926 
3.754354 
0.366625 
0.081319 
2.150350 
3.360026 
2.121141 
1.153410 
2.616513 
0.496290 
1.003746 
0.244406 
0.807195 
0.984279 
1.813765 
2.118772 
1.562360 
2.126118 
4.640678 
4.175132 
0.265293 
3.842896 
1.564378 
1.084159 
0.205370 
0.393242 
0.035402 
4.225453 
4.643604 
0.683086 
2.560007 
0.089872 
1.473471 
5.193620 
2.377561 
2.512078 
2.441861 
2.284544 
14.304652 
3.658122 
1.009043 
0.050989 
0.152924 
0.433544 
1.224698 
0.788594 
1.365008 
1.738464 
0.632304 
1.651354 
1.685480 
0.201484 
2.277723 
2.271028 
2.015683 
0.842169 
8.283813 
4.496327 
0.711016 
0.900054 
2.219715 
0.752593 
2.374035 
2.281546 
6.259019 
4.151592 
1.204143 
0.470175 
0.072647 
1.518728 
5.290157 
2.453822 
0.549079 
10.097750 
0.341741 
3.951072 
0.185042 
0.540260 
1.585864 
1.652249 
3.973532 
0.250784 
2.333570 
4.002110 
3.406044 
4.645301 
2.329010 
5.034486 
8.016353 
2.253104 
0.059097 
0.889083 
2.613278 
4.027950 
8.612939 
1.102602 
3.334022 
2.158461 
0.051495 
0.480273 
5.969739 
1.275703 
2.650239 
0.405752 
0.228048 
0.395494 
1.633593 
4.894939 
8.991253 
1.280100 
0.550394 
0.983141 
2.737211 
0.614211 
0.516180 
0.353431 
1.109415 
2.746204 
1.199051 
2.739765 
2.556310 
1.012250 
0.669661 
0.644257 
1.657500 
0.330094 
0.260239 
1.897615 
0.680487 
0.416158 
0.763832 
0.838346 
4.246234 
4.736765 
0.788784 
1.710899 
1.302278 
6.564878 
0.261290 
0.910518 
1.804797 
0.334717 
0.036090 
1.638776 
0.289373 
0.017797 
4.554046 
3.064730 
0.661627 
4.126444 
2.955827 
0.215294 
0.563863 
0.106175 
7.370069 
0.462368 
0.152553 
0.724041 
3.435498 
2.114346 
1.999974 
7.014426 
0.255920 
2.519652 
3.185978 
3.820558 
4.766319 
