0.560855 
0.221971 
0.196552 
0.698442 
0.221878 
0.072889 
0.211776 
0.060142 
0.039315 
0.596604 
0.584962 
0.636627 
0.320579 
0.089640 
0.402910 
0.093652 
0.068949 
0.317942 
0.347750 
0.139154 
0.040393 
0.777282 
0.424524 
0.117209 
1.321973 
0.190883 
1.047399 
0.562780 
0.253339 
0.592026 
0.510053 
0.893149 
0.039502 
0.555540 
0.351678 
0.941823 
0.045113 
0.083792 
0.374310 
0.502397 
0.365412 
0.531453 
0.114607 
0.344039 
0.759564 
0.073834 
0.592785 
0.022575 
0.196810 
0.179734 
0.039751 
2.385259 
0.003624 
0.969214 
0.154459 
0.477857 
0.069996 
0.572861 
1.007871 
0.318023 
0.048535 
0.175122 
0.238431 
0.125263 
0.374538 
0.259183 
1.829305 
0.002164 
0.276174 
0.349704 
0.279844 
1.122034 
0.063570 
1.224375 
0.452749 
0.120739 
0.100401 
0.298874 
0.058741 
0.206084 
1.364491 
0.111175 
0.559200 
0.046296 
0.355254 
0.670037 
1.123383 
0.522840 
0.416500 
0.148015 
0.001903 
0.701306 
0.520316 
0.418988 
0.052222 
1.885741 
1.246100 
0.246117 
0.589493 
0.060021 
0.692177 
0.151196 
0.323303 
0.046929 
0.522716 
0.097025 
0.536329 
0.371702 
0.460078 
1.222768 
0.168919 
0.145419 
0.390815 
0.794681 
0.308084 
0.113171 
1.359013 
0.056845 
0.992764 
0.326510 
0.406976 
0.131630 
0.214930 
1.420015 
0.355557 
0.008093 
0.293617 
0.285806 
0.328855 
0.781053 
0.583085 
0.129398 
0.774652 
0.210078 
0.299746 
0.180523 
1.064796 
0.005671 
0.880443 
0.089403 
0.694887 
0.609455 
0.630944 
0.900997 
0.075737 
0.612715 
0.919150 
0.008879 
0.028593 
0.080934 
0.596814 
0.601846 
0.363287 
0.942092 
0.097613 
0.533794 
0.223276 
0.252271 
0.060394 
0.008316 
0.259059 
0.141165 
0.446540 
0.118147 
0.688465 
0.022202 
0.972347 
0.173930 
0.298891 
0.256748 
0.622901 
0.230645 
0.057545 
0.836839 
1.203654 
0.486445 
0.618333 
0.100139 
0.048542 
0.353253 
0.108200 
0.219114 
1.808633 
1.486788 
0.487655 
0.919481 
0.254402 
0.105281 
0.073342 
1.063314 
0.268221 
0.530202 
0.086254 
0.415647 
0.408399 
0.804930 
0.123454 
0.768086 
0.201334 
0.260701 
0.002464 
0.502866 
0.102482 
0.048305 
1.162757 
0.041984 
0.787515 
0.830656 
0.615518 
0.358909 
0.304464 
1.116498 
0.171742 
0.441372 
0.287722 
0.352407 
0.340499 
0.831304 
0.130871 
0.723239 
1.557477 
0.313737 
0.649431 
1.022159 
0.669825 
0.109461 
0.026073 
0.311212 
0.273111 
0.155842 
0.290273 
0.113739 
0.420970 
0.140831 
1.197904 
0.039151 
0.450794 
0.405227 
0.425715 
0.331552 
0.125393 
0.308530 
0.787478 
0.424547 
0.358132 
0.107544 
0.551766 
0.266738 
0.027180 
0.017102 
0.419211 
0.210627 
1.987652 
0.069585 
0.333974 
0.182274 
0.021096 
1.014846 
0.669680 
0.033834 
0.127867 
1.773750 
0.790825 
0.450683 
0.044152 
0.870358 
0.157764 
0.120623 
0.476176 
0.414295 
0.272224 
0.398238 
0.049436 
0.042455 
0.135975 
1.035924 
0.455162 
1.193926 
0.128937 
0.024613 
0.128061 
0.718291 
0.004721 
0.225690 
0.486960 
0.097449 
0.236695 
0.206051 
0.060004 
0.090061 
0.267541 
0.099808 
0.260057 
0.007356 
0.778516 
0.106048 
0.263914 
0.258835 
0.211042 
0.073512 
0.552479 
0.035823 
0.064666 
0.181691 
0.497807 
0.009010 
0.148454 
0.338155 
0.892094 
0.086047 
0.587796 
0.354888 
0.279595 
0.622108 
0.148618 
0.112241 
0.009314 
0.276383 
1.192264 
0.333811 
0.209461 
0.175246 
0.560787 
0.495345 
1.390787 
0.469872 
0.048239 
0.322286 
0.066872 
0.187540 
0.328193 
0.477701 
0.077514 
0.100065 
0.516624 
0.993218 
0.091834 
0.502635 
0.240504 
0.417255 
0.286349 
0.409604 
0.034244 
0.532129 
0.700733 
0.257910 
0.097738 
0.645540 
0.017793 
0.610091 
0.463452 
0.657652 
0.187115 
0.294348 
0.059742 
1.119483 
0.175701 
0.926899 
0.252376 
0.245893 
0.519964 
0.358855 
0.361915 
0.469667 
0.241918 
0.713359 
0.545420 
0.107189 
0.315812 
0.124216 
1.153719 
0.053238 
0.384140 
0.289817 
0.014257 
0.198212 
0.840617 
1.411802 
1.084278 
0.048759 
0.262459 
0.033644 
0.036620 
0.032206 
0.484916 
0.374248 
0.481294 
0.961466 
0.070440 
0.041376 
0.179799 
0.647648 
0.907305 
0.458433 
1.215594 
0.148892 
0.017957 
0.102418 
0.038010 
0.045298 
1.954537 
0.027692 
0.493497 
0.133999 
0.436271 
0.659631 
0.426913 
1.027171 
0.471451 
0.434654 
0.863815 
1.274648 
0.340491 
0.542183 
0.003590 
0.287935 
0.922022 
0.274492 
0.174746 
0.199749 
0.424139 
0.414949 
0.111285 
0.078673 
0.253876 
0.390562 
0.819411 
0.067477 
0.235682 
0.024485 
0.154585 
0.103357 
0.017614 
0.588477 
0.111922 
0.032393 
0.608177 
1.032801 
0.207790 
0.082287 
0.098054 
1.561188 
1.072581 
0.337225 
0.068623 
0.111564 
0.849910 
0.242844 
0.763512 
0.227754 
0.183560 
0.613013 
0.407859 
0.470896 
0.242029 
0.185010 
0.493960 
1.484825 
0.327030 
0.108393 
0.270462 
0.183163 
0.200849 
0.155925 
0.768028 
0.008382 
0.050200 
0.764603 
0.183640 
0.906389 
0.338561 
0.078222 
0.095450 
0.463985 
0.764053 
0.818063 
0.430108 
1.432435 
0.138775 
0.008117 
0.251146 
0.082007 
0.693553 
0.511058 
0.570151 
0.179705 
0.157260 
0.090579 
0.311806 
0.849815 
1.256237 
0.042600 
0.397266 
0.001576 
0.269916 
0.619893 
0.172684 
0.022687 
0.556048 
1.195414 
0.355402 
0.184221 
0.040070 
0.769977 
0.127719 
0.325210 
0.345024 
0.136558 
0.033325 
0.017211 
1.021678 
0.077484 
0.085702 
0.134796 
0.089991 
0.078895 
1.980715 
0.970875 
0.499951 
0.022320 
0.270664 
0.425525 
0.653820 
0.411912 
0.694976 
0.239164 
0.014529 
0.071327 
0.456767 
0.357547 
0.102139 
0.078011 
0.029480 
0.014186 
0.340896 
1.304137 
0.423449 
0.355823 
0.374005 
0.485936 
0.206522 
0.683689 
0.160193 
0.728360 
0.526878 
0.432118 
0.590569 
0.373007 
0.116091 
0.263396 
0.140121 
0.144180 
1.064764 
1.008208 
0.523362 
0.385244 
0.099458 
0.101725 
1.189020 
0.128528 
0.673050 
1.144069 
0.051681 
0.243682 
0.723937 
0.857914 
0.160082 
0.601036 
1.089556 
0.198003 
0.359069 
0.118339 
0.531779 
0.953982 
0.272414 
0.394873 
0.458005 
0.092917 
0.067952 
1.241722 
0.687850 
0.175907 
0.214629 
0.438648 
0.159372 
0.015255 
0.741649 
0.237568 
0.256063 
0.564776 
0.066211 
0.182065 
0.330731 
0.128781 
0.215583 
0.656417 
0.078005 
0.792932 
0.084121 
0.357525 
0.750826 
0.199997 
0.915839 
0.318101 
0.345601 
0.260200 
0.048513 
0.307067 
0.323223 
0.400723 
0.330732 
0.136086 
0.082968 
0.014981 
0.011926 
0.794089 
0.012586 
0.048433 
0.384848 
0.825598 
0.127220 
0.328404 
0.343873 
0.947191 
0.037062 
0.409764 
0.277137 
0.464469 
0.112663 
0.067330 
0.169869 
0.022226 
0.726743 
0.275544 
0.202376 
0.370034 
1.795680 
0.226631 
1.063196 
0.051506 
0.057019 
0.047544 
0.085788 
0.068781 
0.511567 
0.553615 
0.076529 
0.551993 
0.959466 
0.136042 
0.979269 
0.385457 
0.410364 
0.317304 
0.299126 
0.055804 
0.509728 
0.021924 
0.055771 
0.314398 
0.205898 
0.169019 
0.006110 
0.368666 
0.100161 
0.677656 
0.150685 
0.026690 
0.115654 
1.705223 
0.239530 
0.214313 
1.460414 
1.536196 
0.266409 
0.015999 
0.091878 
0.062631 
1.049131 
0.119769 
0.330376 
0.582379 
0.136401 
0.237212 
0.133946 
0.037196 
0.433377 
0.520954 
1.622037 
0.197714 
0.128308 
0.101511 
0.034177 
0.085506 
0.611751 
0.005338 
0.216440 
0.328592 
0.013436 
0.820944 
0.430441 
0.559390 
0.041868 
0.336469 
0.307445 
0.851019 
0.070741 
0.277444 
0.033405 
0.022839 
0.430784 
0.448623 
0.956201 
0.169693 
0.142863 
0.875651 
0.052118 
0.106954 
0.053624 
0.299049 
0.367874 
2.125119 
0.513021 
0.723398 
0.040403 
0.114323 
0.584309 
0.177290 
0.126122 
0.290154 
0.769822 
0.140998 
0.692906 
0.715050 
0.851479 
0.302417 
0.966334 
0.077654 
1.378237 
0.048170 
0.007871 
0.364875 
0.475659 
2.216863 
0.394650 
0.078223 
0.110451 
0.034383 
1.634451 
1.505186 
0.160644 
0.160646 
0.201596 
0.021280 
0.024960 
0.441523 
0.389045 
0.726095 
1.466577 
0.040309 
0.582625 
0.518745 
0.286557 
0.844324 
0.234823 
0.093495 
0.007032 
0.652136 
0.365891 
0.615328 
0.785294 
0.279134 
0.101173 
0.117456 
0.345438 
0.367691 
1.090105 
1.334068 
0.679171 
0.079389 
0.491939 
0.030266 
1.709404 
0.045962 
0.158253 
0.982488 
0.453380 
0.693129 
0.294948 
0.057200 
0.341361 
0.126170 
1.320357 
0.541115 
0.163816 
0.849540 
0.317072 
0.063874 
0.377763 
0.133628 
0.469154 
0.562460 
0.059698 
0.181588 
0.004278 
0.241938 
0.141968 
1.689711 
0.157191 
0.135402 
0.025960 
0.078055 
0.342171 
0.479995 
0.219324 
0.015319 
0.206124 
1.278438 
0.260204 
0.094306 
0.248437 
0.633762 
0.366240 
0.407018 
1.019724 
0.309922 
0.489581 
0.831333 
0.231777 
0.301914 
0.012580 
0.833779 
0.369109 
0.368104 
0.737831 
0.461752 
0.116968 
0.318891 
0.261377 
0.434043 
0.093206 
0.379876 
0.451625 
1.292244 
0.038839 
0.017134 
0.949071 
0.518795 
0.032774 
0.089522 
0.572210 
0.152926 
0.286130 
0.075468 
0.383195 
0.158761 
0.023034 
0.090117 
0.172558 
0.428956 
0.218446 
1.139101 
0.317463 
0.305265 
0.326731 
0.525631 
0.272477 
1.201648 
0.157202 
0.358523 
1.047626 
0.259749 
0.156900 
0.060641 
0.582075 
0.133162 
0.862237 
0.032910 
0.169223 
0.306128 
0.157922 
0.472566 
0.044814 
0.092122 
0.067310 
0.420162 
0.215090 
0.799660 
0.540144 
0.471117 
0.152654 
0.651516 
0.214495 
0.211495 
0.118227 
0.133850 
0.116186 
0.212035 
0.252995 
0.066075 
0.378134 
0.164079 
0.039745 
0.587350 
0.103006 
0.724701 
0.107466 
0.130050 
0.161275 
0.693881 
0.085387 
0.683402 
0.041519 
0.428729 
0.061481 
0.221927 
0.159020 
0.122108 
1.214815 
0.438670 
0.405937 
0.266420 
0.130900 
0.461000 
0.110530 
0.338488 
0.782662 
0.331518 
0.429666 
0.404382 
0.565528 
0.989278 
0.669456 
0.137206 
0.043919 
0.137578 
2.251677 
0.576023 
0.774471 
0.134461 
0.152422 
0.116865 
0.188919 
0.120709 
0.138597 
0.730103 
0.650143 
0.952296 
0.530829 
0.115373 
0.128213 
0.199110 
0.318402 
0.119155 
0.556203 
0.355660 
0.662796 
0.291485 
0.492677 
0.080886 
0.073797 
0.292903 
0.091844 
0.021944 
0.902866 
0.440376 
0.350969 
0.343589 
0.868894 
0.053836 
0.055752 
0.745230 
0.196657 
0.266241 
0.230920 
0.320106 
0.153531 
0.334553 
0.828875 
0.055563 
0.030681 
0.666307 
1.412041 
0.113267 
1.425426 
0.269405 
1.110699 
0.397568 
0.503735 
0.451569 
0.091096 
0.304412 
0.986664 
0.080011 
0.464804 
0.443121 
0.862627 
0.010646 
0.611810 
0.337251 
0.384395 
0.388395 
0.281187 
0.509165 
0.198984 
0.176685 
0.071360 
0.741249 
0.566196 
0.662806 
0.366496 
1.063727 
0.561370 
0.621833 
0.744084 
0.551411 
0.481871 
0.100245 
0.297167 
0.150777 
0.436011 
0.050492 
0.239507 
0.913629 
0.682038 
0.305332 
0.772689 
0.095451 
0.525385 
0.477472 
0.111509 
0.078194 
0.122706 
0.062907 
0.410198 
0.013219 
0.106619 
0.319055 
0.339306 
0.306349 
0.393774 
0.246110 
0.362421 
0.114887 
0.107840 
0.030462 
0.247941 
0.484678 
0.392370 
0.193819 
0.093883 
0.461165 
0.235012 
0.347164 
2.332829 
0.086038 
0.248295 
0.392847 
0.927125 
0.226620 
0.449256 
0.363634 
0.600008 
0.085594 
0.483827 
0.968305 
0.675451 
1.185836 
0.025389 
0.087796 
0.555152 
0.263649 
0.583894 
0.127566 
1.241181 
0.551959 
0.324311 
0.838999 
0.220102 
0.489762 
0.055799 
0.306014 
0.046524 
1.059525 
0.687503 
0.478459 
0.764100 
0.073216 
0.376582 
1.729981 
0.720974 
0.009028 
0.010841 
0.354452 
1.417535 
0.199940 
0.243777 
1.591346 
0.198069 
0.113610 
0.383166 
0.780369 
0.355381 
1.739041 
0.107214 
0.158599 
0.313694 
1.408159 
0.059665 
0.086372 
0.324681 
0.572884 
0.063767 
0.801179 
0.347742 
0.063026 
0.730644 
0.305900 
0.897322 
0.182560 
0.322862 
0.923400 
0.238518 
0.118056 
0.007416 
0.135221 
0.504710 
0.178643 
0.087143 
0.052350 
0.410306 
0.453111 
0.077370 
0.150033 
0.317342 
0.114824 
0.135203 
0.090010 
0.725210 
0.634537 
0.180778 
0.433569 
0.245914 
0.088178 
0.193006 
0.229074 
0.183875 
0.013458 
0.544760 
0.031344 
1.849853 
0.274422 
0.881272 
0.072257 
0.456187 
0.600104 
0.043415 
0.510307 
0.880301 
0.299122 
0.016778 
0.972683 
0.408977 
0.374975 
0.418375 
0.027686 
0.244361 
0.080019 
1.214730 
0.265480 
0.056794 
0.037244 
0.232582 
0.118369 
0.413908 
0.495143 
0.274106 
0.115017 
0.123298 
0.053663 
1.008088 
0.146139 
0.144931 
0.357438 
0.169634 
0.460055 
0.415890 
0.113296 
0.837944 
0.703612 
0.574928 
0.692142 
0.017937 
0.220548 
0.192523 
0.022054 
0.069647 
0.483914 
2.255299 
0.185327 
1.810157 
0.537088 
0.002095 
0.444321 
0.331166 
0.101879 
0.806800 
2.663865 
0.444328 
0.430611 
0.085728 
0.060666 
0.413909 
0.515625 
0.134330 
0.227688 
0.675787 
0.378261 
0.207736 
0.777448 
0.448393 
0.572357 
0.664626 
0.190585 
0.129726 
0.452011 
0.096209 
0.153530 
0.306102 
0.712614 
0.188868 
1.249846 
0.599251 
2.081931 
0.112651 
0.617708 
0.316805 
0.034294 
0.378106 
0.858631 
1.214428 
0.742399 
0.260164 
0.162416 
0.152605 
0.225829 
2.041910 
0.282998 
0.013578 
0.266469 
0.155433 
0.015137 
0.078693 
0.074172 
0.166465 
0.263030 
0.204489 
0.161714 
1.110920 
0.104307 
0.113747 
0.886808 
0.232533 
0.049964 
0.127894 
0.682116 
0.055992 
0.220709 
0.111996 
0.183885 
0.150051 
0.012507 
1.232018 
0.168962 
0.249113 
0.942361 
0.159731 
0.007366 
0.111924 
0.057754 
0.160383 
0.050716 
0.334573 
0.112205 
0.875037 
0.065561 
0.426735 
0.169006 
0.429498 
0.091458 
0.196612 
0.172559 
0.472793 
0.017383 
0.490466 
0.793770 
0.066030 
0.013561 
0.708972 
2.769663 
0.226597 
0.045868 
0.947609 
0.632573 
0.087703 
0.437095 
0.238744 
0.226028 
0.464823 
0.998143 
0.000721 
0.315877 
0.288079 
0.708302 
0.050964 
0.300951 
0.046286 
0.093683 
0.078050 
0.204961 
0.030131 
0.779384 
0.330284 
0.031587 
0.101584 
0.222178 
0.153123 
0.018651 
0.220978 
0.455656 
0.391275 
0.050906 
0.225330 
0.085758 
0.070165 
0.391129 
0.708425 
0.006452 
0.208656 
0.311936 
0.192616 
0.233007 
0.058824 
0.173647 
1.049114 
0.090127 
0.446516 
1.003623 
0.335309 
0.332198 
0.026959 
0.352359 
0.541698 
0.510581 
0.053615 
0.087528 
0.881097 
0.160660 
0.631500 
0.615545 
0.725567 
0.135480 
0.173500 
1.587257 
0.985964 
0.363362 
0.073834 
0.648809 
0.473403 
1.079258 
0.213576 
0.020885 
0.462249 
0.773212 
0.254098 
0.308934 
0.427772 
0.169697 
0.202159 
0.064326 
0.233933 
0.394735 
0.296816 
0.169862 
0.791965 
0.244106 
0.216409 
0.669291 
1.315369 
0.297815 
0.077247 
0.071582 
0.244692 
0.438313 
0.390304 
0.602699 
0.409565 
0.276453 
0.214149 
0.001144 
0.774178 
0.254845 
1.435917 
0.382911 
0.566228 
0.055817 
0.074792 
0.330042 
0.423378 
0.322396 
0.092956 
0.239216 
0.103850 
0.525980 
0.248331 
0.221015 
0.332324 
0.181734 
0.784016 
0.598083 
0.862788 
0.725865 
0.184322 
0.519454 
0.492153 
0.516806 
0.008285 
0.099855 
1.649610 
0.146663 
0.153298 
1.886209 
0.064218 
0.459530 
0.411307 
0.543074 
0.540874 
0.469386 
0.605935 
0.005631 
0.125275 
1.571964 
0.380176 
0.313879 
0.277289 
0.753162 
0.474699 
0.420094 
0.213884 
0.324709 
0.130921 
0.146695 
0.110126 
0.927467 
0.885537 
0.233865 
0.011537 
0.162133 
0.296557 
0.084290 
0.101885 
0.024055 
0.532219 
0.711961 
0.437306 
0.226361 
0.329695 
0.140547 
0.487913 
0.048572 
0.455586 
0.450032 
0.097003 
0.014752 
1.301208 
0.415530 
0.888806 
0.718556 
0.929833 
1.292772 
0.006179 
0.202037 
0.039370 
0.680566 
0.028514 
0.070797 
0.219893 
0.458949 
0.813673 
0.020201 
0.003579 
0.040288 
1.542374 
0.215059 
0.037428 
0.152601 
0.156122 
0.189944 
0.537269 
3.232695 
0.457491 
0.148394 
0.726959 
2.000073 
0.038780 
0.753868 
0.138495 
0.750892 
0.698519 
1.870197 
0.223227 
0.149137 
0.010284 
0.173431 
0.046712 
0.669384 
0.506858 
2.055617 
0.143969 
0.779022 
0.168621 
0.092381 
0.393828 
0.147823 
0.310016 
0.286275 
0.047746 
0.334024 
0.130149 
0.146717 
0.861144 
0.373961 
1.401899 
0.656346 
0.363627 
0.422849 
0.702947 
0.785759 
0.146637 
0.364260 
0.158047 
0.064681 
0.935908 
0.324979 
0.133411 
0.115540 
0.234452 
0.410340 
0.078247 
0.029444 
0.457798 
0.233935 
0.438767 
2.163723 
0.084596 
0.229709 
0.110518 
0.091157 
0.302808 
0.336122 
0.123945 
0.530843 
0.208428 
0.987128 
0.914436 
0.188305 
0.187796 
0.082512 
0.586169 
0.432122 
0.684673 
1.040177 
0.312379 
0.796569 
0.422257 
0.070115 
0.884590 
1.219458 
0.233704 
0.154123 
0.106783 
0.518608 
1.015142 
0.711398 
0.364790 
0.122349 
0.129879 
0.103460 
0.150039 
0.493007 
0.113168 
0.871338 
0.051908 
0.456939 
0.924778 
0.189894 
0.253220 
0.054032 
0.080086 
0.095156 
0.054205 
0.212054 
1.127100 
0.297854 
1.135907 
0.189743 
0.338938 
1.156404 
0.493745 
0.163165 
1.314544 
0.065122 
0.143284 
0.031567 
0.262939 
0.243004 
0.267098 
0.588540 
0.769642 
0.075158 
0.016670 
0.440822 
0.688805 
0.434834 
0.236449 
0.536385 
0.101740 
0.205768 
0.050103 
0.165475 
0.201777 
0.371822 
0.434348 
0.320284 
0.435854 
0.951339 
0.855902 
0.054385 
0.787794 
0.320698 
0.222253 
0.042101 
0.080615 
0.007257 
0.866218 
0.951939 
0.140033 
0.524801 
0.018424 
0.302062 
1.064692 
0.487400 
0.514976 
0.500581 
0.468331 
2.932454 
0.749915 
0.206854 
0.010453 
0.031349 
0.088877 
0.251063 
0.161662 
0.279827 
0.356385 
0.129622 
0.338528 
0.345523 
0.041304 
0.466933 
0.465561 
0.413215 
0.172645 
1.698182 
0.921747 
0.145758 
0.184511 
0.455042 
0.154282 
0.486677 
0.467717 
1.283099 
0.851076 
0.246849 
0.096386 
0.014893 
0.311339 
1.084482 
0.503033 
0.112561 
2.070039 
0.070057 
0.809970 
0.037934 
0.110753 
0.325102 
0.338711 
0.814574 
0.051411 
0.478382 
0.820432 
0.698239 
0.952287 
0.477447 
1.032070 
1.643352 
0.461886 
0.012115 
0.182262 
0.535722 
0.825730 
1.765652 
0.226033 
0.683474 
0.442485 
0.010556 
0.098456 
1.223796 
0.261519 
0.543299 
0.083179 
0.046750 
0.081076 
0.334887 
1.003462 
1.843207 
0.262421 
0.112831 
0.201544 
0.561128 
0.125913 
0.105817 
0.072453 
0.227430 
0.562972 
0.245805 
0.561652 
0.524044 
0.207511 
0.137281 
0.132073 
0.339787 
0.067669 
0.053349 
0.389011 
0.139500 
0.085312 
0.156586 
0.171861 
0.870478 
0.971037 
0.161701 
0.350734 
0.266967 
1.345800 
0.053564 
0.186656 
0.369983 
0.068617 
0.007398 
0.335949 
0.059321 
0.003648 
0.933579 
0.628270 
0.135633 
0.845921 
0.605945 
0.044135 
0.115592 
0.021766 
1.510864 
0.094785 
0.031273 
0.148428 
0.704277 
0.433441 
0.409995 
1.437957 
0.052464 
0.516529 
0.653126 
0.783214 
0.977095 
0.215839 
2.108331 
0.608361 
0.409435 
0.305119 
0.481991 
0.530974 
0.830322 
1.454775 
0.189580 
0.177652 
0.852710 
0.738624 
0.019279 
0.002526 
0.102967 
0.373442 
0.221434 
0.329572 
0.008368 
0.331924 
0.023121 
0.351806 
0.055889 
0.577621 
0.888690 
0.136752 
0.572378 
0.006273 
0.091286 
0.546040 
1.241049 
0.266548 
0.000907 
0.061638 
1.185032 
0.107889 
0.374998 
0.010229 
0.051987 
0.282274 
0.061716 
0.486457 
1.064748 
0.822867 
0.127629 
0.788862 
1.191608 
0.037915 
0.322732 
0.264557 
0.144000 
0.540717 
1.333228 
0.266224 
0.031384 
0.282580 
0.223631 
0.949129 
1.246408 
0.023249 
0.291045 
0.703007 
0.144415 
0.497033 
0.365396 
0.251999 
0.041769 
0.907040 
0.270098 
0.408612 
0.038341 
0.232548 
0.262072 
0.498249 
0.206248 
0.007271 
0.223535 
0.384397 
0.420877 
1.035221 
0.186608 
0.164258 
0.005637 
0.293910 
0.197576 
0.628516 
0.257266 
0.053311 
0.124648 
0.009572 
0.761146 
0.153494 
0.287191 
0.620424 
0.059309 
0.344630 
0.157143 
1.022130 
0.504624 
0.159719 
0.480378 
0.133469 
1.309356 
0.266001 
0.136509 
0.388720 
0.453949 
0.310808 
0.528481 
0.647855 
0.418693 
0.590920 
0.001956 
1.720619 
0.051814 
0.121279 
0.495545 
0.213154 
0.613568 
0.539315 
0.341032 
0.206849 
0.955305 
0.603108 
0.270327 
0.284731 
0.359712 
0.102554 
0.228010 
0.206688 
1.101598 
0.280139 
0.023335 
0.784506 
0.541419 
0.431140 
0.613405 
0.110089 
0.566491 
0.746176 
0.459911 
0.526423 
0.278549 
0.032171 
0.191994 
0.272861 
0.023212 
0.030112 
0.063216 
0.293940 
1.497940 
0.491691 
0.002652 
0.186292 
0.056692 
0.232169 
0.432757 
0.866583 
0.505286 
0.110474 
0.679282 
0.018167 
0.247631 
0.555077 
0.460630 
0.149625 
1.148937 
0.145784 
0.042856 
0.036280 
0.152309 
0.026872 
0.117184 
0.082673 
0.077486 
0.114836 
0.425078 
0.150072 
0.414497 
0.284065 
1.062584 
0.111903 
0.252625 
1.319451 
0.116298 
0.870335 
0.093366 
0.683039 
0.137108 
0.091747 
0.799571 
0.099275 
0.160368 
0.479136 
0.274800 
0.685549 
0.460515 
0.616143 
0.141788 
0.547208 
0.346685 
0.337256 
0.510449 
0.343313 
1.557564 
0.391193 
0.705417 
0.011056 
0.077185 
0.017357 
0.455755 
1.149746 
0.151514 
0.333195 
0.101747 
0.395651 
0.725463 
0.335760 
0.525690 
0.073434 
0.038235 
0.283748 
0.224395 
0.019695 
0.123514 
0.445697 
0.374306 
0.422229 
0.550977 
0.023850 
0.663663 
0.331955 
0.393361 
1.343726 
1.054673 
0.514365 
0.341001 
0.745212 
0.124307 
0.473399 
0.839621 
0.502361 
0.068195 
0.186048 
0.618082 
1.125113 
0.141440 
0.431309 
0.087588 
0.836120 
0.049647 
0.607852 
0.924059 
0.133007 
0.136459 
0.072695 
0.556645 
0.114763 
0.212150 
0.133894 
0.317196 
0.266547 
1.768487 
1.715630 
0.009555 
0.062627 
0.648210 
0.417718 
0.182444 
0.301164 
0.147415 
0.782671 
0.381729 
0.453036 
0.068356 
1.243026 
0.206909 
0.206608 
1.182800 
0.058509 
0.066044 
0.297500 
0.995297 
0.551650 
0.114271 
0.060932 
0.004038 
0.540143 
0.449782 
0.649015 
0.224450 
0.174808 
0.011419 
0.420918 
0.301804 
0.813148 
0.036717 
0.521532 
0.411931 
0.045379 
1.242984 
0.153871 
0.054180 
0.268616 
0.058577 
0.355088 
1.180020 
0.560987 
0.647270 
0.491759 
0.790808 
0.338629 
0.202368 
0.204215 
0.282505 
0.923171 
0.245829 
0.130764 
0.410992 
2.104256 
0.643843 
0.383519 
0.309588 
0.126608 
0.073833 
0.545855 
1.157930 
0.224616 
0.135790 
0.277670 
0.651741 
0.143872 
0.020916 
0.876258 
0.025005 
0.192282 
0.879544 
0.908350 
0.177505 
1.540838 
1.166789 
0.561406 
0.073874 
0.057928 
0.279613 
0.073761 
0.137466 
0.529872 
0.268609 
1.736362 
0.424815 
0.261677 
0.064378 
0.129534 
0.984604 
0.323914 
0.279904 
0.081391 
0.066438 
0.126376 
0.082657 
0.389826 
0.095869 
0.142222 
0.157369 
0.114409 
0.217782 
1.075594 
0.331261 
1.338964 
0.297315 
0.119145 
0.251937 
0.534123 
0.037907 
0.115873 
0.537439 
0.889852 
0.531119 
0.282538 
0.333940 
0.580101 
0.445589 
0.048228 
0.067083 
0.561687 
0.037558 
0.095998 
0.267394 
0.040458 
0.136800 
0.084903 
0.468422 
0.085786 
0.024098 
0.197822 
0.004379 
0.339060 
0.050261 
0.021639 
0.019889 
0.729289 
0.072530 
0.022250 
0.607861 
1.568945 
1.027156 
0.412657 
1.861502 
0.438443 
0.235664 
0.406934 
0.427091 
0.282028 
0.028687 
0.592359 
1.147083 
0.464053 
0.563338 
0.118933 
1.161343 
0.480937 
0.192761 
0.071789 
0.360858 
0.543293 
0.053825 
0.555796 
0.136409 
0.478646 
0.106912 
0.674098 
0.119766 
0.260253 
0.132167 
0.178605 
0.087076 
0.969088 
0.722356 
0.599867 
0.768901 
0.294177 
0.503773 
0.053387 
2.046527 
0.643667 
0.042734 
0.345138 
0.143305 
0.470600 
0.364288 
0.671950 
0.089277 
0.463141 
0.461302 
0.124985 
0.092771 
0.201780 
0.446958 
0.003410 
0.100040 
1.108819 
0.266476 
0.256008 
0.320759 
0.342131 
1.701783 
0.107367 
0.077402 
0.220897 
0.532552 
0.325167 
0.579971 
0.188978 
0.623584 
0.326089 
0.775456 
0.193082 
0.180895 
0.559751 
0.850158 
0.524538 
0.014600 
1.549225 
0.872383 
0.107739 
0.912717 
0.621598 
0.521299 
1.268822 
0.717113 
0.403959 
0.136086 
0.080137 
1.114787 
0.530830 
0.118930 
0.750129 
0.667999 
0.371182 
0.019871 
0.059681 
0.599282 
0.143744 
0.184726 
0.145350 
0.414654 
0.747689 
0.500029 
2.956386 
0.361235 
0.056952 
0.530540 
1.804592 
1.250768 
0.336102 
0.900786 
0.096029 
0.248958 
0.233791 
0.167048 
0.184453 
0.066001 
0.011154 
0.036537 
1.312907 
0.226168 
1.672209 
0.227930 
0.289143 
0.207799 
0.201453 
0.259966 
0.009680 
0.069021 
0.014360 
0.245846 
0.446703 
0.284335 
0.249068 
0.913497 
0.104765 
0.686090 
0.748974 
0.087934 
0.149665 
0.021395 
0.335647 
0.465019 
0.279074 
1.581646 
0.036421 
0.395720 
0.975722 
0.094758 
0.090848 
0.194314 
0.801769 
2.320816 
0.284295 
0.434473 
0.157949 
0.236125 
0.130029 
0.499860 
1.216585 
0.207202 
0.424777 
1.062067 
0.433198 
0.077322 
0.485375 
0.183895 
0.344191 
0.326546 
0.147849 
0.123316 
0.451437 
0.203623 
0.555334 
0.204076 
0.017577 
0.150208 
0.281884 
0.038295 
0.557930 
0.616416 
0.627093 
0.769798 
0.063676 
0.421150 
1.113903 
0.167197 
0.232013 
0.014465 
0.418503 
1.235799 
1.600363 
1.052210 
1.676836 
0.396635 
0.083911 
0.368832 
1.814380 
0.687691 
0.056967 
0.112593 
2.063998 
0.333280 
0.573135 
0.477384 
0.048581 
1.984164 
0.012264 
0.145040 
0.501849 
1.803640 
0.263195 
1.480575 
0.822755 
0.436726 
0.107838 
0.003390 
0.204217 
0.333895 
1.066617 
0.336955 
0.141650 
0.576702 
0.452900 
0.151063 
0.636446 
1.480461 
0.552123 
0.140419 
1.379248 
0.323548 
0.471346 
0.141295 
0.235059 
0.456908 
0.261186 
0.302474 
0.003626 
0.000276 
0.155566 
0.619767 
0.091228 
0.737728 
1.554640 
1.038601 
0.217240 
0.842909 
0.012101 
0.637730 
0.041034 
0.421319 
0.219616 
0.021650 
0.246283 
0.279976 
0.449389 
0.219703 
0.059569 
0.625052 
0.465485 
0.418187 
0.140478 
0.461399 
0.329649 
0.242249 
0.173690 
0.033172 
0.120199 
0.521604 
0.254495 
0.130991 
0.208371 
0.300654 
0.121654 
0.055975 
0.753263 
0.173293 
0.218306 
0.328967 
1.065890 
0.175847 
0.698089 
0.622016 
0.267943 
0.683444 
0.227267 
1.021165 
0.232442 
2.129465 
0.504848 
2.148439 
1.073992 
0.621064 
0.992138 
0.128590 
0.456683 
0.240854 
0.401652 
0.844196 
0.600613 
1.050383 
0.101523 
0.251837 
0.293327 
0.488206 
0.601897 
0.027700 
2.036718 
0.011073 
0.784144 
0.318890 
0.240565 
0.014468 
0.551396 
0.310922 
1.063444 
0.861750 
0.412623 
0.263188 
0.693512 
0.211456 
0.146247 
0.215478 
0.116423 
0.523700 
0.266371 
0.097967 
0.078814 
0.116062 
0.357425 
0.049242 
0.019030 
0.128534 
1.651376 
0.368268 
0.346046 
0.156041 
0.047207 
0.903253 
0.220359 
0.804142 
0.522081 
1.104611 
0.853042 
0.315351 
0.299208 
0.548712 
0.599670 
1.638976 
0.209048 
0.081878 
0.286166 
0.930721 
0.526392 
0.057906 
0.511382 
0.341273 
0.482972 
0.055289 
0.138843 
2.781250 
1.438267 
0.284559 
0.024579 
1.216336 
0.844201 
0.654125 
0.075838 
0.102590 
0.338351 
0.208788 
0.650839 
0.555184 
0.667216 
0.140973 
0.030672 
0.241626 
0.087372 
0.524354 
1.179651 
0.929217 
0.169343 
0.635953 
0.481927 
1.011718 
1.507945 
0.087704 
0.511442 
0.130511 
0.032332 
0.243757 
0.296585 
0.563393 
0.707077 
0.081644 
0.428274 
0.346933 
1.118713 
0.139279 
0.582395 
0.242168 
0.286627 
0.142253 
0.105898 
0.532043 
0.800731 
1.401910 
0.688549 
0.483026 
0.674548 
0.684702 
0.066965 
0.390519 
0.083656 
0.029524 
0.546114 
0.560358 
0.104978 
0.357076 
0.059511 
0.564155 
0.525193 
0.284205 
0.654064 
0.443485 
1.189698 
0.657588 
0.751580 
0.165979 
0.074653 
0.652027 
0.475306 
0.247001 
0.391485 
0.238536 
0.463061 
0.393064 
0.148957 
0.912849 
0.185703 
0.622445 
0.166479 
0.732951 
0.208575 
0.321020 
0.260832 
0.771348 
0.755001 
0.452523 
0.079863 
0.452323 
0.249295 
1.261498 
0.046001 
0.575113 
0.472373 
0.384930 
0.085866 
0.541378 
0.093970 
0.296785 
0.510274 
0.280908 
1.219240 
1.564700 
0.047211 
0.015741 
0.013117 
0.092136 
0.366716 
0.394454 
0.050396 
1.228612 
0.202984 
0.622263 
0.494738 
0.305617 
0.204752 
0.812397 
0.774388 
0.593854 
0.182081 
1.530995 
0.220719 
0.262632 
0.692121 
0.880367 
0.737224 
0.336404 
0.171343 
0.948953 
0.112066 
0.344138 
0.372231 
0.221226 
0.379027 
0.817173 
0.472546 
0.769322 
0.069730 
0.340019 
0.142012 
0.113129 
0.434367 
0.680680 
1.289593 
0.228065 
0.458265 
0.479813 
0.045137 
0.034209 
0.221237 
0.822605 
0.718258 
0.609982 
0.456332 
0.520877 
0.045457 
0.670005 
0.462906 
0.332157 
0.148312 
0.280165 
0.364250 
0.067932 
0.110214 
0.438829 
0.815676 
0.148604 
0.749926 
0.259079 
0.528326 
0.018415 
0.071316 
0.146954 
0.445044 
0.351136 
0.256810 
0.061355 
1.487198 
0.063337 
0.569529 
2.390764 
0.461578 
1.064755 
0.895220 
0.466495 
1.065144 
0.032138 
0.050420 
0.688480 
0.074138 
0.082543 
0.698458 
0.316740 
0.768027 
0.005104 
1.034337 
0.253957 
0.221681 
0.252108 
0.290899 
0.919593 
1.217338 
1.711574 
0.266943 
0.240986 
0.414655 
0.776292 
0.320318 
0.140802 
0.047475 
0.462267 
0.033784 
0.195834 
0.350465 
0.623535 
0.048698 
0.132810 
0.240584 
0.265306 
0.202579 
0.459515 
0.231880 
1.059193 
0.631629 
0.974178 
0.167082 
0.139598 
0.016963 
0.083137 
0.499580 
0.336767 
0.946397 
0.790395 
0.044245 
0.131015 
0.045898 
0.003945 
1.275578 
0.126200 
0.830028 
0.195538 
0.024482 
0.094925 
0.379395 
0.771833 
0.841561 
1.174709 
0.225618 
1.963463 
0.063506 
0.487956 
0.433318 
0.868250 
1.222252 
0.126569 
1.860656 
0.138263 
0.018309 
0.002711 
0.609661 
0.490953 
0.879053 
0.310377 
0.242707 
0.564818 
0.356783 
0.049136 
0.097599 
0.145176 
0.405062 
0.055421 
1.849899 
0.291583 
0.451826 
0.486924 
0.604295 
0.430831 
0.176000 
0.888970 
0.373987 
0.203228 
0.891937 
0.252116 
0.501788 
0.117060 
0.184235 
0.244668 
0.045440 
0.091464 
0.370443 
0.654634 
0.209601 
0.628730 
0.181280 
0.890780 
0.028121 
0.052741 
0.508280 
0.921925 
0.029920 
0.733697 
0.290497 
0.621353 
0.294916 
0.268686 
0.417346 
0.767067 
1.336074 
1.566316 
0.339767 
0.625491 
0.367837 
0.191673 
0.113963 
0.366791 
0.852825 
0.227021 
0.043090 
0.547784 
0.621604 
0.605767 
0.240146 
0.259656 
0.135650 
0.191191 
0.789669 
0.600245 
0.232306 
0.746553 
0.079284 
0.064845 
0.399097 
0.221317 
0.595524 
0.216828 
1.065973 
0.375951 
0.434057 
0.210862 
0.557263 
0.574298 
0.252656 
0.429072 
0.030437 
0.288439 
0.056916 
0.245455 
0.785712 
0.008525 
0.781291 
0.094263 
0.024377 
0.070785 
2.562451 
0.328247 
0.463802 
0.221326 
1.491340 
0.412535 
0.070189 
0.225369 
0.042726 
0.126305 
0.010370 
0.568348 
0.991185 
0.640143 
1.013947 
0.492497 
1.364185 
0.633740 
0.212101 
0.036648 
0.056637 
0.259579 
0.384591 
0.569193 
0.346902 
0.194735 
0.359208 
0.395736 
0.074401 
0.072742 
0.178994 
0.291313 
0.104981 
0.437948 
0.266450 
1.000051 
0.747766 
0.098492 
0.048885 
0.028050 
0.206626 
0.197766 
0.365427 
1.642525 
0.024851 
0.251394 
0.466752 
0.142866 
1.371896 
0.010511 
0.195475 
0.236298 
0.119160 
0.955745 
0.306247 
0.422611 
0.165864 
0.014379 
0.099172 
0.006122 
0.039043 
0.402639 
0.016808 
0.034184 
0.253413 
0.204793 
0.872173 
0.092442 
0.397371 
0.414032 
0.334770 
0.661623 
1.163084 
0.880640 
0.062442 
0.126681 
0.170796 
0.059373 
0.760512 
0.117285 
0.143211 
1.350448 
0.109447 
0.399160 
0.206089 
0.029900 
0.031412 
0.330090 
0.309922 
0.491194 
0.812297 
0.136870 
0.110353 
0.004468 
0.067083 
0.559169 
0.620751 
0.037626 
0.566851 
0.318839 
0.277573 
0.617309 
0.978398 
0.163898 
0.051715 
0.470180 
0.055850 
0.189149 
0.091976 
0.182391 
0.046543 
0.376988 
0.399417 
0.189234 
0.212527 
0.268918 
0.340161 
0.749233 
0.952470 
0.225747 
0.021644 
0.110572 
0.816032 
0.144766 
0.725197 
0.493678 
0.283736 
0.084860 
0.120144 
0.014785 
0.142907 
0.072880 
0.040019 
1.254891 
0.298833 
0.162028 
0.389195 
0.096712 
0.388010 
0.199394 
0.483317 
0.268014 
0.153260 
1.078441 
2.051083 
0.022839 
0.424600 
0.177274 
0.769443 
1.013036 
0.323093 
0.095897 
0.079407 
0.134955 
0.870469 
0.809988 
0.088630 
0.152536 
0.274778 
0.179307 
0.646547 
0.352665 
0.020639 
0.054276 
1.065159 
0.053037 
0.192091 
1.470793 
0.945467 
0.024848 
0.162576 
0.547754 
0.253493 
0.072252 
0.285632 
0.000999 
0.992629 
0.023997 
0.268880 
0.597448 
0.699634 
0.147793 
0.460268 
0.266317 
0.028456 
0.985423 
0.360355 
0.077647 
0.496372 
0.302610 
0.464550 
0.149548 
0.541187 
0.049483 
0.663936 
0.603089 
0.151294 
0.169095 
0.022777 
0.097018 
0.280192 
0.064475 
0.456671 
0.139022 
0.111460 
0.434986 
0.368828 
1.049890 
0.438030 
0.402939 
0.418180 
0.082347 
0.100739 
0.178986 
0.133136 
0.043388 
0.519934 
0.111787 
0.767014 
0.401052 
0.398589 
0.327599 
0.558124 
0.677801 
0.241229 
0.072135 
0.265854 
0.062695 
0.084321 
0.129965 
0.639040 
0.219183 
0.421263 
0.365070 
1.439439 
1.137457 
0.171745 
0.574728 
0.652046 
0.764333 
0.423754 
0.010063 
0.275936 
0.373687 
0.246627 
0.106261 
0.108202 
0.250713 
0.326238 
0.381195 
0.016067 
0.879893 
0.338135 
0.294370 
0.354149 
0.548340 
0.592852 
0.488387 
0.011750 
0.700084 
0.423669 
0.631209 
0.099184 
0.216382 
0.063628 
1.330570 
0.116737 
0.226023 
0.333639 
0.138931 
0.361210 
0.505050 
0.220476 
0.420178 
0.422386 
0.018332 
1.131446 
0.795200 
0.365686 
0.160023 
0.053437 
0.612355 
0.352809 
0.321015 
0.194087 
0.021151 
0.029128 
0.364293 
0.866353 
0.349100 
1.175286 
0.599858 
0.583425 
0.408881 
0.066486 
1.207181 
0.168075 
0.179314 
1.363576 
0.904661 
0.618469 
0.244196 
0.243590 
0.560837 
0.106611 
0.144100 
0.416343 
1.467346 
1.490873 
0.057338 
0.277250 
0.017169 
0.138215 
0.424438 
2.143845 
1.053883 
0.113955 
0.163548 
0.298921 
0.029057 
0.940968 
0.351717 
0.357892 
0.051723 
1.454063 
0.309055 
1.694803 
0.472414 
0.058977 
0.651919 
0.626112 
0.054690 
0.667210 
0.115675 
0.402351 
0.402156 
0.391634 
0.631688 
0.226916 
0.415538 
0.001808 
1.373441 
0.119086 
0.421429 
0.008251 
0.768084 
0.189412 
0.005299 
0.713480 
0.376529 
0.055755 
1.470360 
0.215920 
1.284687 
0.517108 
0.310980 
0.015823 
0.140265 
0.273722 
0.079606 
0.002561 
0.419873 
0.072785 
0.696118 
0.010067 
0.446314 
0.058573 
0.240660 
0.095861 
0.007352 
0.477320 
0.141957 
0.420926 
0.422612 
0.177313 
0.887433 
0.193455 
1.063820 
0.011773 
0.554872 
0.284950 
0.022912 
0.244356 
0.021930 
0.172675 
0.642803 
0.532665 
0.683142 
0.036846 
0.315629 
0.660157 
1.305759 
0.210269 
0.097361 
0.373397 
0.463525 
0.586298 
1.004339 
0.040779 
0.087235 
0.075334 
0.009955 
0.072251 
0.257101 
0.290023 
0.088401 
0.602647 
0.064176 
0.082548 
1.560908 
0.456209 
0.026530 
0.046268 
0.336154 
0.719997 
0.050440 
0.332602 
0.223351 
0.122059 
0.241090 
1.760613 
0.398711 
0.238829 
0.193570 
0.797667 
0.035859 
0.280370 
0.752241 
0.444105 
0.336771 
1.378206 
0.028281 
0.104572 
0.475013 
0.479213 
0.251821 
0.069324 
0.294776 
0.476368 
0.040310 
0.603730 
0.169320 
0.081323 
0.814581 
0.071341 
0.067949 
0.756699 
0.465599 
0.062397 
0.469289 
0.295772 
0.327697 
0.330158 
0.596768 
0.162969 
0.344153 
0.834019 
0.863089 
0.168270 
0.427885 
1.399223 
0.089097 
0.522472 
0.224570 
0.084660 
0.370277 
0.012787 
0.035140 
0.268073 
0.349146 
0.555027 
0.065406 
0.111062 
0.095546 
0.628575 
1.617575 
0.815099 
0.028738 
0.533651 
0.708574 
0.042170 
0.543265 
0.689185 
0.329819 
0.337659 
1.356960 
0.026775 
0.292817 
0.263004 
0.767326 
0.370859 
0.496545 
0.419743 
0.115576 
0.333337 
0.639517 
0.304392 
0.307551 
1.056672 
1.310177 
0.798642 
0.636543 
0.682292 
0.278028 
0.111895 
0.094743 
0.478496 
0.159859 
0.346862 
0.473263 
0.054654 
0.301939 
0.297664 
0.082337 
0.881791 
0.416472 
0.887368 
0.030011 
0.143591 
1.088611 
0.447805 
0.454148 
0.107606 
0.474970 
0.060382 
0.349995 
0.352527 
0.437080 
0.111238 
0.501829 
0.549152 
0.282164 
0.849188 
0.515829 
0.431708 
0.946177 
1.277549 
0.793956 
0.116130 
0.466665 
0.071286 
0.131251 
0.063617 
0.352116 
0.290639 
0.423657 
0.385612 
0.049561 
0.426727 
0.107230 
0.704845 
0.717701 
0.689112 
2.879497 
0.010345 
0.576058 
0.090484 
0.220854 
0.506391 
0.228640 
0.077736 
0.562904 
0.563364 
0.307129 
0.578176 
0.239087 
0.130852 
0.112361 
0.583486 
0.109439 
0.191009 
0.082732 
0.055229 
0.055658 
0.277415 
0.266027 
0.766722 
0.629983 
0.227148 
0.043181 
0.038900 
0.147805 
0.002719 
0.043162 
0.194971 
0.375775 
0.598278 
0.544442 
0.393365 
0.015221 
0.290191 
0.362004 
0.087407 
0.845070 
0.168965 
0.306651 
0.261781 
0.208319 
0.111337 
0.689543 
0.138979 
2.117441 
1.100100 
0.150161 
0.072015 
0.178261 
0.029647 
0.211540 
0.182264 
0.643049 
0.721948 
0.920637 
0.275590 
0.187986 
0.046850 
0.726204 
0.534825 
0.960452 
0.076334 
0.041053 
0.191952 
0.215410 
0.391805 
0.273668 
0.014577 
0.015026 
0.668537 
1.001474 
1.037816 
0.795403 
0.625717 
0.380202 
1.224456 
0.744690 
0.636465 
0.059561 
0.299423 
1.824634 
0.625740 
0.682191 
0.503557 
0.306436 
0.147367 
0.273174 
0.436180 
0.300819 
0.292640 
0.997863 
2.224666 
0.016371 
0.884972 
0.587385 
0.337390 
0.055702 
0.021416 
0.180595 
0.720302 
0.131685 
0.018351 
0.469453 
0.428406 
0.270974 
0.087235 
0.072218 
0.174634 
0.186614 
0.284675 
0.232511 
0.394614 
0.393337 
0.361184 
0.130707 
1.166330 
0.431772 
0.694014 
0.088333 
0.302242 
0.260219 
0.308602 
0.119887 
0.079763 
0.150586 
0.110110 
0.213026 
0.429469 
0.623499 
0.644431 
0.392139 
0.559468 
0.995510 
0.294205 
0.138121 
0.922532 
0.487017 
1.056806 
0.193192 
0.087584 
0.532079 
0.123990 
0.036727 
0.027047 
1.278622 
0.668102 
0.224836 
0.276103 
0.044261 
0.909789 
0.617341 
0.093788 
0.361886 
0.082011 
1.486839 
0.571676 
0.892722 
0.047723 
0.518945 
0.696910 
1.364011 
0.310161 
0.148360 
0.865627 
1.422319 
0.309693 
0.142384 
0.011328 
0.003127 
0.474961 
0.008204 
1.595871 
0.085138 
0.282357 
0.759502 
0.589856 
0.452407 
0.384141 
0.304319 
0.044079 
0.070997 
0.155172 
0.534245 
0.244802 
0.061758 
0.084635 
0.549018 
0.026630 
1.189884 
0.099464 
0.218216 
0.212016 
1.725647 
0.092145 
1.001837 
0.098751 
0.263580 
0.131918 
1.403528 
1.617954 
0.073131 
0.491959 
0.162080 
0.026489 
0.290561 
0.031531 
0.044980 
0.150538 
0.874156 
0.832287 
0.347882 
0.369850 
1.137916 
0.297763 
0.058066 
0.221466 
0.162501 
0.437329 
0.566195 
0.647439 
0.057486 
0.558267 
0.154347 
0.308779 
0.449224 
0.068180 
0.840808 
1.577866 
0.656117 
0.485772 
0.170529 
0.989315 
1.167774 
0.037754 
0.310467 
0.082054 
0.201701 
0.464523 
1.246964 
0.063764 
0.577279 
0.249058 
0.449228 
0.094846 
0.016017 
1.024164 
0.357152 
0.235815 
0.047413 
0.227188 
0.019896 
0.059169 
0.369312 
1.625609 
0.077539 
0.018806 
0.277698 
0.194775 
0.378543 
2.265887 
0.049362 
0.221471 
0.233702 
0.117781 
0.340346 
0.059580 
0.077902 
0.183263 
0.005419 
0.481755 
0.558064 
0.083696 
0.198536 
0.025653 
0.174899 
0.260608 
1.574587 
1.045404 
0.191531 
0.359515 
0.803530 
0.085081 
0.392804 
0.097259 
0.139351 
0.766381 
0.403712 
0.273854 
1.249714 
0.294136 
0.918235 
0.014036 
0.394741 
0.374982 
0.593804 
0.866301 
0.154230 
0.121364 
0.130536 
0.727298 
0.175766 
0.425740 
1.000725 
0.116462 
1.159810 
1.705350 
0.304340 
0.288056 
0.180839 
0.132518 
0.623379 
0.517770 
0.100547 
0.089726 
0.263383 
0.005999 
0.048197 
2.991984 
0.394609 
0.320523 
0.059503 
0.240622 
0.173162 
0.959303 
0.416925 
0.387471 
0.665277 
0.423331 
0.808132 
0.391106 
0.244686 
0.286726 
0.155994 
0.604768 
0.034874 
0.257377 
0.329015 
0.658312 
0.675451 
1.230161 
0.333335 
0.588937 
0.524558 
0.125300 
0.527299 
0.224596 
0.675193 
0.982612 
0.058822 
0.142332 
0.293890 
1.564831 
0.105349 
0.169781 
0.454071 
0.080864 
0.210752 
0.020364 
0.190973 
0.122544 
0.090398 
0.357962 
0.160897 
0.169704 
0.352164 
0.173639 
0.512729 
0.210444 
0.294635 
0.843808 
0.550578 
0.626218 
0.028203 
0.115974 
0.861679 
0.135379 
0.198725 
0.689476 
0.603621 
0.156912 
0.257939 
0.754973 
0.270764 
0.577025 
1.005848 
0.226968 
0.833879 
0.057063 
0.450090 
0.000408 
0.523657 
1.684941 
0.055860 
0.523687 
0.161335 
0.254016 
0.516664 
0.186852 
0.464234 
0.057731 
0.264262 
1.210865 
0.118120 
1.451758 
0.657914 
0.307266 
0.216969 
0.158789 
0.709345 
0.508181 
0.517058 
1.217245 
0.636018 
0.117556 
0.417447 
0.173454 
0.546719 
0.138929 
0.309472 
0.011497 
0.569098 
0.369121 
0.675690 
0.739643 
1.102015 
0.443009 
0.158378 
0.192724 
0.093494 
0.004717 
0.130621 
0.179756 
0.463094 
0.023282 
0.689213 
0.602481 
0.352063 
0.365192 
0.010583 
0.123448 
0.437914 
2.024864 
0.370858 
0.476942 
0.248348 
0.654421 
0.410575 
0.509926 
0.198726 
0.742556 
0.301085 
0.569293 
0.365425 
1.156370 
0.395123 
0.348920 
0.652610 
0.330898 
0.162705 
0.146485 
0.102635 
2.537690 
0.310319 
0.162563 
0.190627 
0.163877 
0.327363 
0.197849 
0.480092 
0.428122 
0.203013 
0.289897 
0.424908 
0.730494 
0.279050 
0.263135 
0.446053 
0.298804 
0.565383 
0.221464 
0.139542 
0.217899 
0.563026 
0.007047 
0.209596 
0.463120 
0.206589 
0.260216 
0.259665 
0.275007 
0.067877 
0.175506 
0.478512 
0.307537 
0.432440 
0.186060 
0.034834 
1.500341 
0.112601 
0.115474 
0.220176 
0.257394 
1.083743 
0.330082 
0.198045 
0.408629 
0.175055 
0.434833 
0.227242 
0.160004 
0.358691 
0.649524 
0.499734 
0.229473 
0.501854 
0.019622 
0.209568 
2.017945 
0.323955 
0.119633 
0.211149 
0.605582 
0.509143 
0.057702 
0.241378 
0.326974 
0.097159 
0.027423 
0.193985 
0.254449 
0.122015 
0.047999 
0.643611 
0.404793 
0.009421 
0.675538 
0.414649 
0.592661 
0.800155 
0.392857 
0.017188 
0.012086 
0.097530 
0.021818 
2.098987 
0.291497 
1.120099 
2.012494 
0.975329 
0.513345 
0.402806 
0.375126 
0.052671 
0.092427 
0.049696 
0.338821 
0.717957 
0.411558 
0.290736 
0.372011 
0.639987 
0.348173 
0.509918 
0.139345 
0.438822 
0.614346 
0.822044 
0.540595 
0.402094 
0.446376 
1.531495 
0.966413 
0.268236 
0.024533 
0.080384 
0.124813 
0.002297 
0.860444 
0.036042 
0.206567 
1.030066 
0.170629 
0.407197 
0.421091 
0.028646 
0.081852 
0.411808 
0.120423 
0.352872 
0.414652 
0.684145 
0.769634 
0.050579 
0.349379 
0.704401 
0.341251 
0.150628 
0.236615 
0.329664 
0.523139 
0.024770 
0.154113 
1.284725 
0.628858 
0.277654 
0.241714 
0.087546 
0.256398 
0.046862 
0.136703 
0.156058 
0.342629 
0.714084 
1.213724 
0.172287 
0.176529 
0.003599 
0.957250 
0.291338 
0.542803 
0.610106 
0.701600 
0.915661 
0.585070 
0.789838 
0.617888 
0.078822 
0.305715 
0.145388 
0.507136 
0.145364 
0.008044 
0.313113 
0.850626 
0.058878 
0.129761 
0.514050 
0.901656 
0.075253 
0.127245 
0.157862 
0.000031 
0.132492 
0.010626 
1.634033 
0.437410 
0.922744 
0.385100 
0.973556 
1.377706 
0.179628 
0.137452 
0.154967 
1.280326 
0.888457 
0.086423 
0.112715 
0.649195 
1.114236 
0.110072 
0.103106 
0.011594 
0.368618 
0.217294 
0.079110 
0.119639 
0.364057 
0.938999 
0.228479 
0.216549 
0.086968 
0.166385 
0.130910 
1.357944 
0.314240 
0.191880 
0.343910 
0.336580 
0.296109 
0.128020 
0.367495 
0.445087 
0.077647 
0.521139 
0.049769 
0.085904 
0.005251 
0.834383 
0.727939 
0.671423 
2.300298 
0.282684 
0.348420 
0.012774 
0.325623 
0.096518 
0.152413 
2.562798 
0.354121 
0.114390 
0.741789 
0.194011 
0.049915 
0.272171 
0.286183 
0.109967 
1.016606 
0.813037 
0.251703 
0.320977 
0.427557 
0.106738 
0.143929 
0.469852 
0.777895 
0.221096 
0.276897 
0.465166 
0.228568 
0.279339 
0.259940 
0.262297 
0.353446 
0.352451 
0.160479 
0.598295 
0.962147 
0.730252 
0.713226 
0.618597 
0.379714 
0.012856 
0.712509 
0.388687 
0.062927 
0.180928 
0.392750 
0.188957 
0.113666 
0.182227 
0.654054 
0.360030 
0.415520 
0.543622 
0.494239 
0.210871 
1.369631 
0.563224 
0.028971 
0.389198 
0.119756 
0.078520 
0.148631 
0.382383 
0.103956 
0.039011 
0.227637 
0.387173 
0.022395 
0.217028 
0.565919 
1.209124 
0.301212 
0.115238 
0.044536 
0.000961 
0.170656 
0.172563 
0.624629 
0.928705 
0.073103 
0.531802 
0.066347 
0.034677 
0.013959 
0.363790 
0.211033 
1.171447 
0.609385 
0.062499 
0.147426 
0.083737 
0.567590 
0.062604 
1.371879 
0.000459 
0.651570 
0.811993 
0.340961 
0.052076 
0.526841 
0.106285 
1.339484 
0.163751 
0.033790 
0.385953 
0.350656 
0.048503 
0.080253 
0.726696 
0.070376 
0.837805 
0.036753 
0.027153 
0.004641 
0.084665 
0.557978 
0.131313 
1.342730 
0.196930 
0.212467 
0.000954 
0.032935 
0.135144 
0.255230 
0.242954 
0.170781 
0.522917 
0.302187 
0.204790 
0.710155 
0.360110 
0.003682 
0.121462 
0.128237 
0.043662 
0.658158 
0.318846 
0.389319 
0.074878 
0.267220 
0.183879 
0.066750 
0.062400 
0.662771 
0.149270 
0.709911 
0.697071 
0.076885 
0.755121 
0.241216 
0.797733 
0.261670 
0.003011 
2.332015 
0.032574 
0.404382 
0.556763 
0.277424 
0.441016 
0.303128 
0.722546 
0.047054 
0.146162 
1.179150 
0.548796 
0.452126 
0.614388 
0.119942 
0.773174 
0.105784 
0.057568 
0.479990 
0.174342 
0.328985 
0.119124 
0.639701 
0.050455 
0.033144 
0.092136 
0.374489 
0.438082 
0.185861 
0.889704 
0.014666 
0.355431 
0.782159 
0.277478 
0.626187 
0.651475 
0.027239 
0.153637 
0.314477 
0.910033 
0.812443 
0.047271 
0.098037 
0.234164 
1.376147 
0.058051 
0.925303 
0.402378 
0.010484 
0.161886 
0.475374 
0.166735 
0.704917 
0.181846 
0.619934 
0.514417 
0.081931 
0.134646 
0.583645 
0.667770 
0.567850 
0.675911 
0.351193 
0.256707 
0.871535 
0.037298 
0.244662 
1.339496 
0.174654 
0.976450 
1.389626 
0.033729 
0.149228 
0.393467 
0.411453 
1.059136 
0.383997 
0.096680 
0.336838 
0.080704 
0.011491 
0.281129 
0.291861 
0.122300 
0.652510 
0.518469 
0.148659 
0.213131 
0.094968 
0.006294 
0.023439 
0.913842 
0.568413 
0.359888 
0.103026 
0.273531 
0.074952 
1.767728 
0.344073 
0.246589 
0.181571 
0.324533 
1.837430 
0.684938 
1.452472 
0.425829 
0.093794 
0.653591 
0.539314 
0.333820 
0.344506 
0.052529 
0.035357 
0.420636 
0.201281 
0.067153 
0.082279 
1.330324 
0.789108 
0.220066 
0.729105 
0.914518 
0.536452 
1.390899 
0.742531 
0.177605 
0.415895 
0.156676 
0.820035 
0.392020 
0.863858 
0.077942 
0.543944 
0.095195 
0.214449 
0.137942 
0.433716 
0.328778 
0.235268 
0.274019 
0.215714 
1.378523 
0.298949 
0.392756 
0.256586 
0.111289 
0.147439 
0.331518 
0.426848 
1.644146 
0.126908 
0.085158 
0.081138 
0.403260 
0.341095 
0.297408 
0.040153 
1.117616 
0.174500 
0.620691 
0.320332 
0.341506 
0.776622 
0.353407 
0.950986 
0.247166 
0.157978 
0.116715 
0.526119 
0.013548 
0.131713 
0.868681 
0.031724 
0.231339 
0.161337 
0.300096 
0.122137 
0.753733 
0.216445 
0.442129 
0.028323 
0.761683 
0.570668 
0.405145 
0.212259 
1.076196 
0.173228 
0.464341 
0.322734 
0.296690 
0.714795 
0.021305 
0.026138 
0.007316 
0.120967 
0.075129 
0.018862 
0.502849 
0.008566 
0.290488 
0.375475 
0.797133 
1.273135 
0.641158 
0.413466 
0.045871 
1.816614 
0.971257 
0.076148 
0.602596 
0.448407 
1.173689 
0.015652 
0.317035 
0.237357 
0.401272 
0.007813 
0.110993 
0.023904 
0.808373 
1.893801 
0.113938 
0.668946 
0.090156 
0.398545 
0.849795 
0.782874 
0.758599 
1.254655 
0.026910 
0.477312 
0.087727 
0.250610 
0.118848 
0.172704 
0.362693 
0.802572 
0.428196 
0.251393 
0.435451 
0.086913 
0.296085 
0.636620 
0.271271 
0.266197 
0.282833 
0.406619 
0.779897 
0.487431 
0.043870 
0.275672 
0.029918 
0.583715 
0.284932 
0.478770 
0.698799 
0.035966 
0.292811 
0.180689 
0.148514 
0.118420 
0.098442 
0.291155 
0.022819 
0.815324 
0.165045 
0.384382 
0.203573 
0.284143 
0.308655 
0.133425 
0.440702 
0.057808 
0.110870 
0.084554 
0.023999 
0.334202 
0.281483 
0.693318 
1.143312 
0.097777 
0.021935 
0.329047 
0.196846 
0.130586 
0.156944 
0.187352 
0.444333 
0.516802 
1.457772 
0.914964 
0.487496 
1.025464 
1.304422 
0.056741 
0.084422 
0.418365 
1.034510 
0.012476 
0.520103 
0.083230 
0.661809 
0.251971 
0.268405 
0.441082 
0.246073 
0.585087 
0.005774 
0.007354 
0.598781 
0.309222 
0.100518 
0.122437 
1.336838 
0.081759 
0.285372 
0.460546 
0.087738 
0.766689 
0.352439 
0.055023 
0.539229 
0.397851 
0.041314 
0.014767 
0.347936 
0.318722 
0.133441 
0.058263 
0.229895 
0.358754 
0.822054 
0.630996 
0.174455 
0.353487 
0.137904 
0.320970 
0.301010 
0.127834 
0.007857 
0.009683 
0.128097 
0.888292 
0.220869 
0.019043 
0.593189 
1.270818 
0.302386 
0.144118 
0.060892 
0.380251 
0.576051 
0.056929 
0.977113 
0.263627 
0.136941 
0.158015 
0.124734 
0.401072 
1.081292 
0.199055 
0.071797 
0.773952 
0.025383 
1.252602 
0.047133 
0.076982 
0.058390 
1.241238 
0.784686 
0.708333 
0.172253 
0.234774 
0.033360 
0.182007 
0.006378 
0.236308 
0.261916 
0.161409 
0.285924 
1.320457 
0.925968 
0.263284 
0.891418 
0.016812 
0.114714 
0.896406 
0.065444 
0.339924 
0.377174 
0.444774 
0.731380 
0.374747 
0.910268 
0.980768 
0.111077 
0.450440 
0.644485 
0.032342 
0.780757 
1.217609 
0.330425 
0.456910 
0.288455 
0.243706 
0.196489 
0.097398 
0.635393 
0.689604 
0.567532 
0.316936 
0.334945 
1.378074 
0.863682 
0.142973 
0.028173 
0.047061 
0.324145 
0.618152 
0.348163 
0.303625 
0.320895 
0.054693 
0.923415 
0.286318 
0.002332 
0.158214 
0.685945 
0.530376 
0.068297 
1.011242 
0.156724 
0.103369 
0.223556 
0.049995 
0.209247 
0.041150 
1.200333 
0.234732 
0.048207 
0.204327 
0.138864 
0.396878 
1.384162 
0.262897 
0.318608 
0.063223 
0.534509 
0.200644 
0.074205 
0.273867 
0.103304 
0.162954 
0.064145 
0.040862 
0.132400 
0.140069 
0.644238 
1.411326 
0.149023 
0.639241 
0.065617 
0.378673 
0.044730 
0.047688 
0.254166 
0.011496 
0.478607 
0.542129 
0.220280 
1.381258 
0.202647 
0.181051 
0.761928 
0.155351 
0.559792 
0.149108 
0.088407 
1.236716 
0.713924 
0.659529 
0.666979 
0.196610 
0.131783 
1.391473 
0.404587 
0.860419 
1.264979 
0.439579 
0.212323 
0.284307 
0.905205 
0.108868 
0.215719 
0.043135 
0.202111 
1.325898 
0.558089 
0.238453 
0.607128 
0.070205 
1.491427 
0.534543 
0.598497 
0.705946 
0.978910 
0.122563 
0.640317 
0.219430 
0.355884 
0.430574 
0.446010 
1.079605 
0.228007 
0.154616 
0.042716 
0.979172 
0.114762 
0.188954 
0.077182 
1.155415 
0.135815 
0.106866 
0.169552 
0.263602 
0.543509 
0.262833 
0.064407 
0.143003 
1.208246 
0.410567 
0.369170 
0.386512 
0.290654 
1.214895 
0.716285 
0.514238 
0.036065 
0.106528 
0.453999 
0.099417 
0.908686 
0.788682 
0.818946 
0.339294 
0.155320 
0.885520 
0.179323 
0.098674 
1.447712 
1.404245 
1.133037 
1.537336 
0.355151 
0.014290 
0.486448 
0.696138 
0.078083 
0.292866 
0.252148 
0.208216 
0.475577 
1.167007 
0.125743 
0.041574 
0.457916 
0.008482 
0.058840 
1.048080 
1.004539 
0.661128 
0.944662 
0.598859 
0.126728 
0.596168 
0.360047 
1.098847 
0.642637 
0.149678 
0.240742 
0.029645 
0.166988 
0.561148 
0.258008 
0.174229 
0.298337 
0.285607 
0.277807 
0.427374 
0.365398 
0.277985 
0.172373 
0.466576 
2.075928 
0.486891 
0.177923 
0.038773 
0.349998 
0.415822 
0.108206 
0.376083 
0.710795 
0.104688 
0.186703 
0.683313 
0.218602 
0.477663 
0.473310 
0.533403 
0.025737 
0.370162 
0.056840 
0.550414 
0.014453 
0.069226 
0.056865 
0.387404 
0.545609 
0.135298 
1.798700 
1.439561 
0.037253 
0.598741 
0.065349 
0.120232 
0.516391 
0.089413 
0.073970 
0.237713 
0.621745 
0.019116 
0.389151 
0.285973 
1.393813 
0.748508 
0.051818 
0.224128 
0.496114 
0.186874 
0.117251 
0.123400 
0.088939 
0.301021 
0.268678 
0.246761 
0.102546 
0.079356 
0.332878 
0.244730 
0.299062 
0.773424 
0.619453 
0.185804 
0.211064 
0.500638 
0.188754 
0.005084 
0.055091 
0.073395 
0.527938 
0.432210 
0.032087 
0.076713 
1.890949 
0.036826 
0.625227 
0.113592 
0.020814 
1.167368 
0.053353 
0.556442 
0.045800 
0.218655 
1.205800 
0.178250 
0.578955 
0.110054 
0.436290 
0.027289 
0.106954 
0.048435 
0.469525 
0.363473 
0.017593 
1.047214 
0.069047 
1.006529 
0.713497 
0.528199 
0.385644 
0.400867 
0.621988 
0.106378 
1.046060 
0.262059 
0.218635 
0.262897 
0.308454 
0.201144 
0.524604 
0.650440 
0.209039 
1.323541 
1.067539 
0.183131 
0.319466 
0.141706 
0.194288 
0.085928 
0.621301 
0.018144 
0.332664 
0.319533 
0.322721 
0.125387 
0.165485 
0.431820 
0.288453 
0.217334 
0.055315 
0.091752 
0.004879 
0.658813 
1.065820 
0.059154 
0.032860 
0.253886 
0.756839 
0.362737 
0.376402 
0.014944 
0.351874 
0.152623 
1.072123 
0.085528 
0.265606 
0.708937 
0.550652 
0.356455 
0.264588 
1.369611 
0.518048 
0.233238 
0.277779 
0.025195 
0.503785 
0.126714 
0.171838 
0.124400 
0.285755 
0.286837 
0.351045 
0.913521 
0.166392 
0.268727 
0.287625 
0.386065 
0.179243 
0.041456 
0.141675 
0.267261 
0.121454 
0.009317 
0.410081 
0.133888 
0.189322 
0.469446 
0.334178 
0.028356 
0.044409 
0.155818 
0.788005 
0.684323 
0.101085 
0.249415 
0.405641 
1.351188 
0.182646 
0.681041 
0.606597 
0.091386 
0.008063 
0.155222 
0.059408 
0.033544 
0.149982 
0.034844 
0.163984 
0.286369 
0.016201 
0.079693 
1.312105 
0.036189 
0.928035 
0.151394 
0.071472 
0.475727 
0.825850 
0.421584 
0.140679 
0.315879 
0.319446 
1.035108 
2.051934 
0.139436 
0.167173 
0.608019 
0.243848 
0.357492 
0.129820 
0.248226 
0.023780 
0.031459 
0.175950 
0.335637 
0.281200 
1.547907 
0.423379 
0.329337 
0.515058 
0.452607 
0.161110 
0.110556 
0.194295 
0.195529 
0.672809 
0.012761 
0.019828 
0.244369 
0.175281 
0.470873 
0.061383 
1.230975 
0.099776 
0.230064 
0.319387 
0.687973 
0.138678 
0.083633 
0.139782 
0.223432 
0.082083 
0.195357 
0.239713 
0.359383 
0.387616 
0.049208 
0.738972 
0.207456 
1.094812 
0.206004 
1.550086 
0.476140 
0.079544 
1.082081 
0.492086 
0.885306 
0.171825 
0.960974 
0.104498 
0.170357 
0.125787 
0.230122 
0.939027 
0.320003 
0.200390 
0.592458 
0.900532 
0.021560 
1.362540 
0.184650 
0.152690 
0.716372 
0.166256 
0.571251 
0.339142 
0.362103 
0.827557 
1.297698 
0.365255 
0.035790 
0.968869 
1.713315 
0.349255 
0.442593 
0.310967 
0.644470 
1.222677 
0.065723 
0.159230 
0.042282 
0.909474 
0.191423 
0.728327 
0.280927 
0.174832 
0.458239 
0.178139 
0.715974 
0.276606 
0.371939 
0.373216 
0.474428 
0.067194 
0.377871 
0.018534 
0.754263 
0.822062 
0.728969 
1.218414 
0.115535 
0.145415 
0.292774 
0.390536 
0.240583 
0.239598 
1.349414 
0.440545 
1.124084 
0.350931 
0.993782 
0.118463 
0.308984 
0.390745 
0.576636 
0.001250 
0.067042 
0.152846 
0.111389 
0.222712 
0.012555 
0.829733 
0.621652 
0.093145 
0.370996 
1.413255 
0.723769 
0.492841 
0.090659 
0.066733 
0.308627 
0.539541 
0.023806 
0.034994 
1.426003 
0.098104 
0.363739 
0.315544 
0.080655 
0.196797 
0.009665 
0.349131 
0.274718 
0.036605 
0.278140 
0.351069 
0.154374 
0.146917 
0.381261 
0.046411 
0.639038 
0.210207 
0.472292 
0.328753 
1.776133 
0.062932 
0.306822 
0.661742 
1.021996 
0.118409 
0.800661 
0.337818 
0.696073 
0.478170 
0.074444 
0.421599 
0.299847 
0.184860 
0.645451 
0.137895 
0.135166 
0.047226 
0.354951 
0.353693 
0.764804 
0.417670 
0.422883 
0.152324 
0.271698 
0.290596 
0.605013 
0.198584 
0.119441 
0.305622 
0.280150 
0.130923 
0.185333 
0.062638 
0.083688 
0.061107 
0.101582 
0.186070 
0.164264 
0.087844 
0.165697 
0.266104 
0.281067 
0.111172 
0.408107 
0.239730 
1.830762 
0.484946 
1.521045 
0.328040 
0.795906 
0.565456 
0.074496 
0.230060 
0.254665 
0.006357 
0.363574 
0.582225 
0.593001 
0.059618 
0.294245 
0.034804 
0.696162 
0.178395 
0.396331 
0.241072 
0.352304 
0.615446 
1.058817 
0.397589 
0.013957 
0.288238 
0.021478 
0.599565 
1.708136 
0.147045 
0.124857 
0.175201 
0.332653 
0.177928 
0.104086 
0.111442 
0.038313 
0.212815 
0.292443 
1.395054 
0.314019 
0.077390 
0.002876 
0.273071 
0.265477 
0.022853 
0.087679 
0.824774 
0.569777 
0.316034 
0.263373 
0.685651 
0.256044 
0.167223 
0.060024 
0.991895 
0.198146 
0.091222 
0.436289 
0.022617 
0.009475 
1.102974 
0.164902 
0.489275 
0.028836 
0.261167 
0.047930 
0.133581 
0.143466 
0.162006 
0.003779 
0.092161 
0.221117 
1.752842 
0.108632 
2.475312 
0.826500 
0.088377 
1.270228 
0.231876 
0.759678 
0.933322 
0.495570 
0.509981 
0.014004 
0.188355 
0.457347 
0.191459 
0.562356 
0.020830 
0.345036 
0.270234 
0.309009 
0.047370 
0.817866 
0.326154 
0.020917 
1.090116 
1.940171 
1.413411 
0.013469 
0.069422 
1.007495 
0.101363 
0.174127 
0.649325 
0.011751 
0.775065 
1.304634 
0.275530 
0.046944 
0.137440 
1.259920 
0.051387 
0.685157 
0.441672 
0.477157 
0.095330 
0.595190 
0.094607 
0.134202 
0.424139 
0.421409 
0.543167 
0.558755 
0.238918 
0.211682 
0.723713 
0.149849 
0.142149 
0.105651 
0.948806 
0.424998 
0.061046 
0.017935 
0.169273 
0.901693 
0.167554 
0.078334 
1.764059 
0.319809 
0.552572 
0.030911 
0.304271 
0.070369 
0.431614 
0.332328 
0.226516 
0.098445 
0.365395 
0.239006 
0.227087 
0.452950 
1.749334 
0.103856 
0.965456 
0.582754 
2.612343 
0.128391 
0.498605 
0.529982 
0.520235 
0.508265 
0.520171 
1.408649 
0.625876 
0.009423 
0.887440 
0.217646 
0.440398 
0.861902 
0.207243 
0.429139 
0.017144 
0.147260 
0.228491 
0.480713 
0.313024 
0.081982 
1.738829 
0.045337 
0.228844 
1.313913 
0.042923 
0.318779 
0.188779 
0.438763 
1.193993 
0.222727 
0.212628 
1.236552 
0.280214 
0.388207 
0.290566 
0.074042 
1.004701 
0.193440 
0.310781 
0.094203 
0.044721 
0.670639 
0.565474 
0.181250 
0.047028 
0.187522 
0.036962 
0.924138 
0.393986 
0.625058 
0.532561 
0.427543 
0.008565 
0.261604 
0.353998 
0.051138 
0.735719 
0.160241 
0.078691 
0.032839 
0.420377 
0.353070 
0.025247 
0.534520 
0.288341 
0.066639 
0.136013 
0.017876 
0.023719 
0.502238 
0.453069 
0.368061 
0.051054 
0.594059 
0.164099 
0.444587 
0.112517 
0.374690 
1.371581 
0.347338 
0.023612 
0.349623 
0.036828 
0.837352 
0.460083 
0.003491 
0.284418 
0.073259 
0.039657 
0.293164 
0.224638 
0.669024 
0.710384 
0.118880 
0.158187 
0.024383 
0.194896 
0.508517 
0.499124 
0.013214 
0.022734 
0.342790 
0.485853 
0.181351 
0.560644 
0.096736 
0.200628 
0.578540 
0.037706 
0.537273 
0.019443 
0.228174 
0.115239 
0.060351 
0.269475 
0.209956 
0.291768 
0.205060 
0.302789 
0.089347 
1.351122 
0.122302 
0.762235 
0.135818 
0.144505 
0.145672 
0.875551 
0.415366 
0.245954 
0.032810 
0.347712 
0.400171 
0.015198 
0.377166 
0.313391 
0.085188 
0.073969 
0.202969 
0.215904 
0.350895 
0.131790 
0.067160 
0.204602 
0.062101 
0.125006 
0.734934 
1.376450 
0.341200 
0.197266 
0.992729 
0.225247 
0.099188 
0.316506 
0.222564 
0.290108 
1.044532 
0.354025 
0.373879 
0.396803 
0.668545 
1.549161 
0.703780 
2.391393 
0.570447 
0.189279 
0.344499 
1.962029 
0.434770 
0.313845 
0.775027 
0.521672 
0.114941 
1.055964 
0.566819 
0.100197 
1.294014 
0.084573 
0.467075 
0.321783 
0.564459 
0.836399 
0.379588 
1.927624 
0.188187 
0.163985 
0.306732 
0.018275 
0.474194 
0.063272 
0.264035 
0.030349 
0.071057 
0.198940 
0.112651 
0.632146 
0.241599 
0.349337 
0.033959 
1.838978 
0.308069 
1.154792 
0.580440 
0.015697 
0.152033 
0.120995 
0.008774 
0.763275 
1.002303 
0.837492 
0.224552 
0.589656 
0.520253 
1.000330 
0.749037 
0.385819 
0.230448 
0.303534 
0.587171 
0.258891 
0.410395 
0.004372 
0.130971 
0.647949 
0.233903 
1.061882 
0.034958 
0.396929 
0.575415 
0.524357 
1.529568 
0.006547 
0.108618 
0.331400 
0.273856 
2.489395 
0.102893 
0.104504 
0.307484 
0.396274 
0.332805 
0.051656 
0.346795 
0.280260 
0.341140 
0.153718 
0.712197 
0.180907 
0.024458 
0.134470 
0.334733 
0.057363 
0.200999 
0.027754 
0.021340 
0.220348 
0.356835 
2.712117 
0.264074 
0.978715 
0.302419 
1.075683 
0.701020 
0.370785 
0.257733 
0.175738 
0.946915 
1.362443 
0.101479 
0.027470 
0.070834 
0.490283 
0.362590 
0.046060 
1.022152 
0.622627 
1.372401 
0.576025 
0.804759 
0.132189 
0.009710 
0.176997 
0.250308 
0.320943 
0.008378 
1.222849 
0.290015 
0.016487 
0.226803 
1.342921 
0.463162 
1.279893 
0.044676 
0.052257 
0.114691 
0.077726 
0.196894 
0.271067 
0.071487 
0.080513 
0.372193 
0.642078 
0.306374 
0.045992 
0.232719 
0.245772 
1.899186 
0.213347 
0.269169 
0.976264 
0.124818 
0.066036 
0.106986 
0.056118 
1.162452 
0.184752 
1.599566 
0.125567 
0.645902 
0.050520 
0.247215 
0.223865 
0.250835 
0.121883 
0.042497 
0.747912 
0.082523 
0.053760 
0.212263 
0.011011 
0.193920 
0.651498 
0.122612 
0.141112 
0.055249 
0.740535 
1.215148 
0.184354 
0.353516 
0.628693 
0.010867 
0.377263 
0.050492 
0.225517 
0.375009 
0.090754 
0.136601 
0.154958 
0.524305 
0.196672 
0.793127 
0.169191 
0.464743 
0.800328 
0.402744 
0.436323 
0.313854 
0.007598 
0.367744 
0.681905 
0.275020 
0.230732 
0.066865 
0.063767 
0.793018 
0.482891 
0.044180 
0.879901 
0.374157 
0.084770 
0.109888 
0.236445 
0.408687 
0.098137 
0.436848 
1.231266 
0.679932 
0.054163 
0.916943 
0.196395 
0.706482 
0.727119 
0.045730 
0.754951 
0.171330 
0.330654 
0.796732 
0.377758 
0.087593 
0.011386 
0.153346 
0.164229 
0.106577 
0.100660 
0.743066 
1.123071 
0.924711 
0.036114 
0.042509 
0.122300 
0.646084 
0.437046 
0.568932 
0.944778 
0.112209 
0.009544 
0.522251 
0.865746 
0.335855 
0.227254 
0.378605 
0.002757 
0.419236 
0.616067 
0.370802 
0.560577 
0.297020 
0.197917 
0.212767 
0.170177 
0.198866 
0.197630 
0.059501 
0.200994 
1.290479 
1.859482 
0.604051 
0.182695 
0.046347 
0.246762 
0.115813 
0.896442 
0.154308 
0.247434 
0.160795 
0.293383 
0.695450 
0.003218 
0.218691 
0.685630 
0.148313 
0.303834 
0.400991 
0.478008 
0.038912 
0.555039 
0.132713 
0.335203 
0.431424 
0.756807 
0.194631 
1.139646 
1.075934 
0.341110 
0.618426 
0.022319 
0.245463 
0.011901 
0.734167 
0.528380 
0.433669 
0.865251 
0.045965 
0.231889 
0.060421 
1.294412 
0.872110 
0.929290 
0.428603 
0.155209 
0.610086 
0.411472 
0.098035 
0.180133 
0.397195 
0.915215 
0.658698 
1.618843 
0.827752 
0.009793 
0.453020 
1.076349 
0.656069 
0.141930 
0.846982 
0.140512 
0.475561 
0.545242 
0.144641 
0.106111 
0.269862 
0.397522 
1.902911 
0.888302 
0.254526 
1.334632 
0.495755 
1.673126 
0.026239 
0.946328 
0.348111 
0.389769 
0.146421 
0.199381 
0.186809 
0.341180 
0.015169 
0.256868 
0.211409 
0.062963 
0.377968 
0.395797 
0.048241 
0.389826 
0.095412 
0.229995 
1.122890 
0.220541 
0.096329 
0.083901 
0.111544 
0.118015 
0.577097 
0.409740 
0.053972 
0.014252 
0.086005 
0.170077 
0.479179 
0.012380 
0.891544 
0.405527 
0.107781 
0.093478 
0.273500 
0.288856 
0.372182 
0.382460 
0.260824 
0.449365 
0.037344 
0.092065 
0.132288 
1.249356 
0.691222 
0.025550 
0.209366 
0.007977 
0.734715 
0.261976 
0.404567 
0.352781 
0.025424 
0.325463 
0.116173 
0.010229 
0.048851 
0.775120 
0.144336 
0.224040 
0.390931 
0.473457 
0.397736 
0.155041 
0.013856 
0.295553 
0.091010 
0.493258 
0.171675 
0.812738 
0.603356 
0.695476 
0.091808 
0.769162 
0.066291 
0.066409 
0.114837 
0.471681 
0.410390 
1.050380 
0.095966 
0.234820 
0.058124 
0.262765 
0.458815 
0.026188 
1.378224 
0.039464 
0.164127 
0.225851 
0.282176 
0.047314 
0.650927 
0.267257 
0.073430 
1.278841 
0.091568 
2.317236 
1.782284 
0.230944 
0.043931 
0.509103 
0.430416 
0.207493 
0.763455 
0.026450 
0.004397 
0.125025 
0.214017 
0.645311 
0.042608 
1.023335 
0.627673 
2.064771 
0.589540 
0.365315 
0.037617 
0.219723 
0.390169 
0.411425 
0.284346 
0.469046 
0.166859 
0.101502 
0.662342 
0.685736 
0.049403 
0.924981 
0.113147 
0.104560 
0.148004 
0.498801 
0.048718 
1.682903 
0.573457 
1.217603 
0.320111 
0.220484 
0.791817 
0.346808 
0.547883 
0.763820 
0.199198 
0.559768 
0.022114 
0.280037 
1.198195 
0.542792 
0.436004 
0.011035 
0.166153 
1.058518 
0.487150 
0.360997 
0.036814 
0.166980 
0.299401 
0.334148 
0.303323 
0.428004 
0.465905 
0.074282 
0.041095 
1.076178 
0.140639 
0.198641 
0.509216 
1.777381 
0.688864 
0.043834 
0.060248 
0.758931 
0.038667 
0.391403 
0.063065 
0.086419 
0.039912 
1.981668 
0.100606 
0.040457 
0.108360 
0.250838 
0.165170 
0.009467 
0.424916 
1.189672 
0.551225 
0.501885 
0.223904 
0.196201 
0.963771 
0.085345 
0.206682 
0.612979 
0.155814 
0.535534 
0.625091 
0.011062 
0.219708 
0.110317 
0.884555 
0.631266 
0.514214 
0.676265 
0.187123 
0.543591 
0.184172 
0.690289 
1.400283 
0.401952 
0.277680 
0.000269 
0.003753 
0.056584 
0.358582 
1.048157 
0.070064 
0.043049 
0.093156 
1.248525 
0.089394 
0.301988 
0.271149 
0.981290 
0.087638 
0.297646 
0.713930 
0.754596 
0.013737 
0.659663 
0.987402 
0.958276 
0.353926 
0.885062 
0.083989 
0.078178 
0.542491 
0.193778 
0.071933 
0.311990 
0.208962 
0.030768 
0.039707 
0.179334 
0.276188 
0.806202 
0.344607 
0.990166 
0.026090 
0.082297 
0.344193 
0.358232 
1.168592 
0.011879 
1.677827 
0.145675 
1.647811 
1.570132 
1.551592 
0.039500 
0.437801 
0.206426 
0.239707 
0.255797 
1.061183 
1.091134 
0.983520 
0.298459 
1.038865 
0.129565 
0.780923 
1.341493 
0.253201 
0.515850 
0.944902 
0.565621 
0.846289 
0.479509 
0.106006 
0.066878 
0.365282 
0.316492 
0.065824 
0.781155 
0.195287 
0.451205 
0.110657 
0.322082 
0.164607 
0.362850 
0.288869 
0.804873 
1.113996 
0.363092 
0.379264 
0.536936 
0.160892 
0.096700 
0.092165 
0.346449 
0.219947 
1.787167 
0.002654 
0.226053 
0.127874 
0.094296 
0.067609 
0.014683 
0.115459 
1.088470 
0.122364 
0.534550 
0.767050 
0.796926 
0.551351 
0.022310 
0.055424 
0.043701 
0.124340 
0.482331 
0.009789 
0.310061 
0.186098 
0.031948 
0.974826 
0.664349 
0.056064 
0.008156 
0.008777 
1.326277 
0.180147 
1.751185 
0.138044 
0.413489 
0.241903 
0.276388 
0.018927 
0.100231 
0.023729 
0.039500 
0.451043 
0.009258 
0.127759 
0.551877 
0.451966 
0.372785 
0.359067 
0.097813 
0.101043 
0.044216 
0.101886 
0.028575 
0.274760 
1.574145 
0.311875 
0.096533 
0.655000 
0.234921 
0.265030 
0.254365 
0.209539 
0.130487 
0.182796 
0.553188 
0.405332 
0.123381 
0.396201 
0.219826 
0.027895 
0.244633 
0.154253 
0.897748 
0.157104 
0.772363 
0.078273 
1.189560 
0.274483 
0.071066 
0.479537 
0.358837 
0.135523 
0.404781 
0.752309 
0.047122 
0.635721 
0.460750 
1.006320 
0.037017 
1.216473 
0.071490 
0.137395 
0.421208 
0.619151 
0.404090 
0.130894 
0.281749 
0.149004 
0.106777 
0.297617 
0.112206 
1.032028 
0.763149 
0.047058 
0.241365 
0.123241 
0.205106 
0.449044 
0.470793 
0.043231 
1.007530 
0.172023 
0.117116 
0.039598 
0.160775 
1.481470 
0.796741 
0.434109 
0.059043 
0.057164 
0.144713 
0.146304 
0.013501 
0.222661 
0.710728 
0.553734 
0.237563 
0.178443 
0.895389 
0.253873 
0.326517 
0.585257 
0.483636 
0.288852 
0.291288 
0.532610 
0.091509 
0.026402 
0.083877 
0.239921 
0.178616 
0.265357 
0.272257 
0.151060 
0.474977 
0.102393 
0.140412 
0.616940 
0.334790 
0.070389 
0.162731 
2.406256 
0.287965 
0.298681 
0.156626 
0.255229 
0.232163 
0.303912 
0.071610 
0.226620 
0.441931 
0.148573 
1.248952 
0.011565 
0.254134 
0.150457 
0.358716 
0.101196 
0.000744 
0.267504 
0.241553 
0.304105 
1.015381 
0.426766 
0.632308 
0.838498 
0.587833 
1.175894 
0.084050 
0.106433 
0.445994 
0.508845 
0.370846 
0.274822 
0.125971 
1.258297 
0.013305 
0.425696 
0.135470 
0.029109 
0.871544 
0.056762 
1.135385 
0.012941 
0.084093 
0.425285 
0.156021 
0.321331 
0.137167 
1.097638 
0.200848 
0.138813 
0.057658 
0.950765 
0.337347 
0.178303 
0.079361 
0.557490 
0.066033 
0.068165 
0.174131 
0.941084 
0.024378 
0.081385 
1.138470 
1.101855 
0.098375 
0.164469 
0.655155 
0.529027 
1.342106 
0.217863 
0.929042 
0.370414 
0.148292 
1.029897 
0.614742 
0.275163 
0.218421 
0.166085 
0.037737 
0.867211 
0.700760 
0.450868 
0.411366 
0.397763 
0.531309 
0.410359 
0.255288 
0.536450 
1.135032 
0.053033 
0.108730 
0.035495 
0.715023 
0.466689 
0.259159 
0.256491 
0.067892 
0.846047 
0.229725 
0.396855 
0.377436 
1.159203 
0.295712 
0.184784 
0.656365 
0.566362 
0.291533 
0.447198 
0.155738 
0.386448 
0.266281 
0.138681 
0.131949 
0.909076 
0.372189 
0.530667 
0.224716 
0.426884 
0.285480 
0.950230 
0.211746 
0.197921 
0.285550 
0.164566 
0.257645 
0.227566 
1.108533 
0.485095 
0.783043 
0.827012 
1.815937 
0.351778 
0.423554 
0.049308 
0.249948 
0.292574 
0.356271 
0.154996 
0.604624 
0.536752 
0.137434 
0.619778 
0.144720 
0.287367 
0.180188 
0.039747 
0.812649 
0.129256 
0.380086 
0.027720 
0.607174 
0.360545 
0.215776 
0.260041 
0.441123 
0.011015 
0.304647 
0.279262 
0.887373 
0.040601 
0.367450 
0.954976 
0.250459 
0.900793 
0.112117 
0.060471 
0.551204 
0.271004 
0.718979 
0.943750 
0.012656 
0.833375 
0.225000 
0.195568 
0.672674 
1.282033 
1.332224 
0.880058 
0.179126 
0.001363 
0.648621 
0.043600 
0.302038 
0.258206 
0.472407 
0.019319 
0.350265 
0.140551 
0.691157 
0.341604 
0.358115 
1.138710 
0.321352 
0.470071 
0.503316 
0.406197 
0.234711 
0.392247 
0.240320 
0.245278 
0.841124 
0.422474 
0.166761 
0.322752 
0.750785 
0.051078 
0.429359 
0.095421 
0.532251 
0.084323 
0.164702 
0.099383 
0.640506 
0.015495 
0.152035 
0.147161 
0.370489 
0.336121 
0.109653 
0.031716 
0.052733 
0.231931 
0.053467 
0.791682 
0.599039 
1.735475 
0.051321 
0.230643 
0.034089 
0.856035 
0.658462 
0.016795 
0.324192 
0.444175 
0.313023 
0.071481 
1.982202 
0.203900 
0.431927 
0.012127 
0.762169 
0.810118 
1.091182 
0.019565 
0.085952 
0.370077 
0.505577 
0.509020 
0.450127 
0.298508 
0.949800 
0.449361 
0.008648 
0.632223 
0.053142 
0.065834 
0.092616 
0.159678 
0.321575 
0.807154 
0.009820 
0.610380 
0.176712 
0.845310 
0.361767 
0.077158 
0.053203 
0.176687 
0.092507 
0.560983 
0.569347 
0.060025 
1.125249 
0.428140 
0.425168 
0.389687 
3.578404 
0.132979 
0.246595 
0.290025 
0.110126 
0.917813 
0.084970 
0.977420 
0.413957 
0.237291 
0.045388 
0.130542 
0.008248 
0.521950 
0.229966 
0.119979 
0.000342 
0.003395 
0.368734 
0.172154 
0.622336 
0.181293 
0.107429 
0.054083 
0.008994 
0.483220 
0.118607 
1.098899 
1.134826 
0.367328 
0.806243 
0.669012 
0.525809 
0.298605 
0.689931 
0.111518 
0.245415 
1.330020 
0.188690 
0.167614 
0.685916 
0.285545 
0.105336 
1.119040 
0.073639 
0.041762 
0.395420 
0.105796 
0.286556 
0.749808 
0.478688 
0.605102 
0.101973 
0.790627 
0.274285 
0.005591 
0.429586 
0.257587 
0.062404 
1.252046 
0.014696 
0.591215 
0.814391 
0.036854 
0.716685 
0.345925 
0.078338 
0.061854 
0.351869 
0.105992 
0.501227 
0.270189 
0.350693 
0.585923 
0.111906 
0.354266 
0.580805 
0.451586 
0.230324 
0.404663 
0.017875 
0.004193 
0.000395 
0.090618 
0.686160 
0.196120 
0.770352 
0.389660 
0.355301 
0.395133 
0.545141 
0.094333 
0.185724 
0.156796 
0.102185 
0.401672 
0.078245 
1.492354 
0.533420 
0.117633 
2.470972 
0.237501 
1.004612 
0.025903 
1.545812 
0.453973 
0.796354 
0.197731 
0.502471 
0.260393 
0.150725 
0.089888 
0.626132 
0.149430 
0.196207 
0.025635 
0.471984 
0.341459 
0.001518 
0.045512 
0.736407 
0.002112 
0.189116 
0.181595 
0.085273 
0.005269 
0.374158 
0.094739 
0.330521 
0.229845 
0.224520 
3.743045 
0.080150 
0.191868 
0.121179 
0.427603 
0.892613 
0.377518 
0.137405 
1.034318 
0.207754 
0.135620 
0.262814 
0.556155 
0.030387 
0.383426 
0.012736 
0.030805 
0.281512 
0.220348 
0.374039 
0.118090 
0.021445 
0.267909 
0.032806 
0.222428 
0.129149 
0.222426 
0.112232 
0.549592 
0.102797 
0.071758 
0.294196 
0.038161 
0.523091 
0.291026 
0.241048 
0.014425 
0.020323 
0.597364 
0.006813 
1.408828 
0.007939 
0.149443 
0.559292 
0.028424 
0.477181 
0.293033 
0.665676 
0.828539 
0.147738 
0.049118 
0.335684 
0.168295 
0.158678 
0.557028 
0.132103 
0.257467 
0.314144 
0.329604 
0.396566 
0.048616 
0.140551 
0.676128 
0.138078 
0.404758 
0.276940 
0.352843 
0.053502 
0.052209 
0.294388 
1.139026 
0.174935 
0.228815 
0.138203 
0.145122 
0.034810 
0.031563 
0.140370 
0.321706 
0.153288 
0.507037 
0.051991 
0.453768 
0.033660 
0.461411 
0.506672 
0.618556 
0.108251 
0.005309 
0.111019 
0.781865 
0.503306 
0.293357 
0.141215 
0.048814 
0.262938 
0.227513 
0.488106 
0.297117 
0.157290 
0.016996 
0.260964 
0.490099 
0.147174 
1.405097 
0.031334 
0.379860 
0.214403 
0.075834 
0.033692 
1.017697 
0.379963 
0.029707 
0.513603 
0.432264 
0.760994 
0.170305 
0.789558 
0.046747 
0.028143 
1.419698 
0.077477 
1.254371 
0.300006 
0.283612 
0.419647 
0.724684 
0.048083 
0.777330 
1.156681 
0.195070 
0.056341 
1.027947 
0.133946 
0.035685 
1.316903 
0.022521 
0.147796 
0.584973 
0.933142 
1.175166 
0.275497 
0.217367 
1.048335 
0.527133 
0.319898 
0.213046 
0.057881 
0.709984 
0.176134 
0.267380 
0.619226 
0.150779 
0.519821 
1.140524 
0.071210 
0.422046 
0.025419 
0.180584 
0.321959 
0.011781 
0.027049 
0.018106 
0.034663 
0.312680 
0.388182 
0.048874 
0.448868 
0.127072 
0.053981 
0.162466 
0.494915 
0.482300 
0.410844 
0.601814 
0.134887 
0.884721 
0.344539 
0.497355 
0.300441 
0.023817 
0.289730 
0.138801 
0.623317 
0.072703 
0.001190 
0.482525 
0.268481 
0.127709 
0.120369 
0.945403 
0.653159 
0.055603 
0.296561 
0.128027 
0.633643 
0.335304 
0.266722 
0.539574 
0.223493 
0.392300 
0.136133 
0.340521 
0.130839 
0.790553 
0.019980 
0.214648 
0.050888 
0.607067 
0.358011 
0.069278 
1.018883 
0.442087 
0.266427 
0.219572 
1.709169 
1.292116 
0.824375 
0.338971 
0.300498 
0.081880 
0.342328 
0.270285 
0.370340 
0.036482 
0.966206 
0.459303 
0.363790 
0.213618 
0.034502 
0.255951 
0.142419 
0.012616 
0.137624 
0.164767 
2.338920 
0.011244 
0.434794 
0.858875 
0.082293 
0.229046 
0.513068 
0.199267 
0.271632 
0.049434 
0.010129 
0.051771 
0.485742 
1.412439 
0.589365 
0.892363 
0.237431 
0.156816 
0.652212 
0.106569 
1.190540 
0.481440 
0.581815 
0.490327 
0.056678 
1.150898 
0.073628 
0.527399 
0.331742 
0.558176 
0.181594 
0.072144 
0.680162 
1.032179 
0.173367 
0.208391 
0.001627 
0.329215 
0.263206 
0.088224 
1.014662 
0.076083 
0.354206 
0.517050 
0.782694 
0.559966 
0.053441 
1.067844 
0.137465 
0.465362 
0.006695 
0.102553 
0.193382 
0.023829 
1.825070 
1.937435 
1.551529 
0.013742 
1.385411 
0.102464 
0.335771 
1.053639 
0.264914 
1.391839 
0.057591 
0.276831 
0.141170 
0.662582 
0.589148 
0.618567 
0.170476 
0.260675 
0.234771 
0.008428 
1.244279 
0.836907 
0.150260 
1.751230 
0.153230 
0.033127 
0.322080 
0.141306 
0.596914 
0.527010 
0.066762 
0.341266 
0.348551 
0.166255 
0.533233 
0.073076 
0.682912 
0.150612 
1.426434 
0.580848 
0.039607 
0.424397 
0.204791 
0.777455 
0.503071 
0.480652 
0.580275 
0.208122 
0.195567 
0.631823 
0.391975 
0.074124 
0.474946 
0.709909 
0.668637 
0.512733 
0.242840 
0.563693 
1.148213 
0.281063 
0.071749 
0.101526 
0.351401 
0.034968 
2.054348 
1.226940 
1.330152 
0.355395 
0.105380 
0.164748 
0.247734 
0.017369 
0.058579 
0.419392 
0.029773 
0.103222 
0.526981 
0.693717 
1.274098 
0.334021 
0.098321 
0.359174 
0.015552 
0.370059 
0.221982 
0.411813 
0.164223 
0.020302 
1.676289 
0.114640 
0.359189 
0.141094 
0.376799 
0.321928 
0.248537 
0.011895 
0.393518 
0.237651 
0.187739 
0.513315 
0.129908 
0.040021 
0.019734 
0.634357 
0.639605 
0.138522 
0.398950 
0.067335 
0.281829 
1.311410 
1.051648 
0.098939 
0.285305 
0.155116 
0.071313 
0.091062 
0.215983 
0.269628 
0.451764 
0.789497 
0.561264 
0.468894 
0.179654 
1.464998 
0.134826 
0.024676 
0.490711 
0.910087 
0.045596 
1.124936 
0.715071 
0.010596 
0.622791 
0.239389 
0.089030 
0.301827 
0.164321 
0.579937 
0.011590 
0.241761 
0.127010 
0.110972 
0.212764 
0.124695 
0.225677 
0.210115 
0.220576 
0.024236 
0.492285 
0.171397 
0.188047 
0.471980 
0.298036 
0.326155 
0.026605 
2.016517 
0.051898 
0.140329 
0.177825 
0.263782 
0.396685 
1.316755 
0.678578 
0.314831 
0.404584 
0.732771 
0.073208 
0.163259 
0.326934 
0.262816 
0.633350 
2.363362 
0.126985 
0.273293 
0.062666 
0.080469 
0.054161 
0.717716 
1.017286 
0.089666 
0.283763 
0.553195 
0.508924 
0.312615 
0.189450 
1.754877 
0.202660 
0.495160 
0.483044 
0.015463 
0.020883 
0.389311 
0.020317 
0.327244 
0.083958 
0.062837 
0.083754 
0.177112 
0.311465 
0.172638 
0.654783 
0.417654 
0.210455 
0.597771 
0.948812 
0.454206 
0.004156 
0.291624 
0.277728 
1.970765 
0.388474 
0.593643 
0.163538 
0.106736 
0.114268 
0.027597 
0.010512 
0.241942 
0.194482 
0.062717 
1.441549 
0.296627 
0.353134 
0.073890 
0.501482 
0.331974 
1.434195 
0.264178 
0.064325 
0.219569 
0.979860 
0.730034 
0.155181 
1.592822 
0.406252 
0.129160 
0.533646 
0.604938 
0.469914 
0.434991 
0.445994 
0.512749 
0.411521 
1.230767 
0.643939 
0.224801 
0.451636 
0.048495 
0.883299 
0.708289 
0.009610 
0.179796 
0.541439 
0.833163 
0.137932 
0.181159 
0.509762 
0.241837 
1.578242 
0.055555 
0.624686 
0.214458 
0.285536 
0.018212 
0.098504 
0.293372 
0.376762 
1.096091 
0.008448 
0.573241 
0.589840 
0.293783 
0.719422 
0.016134 
0.327698 
0.337167 
0.041064 
0.574901 
0.319588 
0.363460 
0.728093 
0.855246 
0.637664 
0.306059 
1.565634 
1.231467 
0.100184 
0.337553 
0.025586 
0.623727 
0.731170 
0.067868 
0.010423 
0.897864 
0.779843 
0.185366 
0.001587 
1.003647 
0.422517 
1.250035 
0.059342 
0.568241 
0.693960 
0.630444 
0.273429 
0.001794 
0.183210 
0.392022 
0.983271 
0.366038 
0.113135 
0.829045 
0.021662 
1.032786 
0.176596 
0.610488 
0.179356 
0.039456 
0.015999 
0.088435 
0.896232 
0.174372 
0.180141 
0.753093 
0.109580 
0.616323 
1.132043 
0.212520 
0.155804 
0.250531 
0.285707 
0.300672 
0.392424 
0.111572 
0.065405 
0.102057 
0.336698 
0.435400 
0.253982 
1.269045 
0.112527 
1.053092 
0.583675 
0.043343 
0.024837 
1.012168 
0.314501 
0.177963 
0.066355 
0.190895 
0.112084 
0.046040 
0.084999 
0.882507 
0.023421 
0.092059 
0.029532 
0.004546 
0.161297 
0.222553 
0.120042 
0.996442 
0.863951 
0.413019 
0.217613 
0.857079 
0.041321 
0.140746 
0.278584 
0.675587 
0.009964 
0.319281 
0.686178 
0.300840 
1.080454 
1.056667 
1.175405 
0.019519 
0.193263 
2.822187 
0.617697 
0.236219 
0.225809 
0.301061 
0.132072 
0.314949 
0.850909 
0.368634 
0.461743 
0.055849 
0.166683 
0.219122 
0.080235 
0.097511 
0.235039 
0.093890 
1.080274 
0.206227 
0.295185 
0.812405 
0.905889 
0.152107 
0.166419 
0.090340 
0.468378 
0.389831 
0.142000 
0.955649 
0.063379 
0.110482 
0.022368 
0.186974 
0.773444 
0.960435 
0.044874 
0.221315 
0.505324 
0.476511 
1.135884 
0.152876 
0.036206 
0.300368 
0.414219 
0.174018 
0.857082 
0.049258 
0.426653 
0.070951 
0.518365 
0.044768 
0.314484 
0.006719 
0.094186 
0.345873 
0.128347 
0.209591 
0.330824 
1.364042 
0.351983 
0.089370 
0.527617 
0.008020 
0.347594 
0.319322 
0.367253 
0.381799 
0.648996 
0.122900 
0.018528 
0.369287 
0.337766 
0.869203 
0.421351 
0.852223 
0.171505 
0.139790 
0.447091 
0.768660 
2.267103 
0.153098 
0.175840 
0.405489 
0.426907 
0.723504 
0.748109 
0.271165 
0.118864 
0.741274 
1.032428 
0.074787 
0.186476 
1.031933 
0.309738 
0.069658 
0.029046 
0.279599 
0.815195 
0.383687 
0.107104 
0.795836 
0.165909 
0.130094 
0.435774 
0.606711 
0.125225 
0.247628 
0.463491 
0.148742 
0.587526 
1.211297 
0.078680 
0.515133 
0.321239 
0.342793 
0.575703 
0.396677 
0.748689 
0.153557 
0.147109 
0.049785 
0.597031 
0.757131 
0.265817 
0.173971 
0.385006 
0.216291 
1.176756 
0.086974 
0.302817 
0.534773 
0.157302 
0.195641 
0.445302 
0.062334 
0.265250 
0.086697 
0.176285 
0.279954 
0.098137 
0.448810 
0.265913 
0.213482 
0.611248 
0.193677 
0.358550 
0.195979 
0.130713 
0.040832 
0.072757 
0.792249 
0.059317 
0.802869 
0.189639 
0.851889 
0.405249 
1.785396 
0.032389 
0.411115 
0.751281 
0.192029 
0.202414 
0.318018 
0.006996 
0.173961 
0.176462 
0.102244 
0.298382 
0.213229 
0.383406 
0.501350 
1.383101 
1.742001 
1.424604 
0.236894 
1.438285 
0.303731 
0.399282 
0.142531 
0.144021 
0.174383 
0.434972 
0.211817 
0.057752 
0.105760 
0.182997 
0.014132 
0.224536 
0.199917 
0.884461 
0.170007 
0.655163 
0.646289 
0.203751 
1.129292 
0.118126 
0.079912 
0.158449 
0.190153 
0.055941 
0.391599 
0.110942 
0.239377 
0.958763 
0.286082 
0.084710 
0.113860 
0.203493 
0.278885 
0.023054 
1.742166 
0.027859 
0.026279 
0.246142 
0.152761 
0.727774 
0.440574 
0.173017 
0.001874 
0.423190 
0.650603 
0.594704 
0.317467 
0.389247 
0.014190 
0.531317 
0.511780 
0.118167 
0.223146 
0.185802 
0.184094 
0.586640 
0.126859 
0.494777 
2.599130 
0.162857 
0.259091 
1.747502 
0.075575 
0.115294 
0.770458 
0.132472 
0.216531 
0.557997 
0.265509 
0.550086 
0.296184 
0.609091 
0.217468 
0.188420 
0.182982 
0.406155 
0.639155 
0.215730 
0.180725 
0.118047 
0.564952 
1.364883 
0.687806 
0.002610 
0.437814 
0.365577 
0.283409 
0.266832 
0.037487 
0.311445 
1.229565 
0.170729 
0.154840 
0.202764 
0.143977 
0.030276 
0.183303 
0.020966 
0.762505 
0.001081 
0.131495 
0.206671 
0.275483 
0.048863 
0.137611 
1.545121 
0.006763 
1.527597 
0.031362 
0.471924 
0.624574 
0.217616 
1.206604 
0.039256 
0.361567 
0.621934 
0.559021 
0.108310 
0.804136 
0.472968 
0.148544 
0.050238 
0.101786 
0.921275 
0.120394 
0.452471 
0.258996 
1.043229 
0.205127 
0.083595 
0.013667 
3.400150 
0.647828 
0.215505 
0.941626 
0.141145 
0.039438 
0.184669 
0.659551 
1.948649 
2.515630 
0.402671 
0.311341 
1.397412 
0.559155 
0.415083 
0.110459 
0.175865 
0.135058 
1.064457 
1.575108 
0.195980 
0.134660 
0.073159 
0.431999 
0.022676 
0.144798 
0.540742 
0.112531 
0.027288 
0.092327 
0.817479 
0.204553 
1.004425 
0.208843 
0.063343 
1.444397 
1.477404 
0.170281 
0.090034 
0.365233 
0.507959 
0.033976 
0.411245 
0.653119 
0.647904 
0.022873 
1.247820 
0.698041 
0.228130 
0.096372 
0.358516 
0.676428 
0.430311 
0.867165 
0.365415 
0.596790 
0.311248 
0.081221 
0.232415 
0.198185 
0.084022 
0.138290 
0.793585 
0.021942 
0.717257 
0.429517 
0.271038 
0.324228 
0.161570 
1.342861 
0.358850 
0.284925 
0.329557 
0.563148 
0.136011 
1.668205 
0.411718 
0.960769 
0.220799 
0.197235 
0.064100 
0.311735 
0.299959 
0.331533 
1.062238 
0.079952 
0.495456 
0.158115 
0.026823 
0.170802 
0.143454 
1.489727 
0.908998 
0.116079 
0.039999 
0.112911 
0.927045 
0.036501 
0.384761 
0.263438 
0.088954 
0.003208 
2.165160 
0.273385 
0.037299 
0.284877 
0.336381 
1.158010 
0.391257 
0.765223 
0.144895 
0.308993 
0.649280 
0.428904 
0.443371 
0.187609 
0.166576 
0.280495 
0.224159 
0.231163 
0.099575 
1.499034 
0.800562 
1.794993 
0.030488 
0.237311 
0.338861 
0.327601 
0.610332 
0.989711 
0.206176 
0.109963 
0.647020 
0.361546 
0.218146 
0.501760 
1.007339 
0.456385 
0.234971 
0.401078 
0.012667 
0.159324 
0.490886 
0.025281 
0.007086 
1.935029 
0.043173 
0.617909 
0.186134 
4.874311 
0.885196 
0.697693 
0.706493 
0.989790 
0.471351 
0.177886 
0.039529 
0.560947 
0.194683 
0.134564 
0.173077 
0.384498 
0.124088 
0.025967 
0.238373 
1.046709 
0.324288 
0.246422 
0.395795 
0.032850 
0.035024 
0.044335 
0.370098 
0.026112 
0.016039 
0.660959 
0.299105 
0.487264 
0.003908 
0.236798 
0.598576 
0.354617 
0.699311 
0.937644 
0.644188 
0.323006 
0.356774 
1.191657 
0.090753 
0.120476 
0.079587 
0.198168 
0.583564 
0.000588 
0.043664 
0.880483 
0.201258 
0.345888 
0.307810 
1.100777 
0.092529 
0.249962 
0.719575 
0.054329 
0.755363 
0.007779 
0.832101 
0.345812 
0.081615 
0.462288 
0.187414 
0.138866 
0.484889 
0.125741 
0.012002 
0.761467 
0.188471 
0.479921 
0.265997 
0.092074 
0.346363 
0.957889 
0.018211 
0.087780 
0.105005 
0.226234 
0.323472 
0.124141 
0.447937 
0.270431 
0.486612 
0.808191 
1.239946 
0.137147 
0.179664 
0.109609 
0.478093 
0.077891 
2.294090 
0.336461 
0.193058 
0.573316 
0.305300 
0.098150 
0.031813 
0.606127 
0.677963 
0.519097 
0.346251 
1.086915 
0.596130 
0.101247 
0.394043 
0.450063 
0.408018 
0.039362 
0.297124 
0.250458 
0.820541 
0.222099 
0.229600 
0.471546 
0.898469 
0.399036 
0.262591 
1.014158 
0.229781 
1.011446 
0.011634 
0.090408 
0.914539 
0.714197 
0.578149 
0.078558 
0.350544 
0.071976 
0.006128 
0.155495 
0.630876 
0.141483 
0.896620 
0.059168 
0.334623 
0.063436 
0.108824 
0.021582 
0.702546 
0.898332 
2.426194 
0.583452 
0.935949 
0.521638 
0.762938 
0.592806 
0.117850 
0.481867 
0.070691 
0.559394 
0.059699 
0.216606 
0.327117 
0.768827 
0.019140 
0.356955 
0.028570 
0.134654 
2.230069 
0.003009 
0.936416 
0.458686 
0.166691 
0.408647 
0.392413 
0.024307 
0.257275 
0.155651 
0.073029 
0.086282 
0.346022 
0.878728 
1.426378 
0.475616 
0.236964 
0.347325 
0.686143 
0.117581 
0.212104 
0.060323 
0.276683 
0.100588 
0.299959 
0.348422 
0.028583 
0.665225 
0.102230 
0.037019 
0.005190 
0.210939 
0.427494 
0.156569 
0.871548 
0.067039 
0.087591 
1.412856 
0.150891 
0.892339 
0.164261 
0.045104 
0.861765 
0.512570 
0.310898 
0.246555 
0.379674 
0.196117 
0.606853 
0.361579 
1.442020 
0.038071 
0.176344 
0.034130 
0.230154 
0.437094 
0.230307 
0.102771 
0.182892 
0.132167 
0.192818 
0.377482 
0.480859 
0.200679 
0.017173 
0.234640 
1.874824 
0.202913 
0.008606 
0.037947 
0.542620 
0.612462 
0.343633 
0.430475 
0.107496 
0.104229 
0.589363 
0.848541 
0.192908 
0.957097 
0.957665 
0.068788 
1.203690 
0.607951 
0.690168 
0.020147 
0.970409 
1.004572 
1.028491 
0.041098 
0.012215 
0.166605 
0.145079 
0.731616 
0.103514 
0.014501 
0.024394 
0.678526 
0.057369 
0.351006 
0.096684 
0.508574 
0.200829 
0.673993 
0.224038 
0.334472 
0.212973 
0.189603 
1.081098 
0.692755 
0.467658 
0.083725 
0.178668 
0.798104 
0.424487 
0.508007 
0.441843 
0.035327 
0.290433 
0.270645 
0.106697 
1.822415 
0.518546 
0.091842 
1.599351 
0.036714 
0.374040 
0.130146 
0.091417 
0.016788 
0.140227 
0.196366 
0.043613 
0.006015 
0.598880 
0.256527 
1.085878 
0.589111 
0.217654 
0.774215 
0.484146 
1.024256 
0.913479 
0.064354 
0.222296 
0.056584 
0.346534 
0.982175 
0.284376 
0.148948 
0.414466 
0.010913 
0.239197 
0.670681 
0.035013 
0.469312 
0.675859 
0.073211 
0.223884 
0.970193 
0.035263 
0.046074 
0.247851 
0.455784 
0.164646 
0.457304 
0.659905 
0.911605 
0.777326 
1.001385 
0.377454 
0.114114 
0.127401 
2.177734 
0.029457 
0.072674 
1.902512 
0.532819 
0.310171 
0.275689 
0.228701 
0.394211 
0.149404 
0.426172 
0.083251 
0.288651 
0.236636 
0.011069 
0.460374 
0.927427 
0.513598 
0.369553 
1.836965 
0.371547 
0.046199 
0.002642 
1.370367 
0.690436 
0.036690 
0.480360 
0.020423 
0.481521 
0.611596 
0.361800 
0.535417 
0.267409 
0.213864 
0.025994 
0.272183 
0.562106 
0.247742 
0.102688 
0.475065 
0.185104 
0.067081 
0.447085 
0.577260 
0.126468 
1.258536 
0.274645 
0.338528 
0.358486 
0.139571 
0.132488 
0.896750 
0.540647 
0.092408 
0.304781 
0.048149 
0.120488 
0.333471 
0.105009 
0.331445 
0.150678 
0.829863 
0.270149 
0.523786 
0.252689 
0.201851 
0.240124 
1.385729 
0.448372 
0.253919 
0.344211 
0.947611 
0.649317 
1.355939 
0.311538 
0.561845 
0.549758 
0.000228 
0.165497 
0.000366 
0.003359 
0.054305 
1.890343 
0.748757 
0.594013 
0.920441 
0.416422 
0.059771 
1.316559 
0.272049 
1.055920 
0.387885 
0.200195 
0.812100 
0.076310 
0.133974 
0.964581 
0.176499 
0.085644 
0.175585 
0.668277 
0.712586 
0.076103 
0.112384 
0.264901 
0.495067 
0.330234 
0.070930 
0.002745 
0.057819 
0.415904 
0.244236 
0.182191 
0.778001 
0.027624 
0.034809 
0.009676 
0.001759 
1.102154 
0.020396 
0.428770 
0.538128 
0.276830 
0.136627 
0.034049 
0.180791 
0.000336 
0.617158 
0.318971 
1.410367 
0.019242 
0.320023 
0.593749 
0.178669 
0.923731 
0.829625 
0.088608 
0.377061 
0.712366 
0.352833 
1.280547 
0.136900 
0.052952 
0.163762 
0.195790 
0.245255 
0.178411 
0.011871 
0.414677 
0.079664 
1.255845 
0.175822 
0.063512 
0.867408 
0.643877 
0.911593 
0.657128 
0.021258 
0.096510 
0.019754 
0.343802 
0.440945 
0.317193 
0.226017 
0.230282 
0.418748 
0.353359 
0.027424 
0.214298 
0.396484 
0.718570 
2.283207 
0.870127 
0.082550 
0.021203 
0.033710 
0.344921 
0.254645 
0.349809 
0.164570 
0.371303 
0.026474 
1.102617 
0.169224 
0.352612 
0.057782 
0.157117 
0.092282 
0.204935 
0.220157 
0.003182 
1.030919 
0.076767 
0.711731 
2.176614 
0.757923 
0.367505 
0.691665 
0.225091 
0.313471 
0.506373 
0.099612 
0.068943 
0.166304 
0.021161 
0.240712 
0.194145 
0.332592 
0.107474 
0.298249 
0.608596 
0.699798 
0.304045 
0.573927 
0.505318 
0.391863 
0.205046 
0.085620 
0.332947 
0.504170 
0.852387 
0.082342 
0.034738 
0.184034 
0.084564 
0.184496 
0.127078 
0.149792 
0.470020 
0.016895 
0.286636 
0.272655 
0.514521 
0.206568 
1.186560 
0.500716 
0.148758 
0.104465 
0.130941 
0.943321 
0.128690 
0.470818 
0.226464 
1.463352 
0.197868 
0.075699 
0.283494 
0.097700 
0.326459 
0.479520 
0.193018 
0.556133 
0.750681 
0.231382 
0.167281 
0.544838 
1.049407 
0.056647 
0.757902 
0.252874 
0.268792 
0.930196 
0.282467 
0.041840 
0.319393 
0.993578 
0.290606 
1.363545 
0.762388 
0.121108 
0.277451 
0.104206 
0.020395 
0.377856 
0.641837 
0.254268 
0.133303 
0.016994 
0.206639 
0.489459 
0.181837 
0.334654 
0.488481 
0.088432 
0.596977 
0.160383 
0.042569 
0.278644 
0.015780 
0.356131 
0.932796 
0.272324 
0.544049 
0.171454 
1.007252 
0.187377 
0.162865 
0.476054 
0.031538 
0.181235 
0.509880 
0.772689 
0.095626 
0.194993 
0.080851 
1.320571 
0.035358 
0.459421 
0.074011 
0.711073 
0.113314 
0.223889 
0.013059 
0.935122 
0.122244 
0.044965 
0.568685 
0.185524 
0.044932 
0.338750 
0.335186 
0.162972 
0.424930 
0.065276 
0.497330 
0.098428 
0.025568 
0.040572 
0.305809 
0.050151 
0.032970 
0.381302 
0.585458 
0.454923 
0.507675 
0.502867 
0.112301 
0.878400 
0.203923 
0.101025 
0.301226 
0.298390 
0.343388 
0.151963 
0.127439 
0.059984 
0.275758 
0.885959 
0.228802 
2.094756 
0.257457 
0.153505 
0.726667 
1.298468 
1.043091 
1.214021 
1.501315 
0.127396 
0.763824 
0.217900 
0.629533 
0.244489 
0.026952 
0.143530 
0.084299 
0.323858 
0.243171 
0.127402 
0.009523 
0.836500 
0.061742 
0.396079 
0.292291 
0.949180 
0.069798 
0.949791 
0.407719 
0.328180 
0.243442 
0.198457 
0.027952 
0.434561 
0.340256 
0.306208 
0.843696 
0.066921 
0.037478 
0.098939 
0.297492 
0.592896 
0.052029 
0.016871 
0.330283 
0.025266 
0.247358 
0.392175 
0.153753 
0.699187 
1.433171 
0.092969 
0.810759 
0.345998 
0.250568 
0.153280 
0.260301 
