1.655208 
0.655085 
0.580068 
2.061256 
0.654811 
0.215113 
0.624998 
0.177493 
0.116027 
1.760710 
1.726351 
1.878827 
0.946099 
0.264547 
1.189077 
0.276388 
0.203485 
0.938316 
1.026287 
0.410674 
0.119207 
2.293930 
1.252865 
0.345910 
3.901431 
0.563337 
3.091105 
1.660888 
0.747659 
1.747197 
1.505278 
2.635879 
0.116580 
1.639521 
1.037878 
2.779526 
0.133138 
0.247288 
1.104670 
1.482685 
1.078412 
1.568435 
0.338231 
1.015334 
2.241640 
0.217899 
1.749439 
0.066623 
0.580829 
0.530436 
0.117314 
7.039422 
0.010695 
2.860363 
0.455843 
1.410260 
0.206573 
1.690638 
2.974449 
0.938557 
0.143239 
0.516824 
0.703663 
0.369678 
1.105345 
0.764906 
5.398681 
0.006388 
0.815050 
1.032052 
0.825880 
3.311368 
0.187610 
3.613398 
1.336163 
0.356327 
0.296306 
0.882042 
0.173357 
0.608200 
4.026913 
0.328103 
1.650323 
0.136630 
1.048433 
1.977427 
3.315349 
1.543016 
1.229184 
0.436823 
0.005616 
2.069709 
1.535567 
1.236526 
0.154118 
5.565236 
3.677516 
0.726346 
1.739723 
0.177136 
2.042767 
0.446212 
0.954137 
0.138497 
1.542649 
0.286342 
1.582824 
1.096975 
1.357792 
3.608656 
0.498518 
0.429164 
1.153381 
2.345278 
0.909224 
0.333992 
4.010745 
0.167763 
2.929865 
0.963602 
1.201075 
0.388469 
0.634306 
4.190776 
1.049326 
0.023885 
0.866527 
0.843476 
0.970522 
2.305060 
1.720811 
0.381881 
2.286169 
0.619987 
0.884615 
0.532763 
3.142448 
0.016737 
2.598380 
0.263847 
2.050764 
1.798635 
1.862055 
2.659039 
0.223516 
1.808257 
2.712613 
0.026204 
0.084385 
0.238854 
1.761330 
1.776181 
1.072139 
2.780319 
0.288076 
1.575343 
0.658936 
0.744508 
0.178237 
0.024543 
0.764541 
0.416609 
1.317839 
0.348677 
2.031812 
0.065522 
2.869609 
0.513306 
0.882092 
0.757720 
1.838318 
0.680684 
0.169829 
2.469696 
3.552248 
1.435607 
1.824837 
0.295533 
0.143257 
1.042527 
0.319322 
0.646653 
5.337673 
4.387837 
1.439176 
2.713590 
0.750797 
0.310706 
0.216449 
3.138074 
0.791579 
1.564742 
0.254555 
1.226667 
1.205275 
2.375525 
0.364340 
2.266792 
0.594180 
0.769387 
0.007272 
1.484067 
0.302446 
0.142558 
3.431552 
0.123904 
2.324129 
2.451449 
1.816528 
1.059221 
0.898541 
3.295030 
0.506847 
1.302586 
0.849131 
1.040030 
1.004886 
2.453360 
0.386230 
2.134437 
4.596457 
0.925907 
1.916612 
3.016616 
1.976800 
0.323045 
0.076947 
0.918455 
0.806010 
0.459923 
0.856658 
0.335670 
1.242375 
0.415622 
3.535277 
0.115544 
1.330393 
1.195913 
1.256379 
0.978482 
0.370062 
0.910540 
2.324019 
1.252932 
1.056926 
0.317386 
1.628381 
0.787202 
0.080213 
0.050472 
1.237183 
0.621607 
5.865998 
0.205361 
0.985629 
0.537931 
0.062259 
2.995034 
1.976374 
0.099852 
0.377363 
5.234725 
2.333898 
1.330063 
0.130304 
2.568618 
0.465595 
0.355986 
1.405300 
1.222676 
0.803393 
1.175289 
0.145896 
0.125295 
0.401292 
3.057240 
1.343284 
3.523539 
0.380521 
0.072639 
0.377937 
2.119835 
0.013933 
0.666060 
1.437125 
0.287593 
0.698539 
0.608102 
0.177085 
0.265789 
0.789571 
0.294555 
0.767487 
0.021709 
2.297570 
0.312971 
0.778869 
0.763879 
0.622832 
0.216949 
1.630486 
0.105721 
0.190844 
0.536209 
1.469138 
0.026590 
0.438121 
0.997971 
2.632765 
0.253945 
1.734714 
1.047353 
0.825146 
1.835977 
0.438605 
0.331249 
0.027487 
0.815667 
3.518632 
0.985148 
0.618165 
0.517189 
1.655005 
1.461873 
4.104517 
1.386695 
0.142364 
0.951138 
0.197353 
0.553472 
0.968571 
1.409802 
0.228762 
0.295313 
1.524672 
2.931204 
0.271022 
1.483385 
0.709779 
1.231412 
0.845079 
1.208832 
0.101061 
1.570430 
2.068017 
0.761149 
0.288447 
1.905131 
0.052510 
1.800511 
1.367750 
1.940874 
0.552217 
0.868685 
0.176313 
3.303840 
0.518531 
2.735482 
0.744816 
0.725685 
1.534528 
1.059059 
1.068092 
1.386092 
0.713952 
2.105280 
1.609654 
0.316338 
0.932030 
0.366589 
3.404877 
0.157116 
1.133681 
0.855313 
0.042075 
0.584968 
2.480844 
4.166539 
3.199942 
0.143897 
0.774575 
0.099291 
0.108074 
0.095047 
1.431092 
1.104488 
1.420404 
2.837496 
0.207884 
0.122111 
0.530625 
1.911351 
2.677657 
1.352937 
3.587484 
0.439413 
0.052995 
0.302259 
0.112177 
0.133685 
5.768267 
0.081727 
1.456418 
0.395461 
1.287531 
1.946717 
1.259915 
3.031407 
1.391356 
1.282758 
2.549307 
3.761765 
1.004864 
1.600101 
0.010594 
0.849758 
2.721089 
0.810086 
0.515715 
0.589503 
1.251727 
1.224606 
0.328427 
0.232180 
0.749243 
1.152635 
2.418263 
0.199140 
0.695550 
0.072260 
0.456213 
0.305031 
0.051983 
1.736726 
0.330308 
0.095599 
1.794863 
3.048021 
0.613235 
0.242846 
0.289378 
4.607409 
3.165422 
0.995226 
0.202522 
0.329248 
2.508272 
0.716686 
2.253293 
0.672151 
0.541725 
1.809135 
1.203682 
1.389719 
0.714282 
0.546004 
1.457785 
4.382046 
0.965136 
0.319891 
0.798193 
0.540555 
0.592751 
0.460169 
2.266619 
0.024737 
0.148152 
2.256511 
0.541963 
2.674954 
0.999169 
0.230850 
0.281694 
1.369322 
2.254887 
2.414284 
1.269343 
4.227429 
0.409555 
0.023954 
0.741188 
0.242020 
2.046826 
1.508245 
1.682641 
0.530349 
0.464109 
0.267319 
0.920207 
2.507989 
3.707431 
0.125721 
1.172419 
0.004651 
0.796582 
1.829441 
0.509630 
0.066955 
1.641021 
3.527930 
1.048871 
0.543677 
0.118254 
2.272372 
0.376926 
0.959767 
1.018243 
0.403014 
0.098350 
0.050793 
3.015195 
0.228672 
0.252925 
0.397814 
0.265582 
0.232837 
5.845525 
2.865265 
1.475465 
0.065870 
0.798790 
1.255818 
1.929566 
1.215643 
2.051026 
0.705824 
0.042879 
0.210501 
1.348021 
1.055201 
0.301435 
0.230228 
0.087001 
0.041865 
1.006058 
3.848794 
1.249692 
1.050111 
1.103771 
1.434102 
0.609492 
2.017718 
0.472764 
2.149549 
1.554933 
1.275276 
1.742899 
1.100827 
0.342610 
0.777338 
0.413528 
0.425506 
3.142352 
2.975443 
1.544556 
1.136939 
0.293523 
0.300214 
3.509058 
0.379313 
1.986317 
3.376398 
0.152521 
0.719159 
2.136497 
2.531891 
0.472439 
1.773790 
3.215519 
0.584351 
1.059692 
0.349246 
1.569398 
2.815410 
0.803952 
1.165358 
1.351672 
0.274218 
0.200542 
3.664594 
2.029997 
0.519140 
0.633417 
1.294546 
0.470341 
0.045020 
2.188770 
0.701116 
0.755697 
1.666779 
0.195404 
0.537314 
0.976061 
0.380062 
0.636232 
1.937230 
0.230210 
2.340116 
0.248259 
1.055135 
2.215852 
0.590236 
2.702841 
0.938785 
1.019945 
0.767907 
0.143172 
0.906222 
0.953902 
1.182621 
0.976063 
0.401619 
0.244856 
0.044212 
0.035198 
2.343530 
0.037145 
0.142936 
1.135770 
2.436522 
0.375453 
0.969193 
1.014843 
2.795369 
0.109379 
1.209304 
0.817892 
1.370751 
0.332492 
0.198707 
0.501321 
0.065592 
2.144779 
0.813189 
0.597257 
1.092050 
5.299446 
0.668839 
3.137725 
0.152005 
0.168275 
0.140312 
0.253181 
0.202988 
1.509746 
1.633839 
0.225854 
1.629052 
2.831595 
0.401491 
2.890039 
1.137569 
1.211075 
0.936433 
0.882788 
0.164690 
1.504320 
0.064703 
0.164593 
0.927859 
0.607650 
0.498813 
0.018031 
1.088015 
0.295597 
1.999913 
0.444706 
0.078768 
0.341321 
5.032487 
0.706905 
0.632484 
4.310002 
4.533651 
0.786233 
0.047216 
0.271151 
0.184837 
3.096217 
0.353464 
0.975011 
1.718727 
0.402548 
0.700064 
0.395305 
0.109774 
1.278990 
1.537448 
4.786988 
0.583498 
0.378665 
0.299581 
0.100863 
0.252348 
1.805411 
0.015754 
0.638763 
0.969748 
0.039654 
2.422785 
1.270325 
1.650883 
0.123562 
0.992995 
0.907338 
2.511545 
0.208773 
0.818798 
0.098585 
0.067404 
1.271337 
1.323984 
2.821958 
0.500802 
0.421619 
2.584237 
0.153811 
0.315645 
0.158257 
0.882559 
1.085677 
6.271692 
1.514038 
2.134906 
0.119239 
0.337393 
1.724423 
0.523222 
0.372213 
0.856308 
2.271913 
0.416117 
2.044917 
2.110269 
2.512901 
0.892500 
2.851864 
0.229175 
4.067480 
0.142159 
0.023230 
1.076826 
1.403774 
6.542450 
1.164698 
0.230853 
0.325965 
0.101473 
4.823624 
4.442134 
0.474094 
0.474101 
0.594954 
0.062801 
0.073663 
1.303031 
1.148158 
2.142867 
4.328191 
0.118962 
1.719453 
1.530930 
0.845693 
2.491784 
0.693013 
0.275923 
0.020753 
1.924595 
1.079826 
1.815969 
2.317574 
0.823785 
0.298583 
0.346639 
1.019464 
1.085136 
3.217141 
3.937127 
2.004382 
0.234296 
1.451819 
0.089321 
5.044825 
0.135643 
0.467040 
2.899537 
1.338024 
2.045576 
0.870457 
0.168810 
1.007432 
0.372355 
3.896664 
1.596950 
0.483457 
2.507180 
0.935750 
0.188506 
1.114861 
0.394366 
1.384576 
1.659943 
0.176182 
0.535907 
0.012625 
0.714013 
0.418980 
4.986708 
0.463906 
0.399602 
0.076613 
0.230359 
1.009822 
1.416571 
0.647274 
0.045211 
0.608318 
3.772951 
0.767920 
0.278316 
0.733192 
1.870369 
1.080855 
1.201200 
3.009430 
0.914648 
1.444860 
2.453446 
0.684024 
0.891014 
0.037127 
2.460666 
1.089320 
1.086356 
2.177501 
1.362733 
0.345199 
0.941118 
0.771380 
1.280957 
0.275072 
1.121098 
1.332844 
3.813696 
0.114623 
0.050567 
2.800918 
1.531077 
0.096723 
0.264200 
1.688717 
0.451319 
0.844433 
0.222722 
1.130894 
0.468539 
0.067979 
0.265956 
0.509256 
1.265945 
0.644683 
3.361736 
0.936902 
0.900905 
0.964256 
1.551252 
0.804138 
3.546328 
0.463938 
1.058080 
3.091775 
0.766578 
0.463046 
0.178966 
1.717832 
0.392990 
2.544652 
0.097124 
0.499413 
0.903450 
0.466064 
1.394646 
0.132255 
0.271873 
0.198648 
1.239989 
0.634779 
2.359972 
1.594085 
1.390369 
0.450514 
1.922766 
0.633022 
0.624168 
0.348914 
0.395021 
0.342890 
0.625762 
0.746643 
0.195002 
1.115956 
0.484232 
0.117295 
1.733399 
0.303992 
2.138752 
0.317155 
0.383805 
0.475959 
2.047794 
0.251997 
2.016868 
0.122533 
1.265274 
0.181445 
0.654954 
0.469303 
0.360367 
3.585186 
1.294610 
1.198010 
0.786265 
0.386314 
1.360512 
0.326198 
0.998951 
2.309808 
0.978382 
1.268040 
1.193421 
1.668996 
2.919576 
1.975712 
0.404926 
0.129615 
0.406023 
6.645192 
1.699972 
2.285635 
0.396825 
0.449830 
0.344895 
0.557540 
0.356237 
0.409031 
2.154695 
1.918714 
2.810435 
1.566594 
0.340490 
0.378386 
0.587618 
0.939674 
0.351651 
1.641477 
1.049631 
1.956057 
0.860237 
1.453998 
0.238713 
0.217791 
0.864422 
0.271053 
0.064761 
2.664554 
1.299647 
1.035787 
1.014007 
2.564297 
0.158882 
0.164536 
2.199336 
0.580378 
0.785735 
0.681495 
0.944702 
0.453104 
0.987339 
2.446192 
0.163978 
0.090547 
1.966419 
4.167243 
0.334277 
4.206745 
0.795075 
3.277916 
1.173312 
1.486633 
1.332680 
0.268846 
0.898386 
2.911861 
0.236130 
1.371739 
1.307746 
2.545801 
0.031418 
1.805586 
0.995300 
1.134435 
1.146238 
0.829844 
1.502657 
0.587244 
0.521437 
0.210600 
2.187588 
1.670969 
1.956087 
1.081610 
3.139293 
1.656725 
1.835167 
2.195954 
1.627335 
1.422108 
0.295846 
0.877005 
0.444975 
1.286763 
0.149014 
0.706839 
2.696320 
2.012845 
0.901102 
2.280375 
0.281698 
1.550526 
1.409124 
0.329088 
0.230767 
0.362133 
0.185652 
1.210584 
0.039011 
0.314656 
0.941602 
1.001366 
0.904103 
1.162114 
0.726323 
1.069583 
0.339056 
0.318260 
0.089900 
0.731729 
1.430392 
1.157969 
0.572001 
0.277068 
1.361000 
0.693571 
1.024558 
6.884689 
0.253917 
0.732774 
1.159379 
2.736149 
0.668806 
1.325853 
1.073165 
1.770756 
0.252607 
1.427880 
2.857682 
1.993403 
3.499662 
0.074928 
0.259105 
1.638377 
0.778087 
1.723201 
0.376474 
3.662998 
1.628953 
0.957113 
2.476069 
0.649570 
1.445397 
0.164675 
0.903114 
0.137303 
3.126891 
2.028973 
1.412036 
2.255026 
0.216076 
1.111376 
5.105553 
2.127752 
0.026643 
0.031994 
1.046066 
4.183457 
0.590066 
0.719440 
4.696410 
0.584545 
0.335287 
1.130808 
2.303040 
1.048806 
5.132293 
0.316411 
0.468060 
0.925779 
4.155787 
0.176084 
0.254903 
0.958206 
1.690705 
0.188191 
2.364455 
1.026263 
0.186004 
2.156290 
0.902777 
2.648193 
0.538773 
0.952837 
2.725157 
0.703919 
0.348409 
0.021887 
0.399066 
1.489511 
0.527214 
0.257178 
0.154498 
1.210904 
1.337231 
0.228335 
0.442781 
0.936546 
0.338870 
0.399014 
0.265641 
2.140253 
1.872657 
0.533515 
1.279556 
0.725747 
0.260232 
0.569604 
0.676047 
0.542655 
0.039718 
1.607707 
0.092503 
5.459321 
0.809880 
2.600827 
0.213245 
1.346308 
1.771040 
0.128127 
1.506027 
2.597962 
0.882775 
0.049517 
2.870601 
1.206980 
1.106633 
1.234716 
0.081707 
0.721163 
0.236154 
3.584935 
0.783491 
0.167612 
0.109915 
0.686399 
0.349333 
1.221533 
1.461276 
0.808947 
0.339440 
0.363880 
0.158372 
2.975088 
0.431289 
0.427724 
1.054877 
0.500626 
1.357723 
1.227383 
0.334362 
2.472956 
2.076513 
1.696739 
2.042663 
0.052935 
0.650885 
0.568178 
0.065085 
0.205544 
1.428135 
6.655882 
0.546942 
5.342170 
1.585066 
0.006183 
1.311289 
0.977344 
0.300668 
2.381044 
7.861651 
1.311310 
1.270828 
0.253002 
0.179040 
1.221536 
1.521723 
0.396437 
0.671956 
1.994397 
1.116331 
0.613076 
2.294419 
1.323307 
1.689151 
1.961458 
0.562460 
0.382851 
1.333983 
0.283935 
0.453100 
0.903375 
2.103081 
0.557391 
3.688570 
1.768520 
6.144236 
0.332457 
1.822992 
0.934960 
0.101208 
1.115874 
2.534008 
3.584044 
2.190982 
0.767800 
0.479324 
0.450371 
0.666472 
6.026124 
0.835190 
0.040071 
0.786409 
0.458716 
0.044671 
0.232241 
0.218897 
0.491276 
0.776258 
0.603492 
0.477253 
3.278569 
0.307831 
0.335693 
2.617165 
0.686255 
0.147454 
0.377444 
2.013074 
0.165243 
0.651362 
0.330524 
0.542686 
0.442832 
0.036911 
3.635956 
0.498644 
0.735188 
2.781115 
0.471402 
0.021737 
0.330313 
0.170446 
0.473327 
0.149675 
0.987400 
0.331141 
2.582428 
0.193484 
1.259388 
0.498774 
1.267542 
0.269912 
0.580246 
0.509260 
1.395316 
0.051302 
1.447473 
2.342591 
0.194869 
0.040023 
2.092333 
8.173885 
0.668736 
0.135367 
2.796602 
1.866862 
0.258829 
1.289963 
0.704585 
0.667058 
1.371795 
2.945740 
0.002128 
0.932223 
0.850184 
2.090354 
0.150406 
0.888173 
0.136600 
0.276480 
0.230344 
0.604885 
0.088923 
2.300133 
0.974740 
0.093221 
0.299797 
0.655695 
0.451899 
0.055043 
0.652155 
1.344742 
1.154737 
0.150235 
0.664999 
0.253092 
0.207074 
1.154308 
2.090718 
0.019040 
0.615789 
0.920592 
0.568452 
0.687655 
0.173602 
0.512471 
3.096165 
0.265984 
1.317767 
2.961912 
0.989570 
0.980390 
0.079562 
1.039889 
1.598671 
1.506836 
0.158230 
0.258315 
2.600310 
0.474144 
1.863696 
1.816607 
2.141306 
0.399830 
0.512037 
4.684345 
2.909795 
1.072360 
0.217902 
1.914778 
1.397116 
3.185129 
0.630309 
0.061635 
1.364199 
2.281919 
0.749900 
0.911731 
1.262450 
0.500813 
0.596614 
0.189839 
0.690388 
1.164951 
0.875970 
0.501299 
2.337263 
0.720410 
0.638672 
1.975224 
3.881943 
0.878918 
0.227974 
0.211253 
0.722141 
1.293558 
1.151871 
1.778697 
1.208717 
0.815873 
0.632002 
0.003378 
2.284770 
0.752102 
4.237708 
1.130056 
1.671062 
0.164728 
0.220729 
0.974026 
1.249482 
0.951462 
0.274335 
0.705978 
0.306484 
1.552282 
0.732879 
0.652265 
0.980762 
0.536338 
2.313804 
1.765074 
2.546276 
2.142186 
0.543973 
1.533023 
1.452451 
1.525208 
0.024451 
0.294694 
4.868362 
0.432833 
0.452416 
5.566617 
0.189522 
1.356175 
1.213858 
1.602731 
1.596237 
1.385260 
1.788247 
0.016619 
0.369715 
4.639211 
1.121983 
0.926325 
0.818339 
2.222747 
1.400940 
1.239788 
0.631218 
0.958289 
0.386376 
0.432928 
0.325005 
2.737158 
2.613415 
0.690186 
0.034047 
0.478490 
0.875205 
0.248757 
0.300686 
0.070993 
1.570695 
2.101153 
1.290587 
0.668042 
0.973003 
0.414785 
1.439938 
0.143346 
1.344535 
1.328143 
0.286278 
0.043535 
3.840150 
1.226320 
2.623061 
2.120618 
2.744142 
3.815253 
0.018235 
0.596254 
0.116189 
2.008499 
0.084152 
0.208938 
0.648951 
1.354460 
2.401328 
0.059616 
0.010564 
0.118900 
4.551884 
0.634685 
0.110457 
0.450360 
0.460751 
0.560565 
1.585598 
9.540394 
1.350155 
0.437942 
2.145416 
5.902653 
0.114449 
2.224829 
0.408729 
2.216047 
2.061482 
5.519361 
0.658793 
0.440136 
0.030352 
0.511832 
0.137858 
1.975500 
1.495849 
6.066576 
0.424884 
2.299066 
0.497638 
0.272636 
1.162274 
0.436258 
0.914925 
0.844859 
0.140908 
0.985778 
0.384100 
0.432995 
2.541425 
1.103641 
4.137312 
1.937021 
1.073143 
1.247922 
2.074551 
2.318947 
0.432759 
1.075010 
0.466430 
0.190889 
2.762069 
0.959084 
0.393725 
0.340983 
0.691919 
1.211003 
0.230925 
0.086896 
1.351063 
0.690393 
1.294897 
6.385622 
0.249660 
0.677921 
0.326164 
0.269025 
0.893653 
0.991970 
0.365788 
1.566635 
0.615116 
2.913232 
2.698701 
0.555728 
0.554226 
0.243511 
1.729914 
1.275286 
2.020619 
3.069791 
0.921900 
2.350849 
1.246174 
0.206926 
2.610619 
3.598888 
0.689713 
0.454850 
0.315140 
1.530525 
2.995906 
2.099492 
1.076576 
0.361078 
0.383301 
0.305333 
0.442798 
1.454971 
0.333984 
2.571509 
0.153193 
1.348528 
2.729223 
0.560420 
0.747307 
0.159460 
0.236352 
0.280826 
0.159972 
0.625819 
3.326320 
0.879032 
3.352310 
0.559974 
1.000282 
3.412801 
1.457150 
0.481535 
3.879507 
0.192188 
0.422863 
0.093163 
0.775992 
0.717159 
0.788264 
1.736910 
2.271384 
0.221808 
0.049198 
1.300962 
2.032816 
1.283290 
0.697813 
1.582990 
0.300256 
0.607266 
0.147866 
0.488353 
0.595489 
1.097328 
1.281857 
0.945228 
1.286301 
2.807610 
2.525955 
0.160502 
2.324952 
0.946449 
0.655916 
0.124249 
0.237911 
0.021418 
2.556399 
2.809380 
0.413267 
1.548804 
0.054373 
0.891450 
3.142140 
1.438425 
1.519807 
1.477326 
1.382149 
8.654314 
2.213164 
0.610471 
0.030849 
0.092519 
0.262294 
0.740942 
0.477099 
0.825830 
1.051771 
0.382544 
0.999069 
1.019716 
0.121898 
1.378022 
1.373972 
1.219488 
0.509512 
5.011707 
2.720278 
0.430165 
0.544532 
1.342928 
0.455319 
1.436291 
1.380336 
3.786707 
2.511713 
0.728506 
0.284456 
0.043951 
0.918830 
3.200545 
1.484562 
0.332193 
6.109139 
0.206753 
2.390399 
0.111951 
0.326857 
0.959448 
0.999611 
2.403987 
0.151724 
1.411810 
2.421276 
2.060656 
2.810407 
1.409051 
3.045864 
4.849894 
1.363128 
0.035754 
0.537895 
1.581033 
2.436910 
5.210828 
0.667074 
2.017083 
1.305869 
0.031154 
0.290565 
3.611692 
0.771800 
1.603395 
0.245480 
0.137969 
0.239274 
0.988324 
2.961438 
5.439708 
0.774461 
0.332989 
0.594800 
1.656013 
0.371598 
0.312289 
0.213826 
0.671196 
1.661453 
0.725426 
1.657558 
1.546567 
0.612411 
0.405145 
0.389776 
1.002787 
0.199707 
0.157445 
1.148057 
0.411695 
0.251776 
0.462118 
0.507200 
2.568971 
2.865743 
0.477214 
1.035094 
0.787878 
3.971751 
0.158080 
0.550863 
1.091902 
0.202504 
0.021834 
0.991460 
0.175070 
0.010767 
2.755198 
1.854162 
0.400284 
2.496499 
1.788275 
0.130253 
0.341137 
0.064236 
4.458892 
0.279732 
0.092294 
0.438045 
2.078476 
1.279179 
1.209984 
4.243728 
0.154832 
1.524389 
1.927517 
2.311438 
2.883623 
0.636987 
6.222149 
1.795407 
1.208333 
0.900472 
1.422460 
1.567021 
2.450464 
4.293360 
0.559493 
0.524289 
2.516533 
2.179841 
0.056897 
0.007454 
0.303878 
1.102110 
0.653499 
0.972638 
0.024696 
0.979580 
0.068236 
1.038257 
0.164941 
1.704686 
2.622719 
0.403584 
1.689213 
0.018514 
0.269404 
1.611485 
3.662609 
0.786641 
0.002677 
0.181907 
3.497290 
0.318403 
1.106702 
0.030187 
0.153424 
0.833054 
0.182137 
1.435641 
3.142304 
2.428460 
0.376661 
2.328105 
3.516696 
0.111896 
0.952454 
0.780766 
0.424975 
1.595774 
3.934648 
0.785686 
0.092620 
0.833954 
0.659984 
2.801088 
3.678424 
0.068612 
0.858937 
2.074729 
0.426200 
1.466853 
1.078365 
0.743704 
0.123269 
2.676874 
0.797118 
1.205905 
0.113151 
0.686300 
0.773432 
1.470441 
0.608683 
0.021458 
0.659699 
1.134441 
1.242100 
3.055165 
0.550720 
0.484761 
0.016637 
0.867394 
0.583091 
1.854890 
0.759248 
0.157334 
0.367864 
0.028250 
2.246308 
0.452993 
0.847564 
1.831007 
0.175034 
1.017080 
0.463762 
3.016531 
1.489257 
0.471367 
1.417700 
0.393895 
3.864197 
0.785026 
0.402867 
1.147199 
1.339703 
0.917261 
1.559664 
1.911962 
1.235655 
1.743935 
0.005772 
5.077923 
0.152914 
0.357922 
1.462461 
0.629065 
1.810774 
1.591636 
1.006461 
0.610456 
2.819315 
1.779903 
0.797795 
0.840305 
1.061589 
0.302660 
0.672909 
0.609983 
3.251056 
0.826752 
0.068867 
2.315249 
1.597845 
1.272390 
1.810293 
0.324897 
1.671839 
2.202129 
1.357300 
1.553591 
0.822059 
0.094945 
0.566617 
0.805273 
0.068502 
0.088868 
0.186565 
0.867481 
4.420750 
1.451087 
0.007827 
0.549790 
0.167310 
0.685181 
1.277160 
2.557475 
1.491209 
0.326033 
2.004710 
0.053615 
0.730813 
1.638154 
1.359420 
0.441578 
3.390766 
0.430240 
0.126478 
0.107070 
0.449498 
0.079306 
0.345835 
0.243987 
0.228677 
0.338905 
1.254499 
0.442895 
1.223272 
0.838337 
3.135918 
0.330249 
0.745551 
3.893989 
0.343222 
2.568549 
0.275543 
2.015797 
0.404634 
0.270765 
2.359710 
0.292982 
0.473281 
1.414037 
0.810995 
2.023205 
1.359081 
1.818374 
0.418446 
1.614932 
1.023143 
0.995317 
1.506447 
1.013192 
4.596715 
1.154495 
2.081840 
0.032630 
0.227790 
0.051225 
1.345032 
3.393153 
0.447151 
0.983333 
0.300276 
1.167653 
2.141001 
0.990902 
1.551428 
0.216721 
0.112840 
0.837402 
0.662240 
0.058124 
0.364516 
1.315348 
1.104659 
1.246089 
1.626055 
0.070388 
1.958614 
0.979671 
1.160894 
3.965631 
3.112570 
1.518003 
1.006369 
2.199283 
0.366856 
1.397103 
2.477904 
1.482578 
0.201257 
0.549070 
1.824096 
3.320456 
0.417421 
1.272888 
0.258492 
2.467573 
0.146519 
1.793904 
2.727100 
0.392533 
0.402721 
0.214540 
1.642782 
0.338692 
0.626102 
0.395150 
0.936114 
0.786639 
5.219193 
5.063201 
0.028198 
0.184826 
1.913011 
1.232779 
0.538434 
0.888802 
0.435053 
2.309833 
1.126566 
1.337010 
0.201732 
3.668443 
0.610634 
0.609746 
3.490701 
0.172672 
0.194910 
0.877987 
2.937339 
1.628040 
0.337238 
0.179822 
0.011918 
1.594080 
1.327406 
1.915386 
0.662402 
0.515896 
0.033700 
1.242221 
0.890689 
2.399777 
0.108361 
1.539156 
1.215699 
0.133923 
3.668319 
0.454106 
0.159896 
0.792743 
0.172873 
1.047943 
3.482497 
1.655597 
1.910236 
1.451289 
2.333847 
0.999368 
0.597233 
0.602683 
0.833736 
2.724480 
0.725495 
0.385914 
1.212928 
6.210122 
1.900123 
1.131849 
0.913662 
0.373649 
0.217897 
1.610937 
3.417306 
0.662892 
0.400747 
0.819466 
1.923432 
0.424598 
0.061726 
2.586029 
0.073794 
0.567468 
2.595729 
2.680740 
0.523856 
4.547350 
3.443451 
1.656834 
0.218017 
0.170958 
0.825201 
0.217685 
0.405694 
1.563769 
0.792723 
5.124387 
1.253721 
0.772265 
0.189994 
0.382282 
2.905781 
0.955942 
0.826057 
0.240204 
0.196073 
0.372965 
0.243938 
1.150462 
0.282932 
0.419727 
0.464431 
0.337645 
0.642721 
3.174313 
0.977625 
3.951577 
0.877443 
0.351624 
0.743522 
1.576315 
0.111872 
0.341966 
1.586101 
2.626147 
1.567449 
0.833831 
0.985531 
1.712006 
1.315031 
0.142332 
0.197978 
1.657661 
0.110843 
0.283313 
0.789139 
0.119401 
0.403728 
0.250568 
1.382417 
0.253172 
0.071119 
0.583818 
0.012924 
1.000640 
0.148331 
0.063862 
0.058696 
2.152291 
0.214051 
0.065664 
1.793930 
4.630300 
3.031364 
1.217841 
5.493702 
1.293941 
0.695495 
1.200953 
1.260441 
0.832327 
0.084662 
1.748182 
3.385295 
1.369523 
1.662534 
0.350997 
3.427378 
1.419350 
0.568881 
0.211865 
1.064972 
1.603378 
0.158850 
1.640277 
0.402573 
1.412588 
0.315522 
1.989412 
0.353456 
0.768065 
0.390053 
0.527103 
0.256981 
2.859991 
2.131831 
1.770339 
2.269196 
0.868179 
1.486745 
0.157558 
6.039750 
1.899601 
0.126117 
1.018579 
0.422926 
1.388843 
1.075095 
1.983071 
0.263477 
1.366831 
1.361405 
0.368858 
0.273788 
0.595497 
1.319071 
0.010064 
0.295241 
3.272369 
0.786429 
0.755535 
0.946630 
1.009705 
5.022336 
0.316865 
0.228431 
0.651916 
1.571677 
0.959638 
1.711623 
0.557714 
1.840333 
0.962361 
2.288540 
0.569826 
0.533861 
1.651948 
2.509002 
1.548025 
0.043089 
4.572104 
2.574595 
0.317962 
2.693629 
1.834473 
1.538468 
3.744574 
2.116359 
1.192173 
0.401618 
0.236503 
3.289980 
1.566596 
0.350987 
2.213795 
1.971413 
1.095439 
0.058643 
0.176132 
1.768614 
0.424221 
0.545168 
0.428961 
1.223735 
2.206594 
1.475696 
8.724945 
1.066083 
0.168078 
1.565739 
5.325748 
3.691292 
0.991910 
2.658417 
0.283401 
0.734730 
0.689970 
0.492994 
0.544361 
0.194784 
0.032919 
0.107829 
3.874678 
0.667471 
4.935056 
0.672671 
0.853324 
0.613260 
0.594532 
0.767216 
0.028567 
0.203697 
0.042378 
0.725546 
1.318320 
0.839134 
0.735055 
2.695929 
0.309185 
2.024802 
2.210386 
0.259512 
0.441693 
0.063142 
0.990569 
1.372373 
0.823609 
4.667784 
0.107488 
1.167856 
2.879570 
0.279653 
0.268113 
0.573463 
2.366196 
6.849237 
0.839018 
1.282227 
0.466143 
0.696858 
0.383744 
1.475196 
3.590409 
0.611499 
1.253610 
3.134394 
1.278462 
0.228195 
1.432447 
0.542716 
1.015784 
0.963710 
0.436333 
0.363933 
1.332289 
0.600936 
1.638912 
0.602273 
0.051874 
0.443296 
0.831901 
0.113018 
1.646575 
1.819180 
1.850689 
2.271843 
0.187921 
1.242907 
3.287372 
0.493434 
0.684723 
0.042691 
1.235093 
3.647113 
4.723022 
3.105302 
4.948712 
1.170558 
0.247641 
1.088505 
5.354633 
2.029528 
0.168121 
0.332288 
6.091311 
0.983582 
1.691446 
1.408865 
0.143372 
5.855702 
0.036194 
0.428044 
1.481068 
5.322939 
0.776748 
4.369501 
2.428132 
1.288874 
0.318254 
0.010005 
0.602690 
0.985396 
3.147820 
0.994430 
0.418041 
1.701974 
1.336609 
0.445821 
1.878293 
4.369166 
1.629436 
0.414407 
4.070462 
0.954862 
1.391047 
0.416992 
0.693711 
1.348435 
0.770818 
0.892666 
0.010702 
0.000815 
0.459109 
1.829068 
0.269233 
2.177197 
4.588084 
3.065139 
0.641123 
2.487610 
0.035712 
1.882080 
0.121099 
1.243406 
0.648136 
0.063893 
0.726836 
0.826269 
1.326247 
0.648393 
0.175801 
1.844667 
1.373749 
1.234162 
0.414580 
1.361691 
0.972867 
0.714930 
0.512598 
0.097898 
0.354734 
1.539369 
0.751071 
0.386584 
0.614950 
0.887296 
0.359028 
0.165196 
2.223045 
0.511426 
0.644268 
0.970855 
3.145675 
0.518964 
2.060213 
1.835706 
0.790760 
2.016994 
0.670716 
3.013682 
0.685986 
6.284519 
1.489916 
6.340517 
3.169585 
1.832897 
2.928018 
0.379497 
1.347771 
0.710813 
1.185364 
2.491407 
1.772541 
3.099912 
0.299616 
0.743227 
0.865672 
1.440803 
1.776330 
0.081749 
6.010802 
0.032680 
2.314180 
0.941113 
0.709960 
0.042698 
1.627290 
0.917600 
3.138457 
2.543212 
1.217740 
0.776726 
2.046705 
0.624053 
0.431608 
0.635922 
0.343589 
1.545555 
0.786119 
0.289122 
0.232597 
0.342524 
1.054838 
0.145323 
0.056162 
0.379331 
4.873573 
1.086839 
1.021258 
0.460513 
0.139318 
2.665699 
0.650329 
2.373200 
1.540775 
3.259948 
2.517514 
0.930671 
0.883028 
1.619369 
1.769759 
4.836979 
0.616945 
0.241640 
0.844539 
2.746763 
1.553497 
0.170893 
1.509200 
1.007172 
1.425356 
0.163171 
0.409755 
8.208079 
4.244641 
0.839797 
0.072538 
3.589675 
2.491423 
1.930465 
0.223815 
0.302765 
0.998548 
0.616180 
1.920769 
1.638469 
1.969100 
0.416041 
0.090520 
0.713091 
0.257855 
1.547484 
3.481410 
2.742322 
0.499768 
1.876838 
1.422271 
2.985803 
4.450277 
0.258835 
1.509378 
0.385166 
0.095418 
0.719379 
0.875288 
1.662696 
2.086739 
0.240950 
1.263929 
1.023876 
3.301567 
0.411044 
1.718776 
0.714690 
0.845899 
0.419820 
0.312528 
1.570177 
2.363132 
4.137345 
2.032058 
1.425516 
1.990739 
2.020707 
0.197628 
1.152508 
0.246888 
0.087133 
1.611702 
1.653740 
0.309814 
1.053810 
0.175631 
1.664946 
1.549959 
0.838751 
1.930285 
1.308821 
3.511061 
1.940686 
2.218077 
0.489839 
0.220318 
1.924276 
1.402731 
0.728954 
1.155359 
0.703974 
1.366595 
1.160019 
0.439604 
2.694019 
0.548050 
1.836972 
0.491315 
2.163100 
0.615551 
0.947402 
0.769774 
2.276416 
2.228175 
1.335494 
0.235692 
1.334904 
0.735724 
3.722958 
0.135758 
1.697286 
1.394077 
1.136013 
0.253409 
1.597725 
0.277326 
0.875877 
1.505930 
0.829020 
3.598245 
4.617774 
0.139330 
0.046455 
0.038712 
0.271912 
1.082261 
1.164121 
0.148730 
3.625903 
0.599049 
1.836435 
1.460081 
0.901943 
0.604267 
2.397563 
2.285390 
1.752593 
0.537362 
4.518303 
0.651391 
0.775085 
2.042601 
2.598157 
2.175710 
0.992801 
0.505670 
2.800569 
0.330733 
1.015626 
1.098535 
0.652888 
1.118591 
2.411658 
1.394587 
2.270438 
0.205789 
1.003470 
0.419108 
0.333867 
1.281913 
2.008836 
3.805872 
0.673069 
1.352439 
1.416034 
0.133210 
0.100959 
0.652920 
2.427688 
2.119736 
1.800191 
1.346735 
1.537224 
0.134152 
1.977332 
1.366136 
0.980267 
0.437701 
0.826828 
1.074981 
0.200481 
0.325265 
1.295079 
2.407239 
0.438564 
2.213196 
0.764599 
1.559206 
0.054345 
0.210469 
0.433693 
1.313423 
1.036278 
0.757903 
0.181073 
4.389048 
0.186921 
1.680804 
7.055670 
1.362217 
3.142325 
2.641991 
1.376730 
3.143474 
0.094847 
0.148800 
2.031855 
0.218798 
0.243604 
2.061303 
0.934768 
2.266616 
0.015062 
3.052557 
0.749484 
0.654229 
0.744025 
0.858508 
2.713919 
3.592633 
5.051232 
0.787806 
0.711204 
1.223737 
2.291008 
0.945328 
0.415537 
0.140109 
1.364250 
0.099704 
0.577949 
1.034299 
1.840189 
0.143719 
0.391951 
0.710017 
0.782977 
0.597856 
1.356131 
0.684328 
3.125911 
1.864075 
2.875012 
0.493094 
0.411983 
0.050063 
0.245356 
1.474371 
0.993874 
2.793026 
2.332629 
0.130576 
0.386654 
0.135456 
0.011644 
3.764510 
0.372444 
2.449596 
0.577077 
0.072252 
0.280144 
1.119677 
2.277849 
2.483631 
3.466825 
0.665848 
5.794610 
0.187421 
1.440065 
1.278816 
2.562397 
3.607134 
0.373534 
5.491204 
0.408043 
0.054033 
0.008001 
1.799244 
1.448909 
2.594278 
0.915990 
0.716283 
1.666902 
1.052946 
0.145012 
0.288037 
0.428447 
1.195426 
0.163559 
5.459459 
0.860526 
1.333438 
1.437021 
1.783408 
1.271478 
0.519414 
2.623546 
1.103717 
0.599770 
2.632302 
0.744051 
1.480887 
0.345469 
0.543717 
0.722069 
0.134104 
0.269931 
1.093260 
1.931968 
0.618577 
1.855521 
0.534997 
2.628888 
0.082992 
0.155650 
1.500046 
2.720804 
0.088302 
2.165300 
0.857321 
1.833749 
0.870361 
0.792952 
1.231680 
2.263783 
3.943048 
