1.641528 
0.649671 
0.575274 
2.044221 
0.649399 
0.213335 
0.619833 
0.176026 
0.115068 
1.746159 
1.712084 
1.863299 
0.938280 
0.262360 
1.179249 
0.274104 
0.201803 
0.930561 
1.017805 
0.407280 
0.118222 
2.274972 
1.242510 
0.343051 
3.869188 
0.558681 
3.065559 
1.647161 
0.741480 
1.732758 
1.492838 
2.614095 
0.115616 
1.625971 
1.029301 
2.756554 
0.132037 
0.245244 
1.095541 
1.470432 
1.069499 
1.555472 
0.335436 
1.006942 
2.223114 
0.216098 
1.734981 
0.066072 
0.576029 
0.526052 
0.116344 
6.981245 
0.010607 
2.836724 
0.452075 
1.398605 
0.204866 
1.676666 
2.949867 
0.930800 
0.142055 
0.512553 
0.697847 
0.366623 
1.096210 
0.758585 
5.354064 
0.006335 
0.808314 
1.023523 
0.819055 
3.284001 
0.186060 
3.583535 
1.325120 
0.353383 
0.293857 
0.874753 
0.171924 
0.603174 
3.993633 
0.325391 
1.636684 
0.135501 
1.039768 
1.961085 
3.287950 
1.530264 
1.219025 
0.433213 
0.005569 
2.052604 
1.522876 
1.226307 
0.152844 
5.519243 
3.647123 
0.720343 
1.725345 
0.175672 
2.025885 
0.442525 
0.946252 
0.137352 
1.529900 
0.283975 
1.569743 
1.087909 
1.346570 
3.578833 
0.494398 
0.425617 
1.143848 
2.325896 
0.901710 
0.331231 
3.977599 
0.166376 
2.905651 
0.955638 
1.191148 
0.385259 
0.629064 
4.156141 
1.040654 
0.023688 
0.859366 
0.836506 
0.962501 
2.286010 
1.706590 
0.378725 
2.267275 
0.614863 
0.877305 
0.528360 
3.116477 
0.016599 
2.576906 
0.261667 
2.033816 
1.783770 
1.846666 
2.637064 
0.221669 
1.793312 
2.690195 
0.025988 
0.083688 
0.236880 
1.746774 
1.761501 
1.063279 
2.757341 
0.285695 
1.562324 
0.653490 
0.738355 
0.176764 
0.024340 
0.758222 
0.413166 
1.306947 
0.345796 
2.015020 
0.064981 
2.845893 
0.509064 
0.874802 
0.751458 
1.823126 
0.675059 
0.168425 
2.449285 
3.522891 
1.423742 
1.809756 
0.293091 
0.142073 
1.033911 
0.316683 
0.641309 
5.293560 
4.351574 
1.427282 
2.691163 
0.744592 
0.308138 
0.214660 
3.112139 
0.785037 
1.551810 
0.252452 
1.216529 
1.195314 
2.355893 
0.361329 
2.248058 
0.589269 
0.763029 
0.007212 
1.471802 
0.299946 
0.141380 
3.403192 
0.122880 
2.304921 
2.431189 
1.801515 
1.050467 
0.891115 
3.267799 
0.502658 
1.291820 
0.842113 
1.031435 
0.996581 
2.433084 
0.383038 
2.116797 
4.558470 
0.918255 
1.900773 
2.991685 
1.960462 
0.320375 
0.076312 
0.910864 
0.799349 
0.456122 
0.849578 
0.332896 
1.232108 
0.412187 
3.506060 
0.114589 
1.319398 
1.186029 
1.245995 
0.970395 
0.367004 
0.903014 
2.304813 
1.242577 
1.048191 
0.314763 
1.614924 
0.780696 
0.079550 
0.050055 
1.226958 
0.616470 
5.817519 
0.203664 
0.977484 
0.533486 
0.061745 
2.970282 
1.960040 
0.099027 
0.374244 
5.191463 
2.314610 
1.319071 
0.129227 
2.547390 
0.461747 
0.353044 
1.393686 
1.212571 
0.796753 
1.165576 
0.144690 
0.124259 
0.397975 
3.031973 
1.332183 
3.494419 
0.377376 
0.072038 
0.374814 
2.102315 
0.013818 
0.660556 
1.425247 
0.285216 
0.692766 
0.603076 
0.175621 
0.263592 
0.783045 
0.292121 
0.761144 
0.021530 
2.278582 
0.310384 
0.772432 
0.757566 
0.617684 
0.215156 
1.617011 
0.104847 
0.189267 
0.531778 
1.456996 
0.026370 
0.434500 
0.989723 
2.611007 
0.251846 
1.720377 
1.038697 
0.818327 
1.820803 
0.434980 
0.328511 
0.027260 
0.808926 
3.489552 
0.977007 
0.613056 
0.512914 
1.641327 
1.449792 
4.070595 
1.375235 
0.141187 
0.943277 
0.195722 
0.548898 
0.960566 
1.398150 
0.226871 
0.292872 
1.512072 
2.906980 
0.268782 
1.471126 
0.703913 
1.221235 
0.838095 
1.198842 
0.100226 
1.557451 
2.050926 
0.754859 
0.286063 
1.889386 
0.052076 
1.785631 
1.356446 
1.924834 
0.547653 
0.861506 
0.174856 
3.276536 
0.514245 
2.712875 
0.738661 
0.719687 
1.521846 
1.050306 
1.059264 
1.374636 
0.708052 
2.087881 
1.596351 
0.313724 
0.924327 
0.363559 
3.376738 
0.155818 
1.124311 
0.848244 
0.041727 
0.580134 
2.460341 
4.132104 
3.173496 
0.142708 
0.768174 
0.098470 
0.107181 
0.094262 
1.419265 
1.095360 
1.408666 
2.814046 
0.206166 
0.121102 
0.526240 
1.895554 
2.655528 
1.341755 
3.557836 
0.435781 
0.052557 
0.299761 
0.111250 
0.132580 
5.720596 
0.081051 
1.444382 
0.392193 
1.276891 
1.930628 
1.249502 
3.006354 
1.379857 
1.272157 
2.528238 
3.730676 
0.996559 
1.586877 
0.010506 
0.842735 
2.698600 
0.803391 
0.511453 
0.584631 
1.241382 
1.214486 
0.325712 
0.230261 
0.743051 
1.143109 
2.398277 
0.197494 
0.689802 
0.071663 
0.452443 
0.302510 
0.051554 
1.722373 
0.327578 
0.094809 
1.780030 
3.022831 
0.608167 
0.240839 
0.286987 
4.569332 
3.139261 
0.987001 
0.200849 
0.326527 
2.487542 
0.710763 
2.234671 
0.666596 
0.537248 
1.794184 
1.193734 
1.378233 
0.708379 
0.541492 
1.445737 
4.345830 
0.957160 
0.317248 
0.791597 
0.536088 
0.587852 
0.456366 
2.247887 
0.024533 
0.146927 
2.237862 
0.537484 
2.652847 
0.990911 
0.228942 
0.279366 
1.358005 
2.236252 
2.394331 
1.258853 
4.192492 
0.406170 
0.023757 
0.735063 
0.240019 
2.029910 
1.495780 
1.668735 
0.525966 
0.460273 
0.265110 
0.912602 
2.487262 
3.676791 
0.124682 
1.162730 
0.004613 
0.789999 
1.814322 
0.505418 
0.066401 
1.627458 
3.498773 
1.040202 
0.539184 
0.117277 
2.253592 
0.373811 
0.951835 
1.009828 
0.399683 
0.097537 
0.050373 
2.990276 
0.226782 
0.250835 
0.394526 
0.263387 
0.230913 
5.797215 
2.841585 
1.463271 
0.065326 
0.792189 
1.245439 
1.913619 
1.205596 
2.034076 
0.699991 
0.042524 
0.208761 
1.336880 
1.046480 
0.298944 
0.228326 
0.086282 
0.041519 
0.997743 
3.816986 
1.239364 
1.041432 
1.094649 
1.422250 
0.604455 
2.001042 
0.468857 
2.131784 
1.542082 
1.264736 
1.728495 
1.091729 
0.339778 
0.770914 
0.410110 
0.421989 
3.116382 
2.950852 
1.531791 
1.127543 
0.291097 
0.297733 
3.480058 
0.376179 
1.969901 
3.348494 
0.151261 
0.713216 
2.118840 
2.510967 
0.468534 
1.759131 
3.188945 
0.579522 
1.050934 
0.346359 
1.556428 
2.792143 
0.797308 
1.155727 
1.340501 
0.271952 
0.198885 
3.634308 
2.013221 
0.514850 
0.628182 
1.283847 
0.466454 
0.044648 
2.170681 
0.695321 
0.749451 
1.653004 
0.193789 
0.532874 
0.967994 
0.376921 
0.630974 
1.921220 
0.228307 
2.320777 
0.246207 
1.046415 
2.197540 
0.585358 
2.680504 
0.931026 
1.011516 
0.761560 
0.141989 
0.898733 
0.946018 
1.172848 
0.967996 
0.398300 
0.242833 
0.043847 
0.034907 
2.324162 
0.036838 
0.141755 
1.126383 
2.416385 
0.372350 
0.961183 
1.006456 
2.772266 
0.108475 
1.199309 
0.811132 
1.359422 
0.329744 
0.197065 
0.497178 
0.065050 
2.127054 
0.806469 
0.592321 
1.083025 
5.255649 
0.663311 
3.111794 
0.150749 
0.166885 
0.139152 
0.251088 
0.201311 
1.497269 
1.620336 
0.223987 
1.615589 
2.808193 
0.398173 
2.866154 
1.128167 
1.201066 
0.928694 
0.875492 
0.163329 
1.491888 
0.064169 
0.163233 
0.920190 
0.602628 
0.494691 
0.017882 
1.079023 
0.293154 
1.983384 
0.441030 
0.078117 
0.338501 
4.990897 
0.701063 
0.627256 
4.274382 
4.496183 
0.779735 
0.046826 
0.268910 
0.183310 
3.070628 
0.350543 
0.966953 
1.704523 
0.399221 
0.694278 
0.392038 
0.108867 
1.268420 
1.524742 
4.747426 
0.578675 
0.375535 
0.297105 
0.100029 
0.250263 
1.790490 
0.015624 
0.633484 
0.961734 
0.039326 
2.402762 
1.259826 
1.637240 
0.122541 
0.984789 
0.899840 
2.490788 
0.207048 
0.812031 
0.097770 
0.066847 
1.260830 
1.313042 
2.798636 
0.496664 
0.418135 
2.562880 
0.152539 
0.313036 
0.156949 
0.875265 
1.076705 
6.219860 
1.501525 
2.117262 
0.118253 
0.334604 
1.710171 
0.518898 
0.369137 
0.849231 
2.253136 
0.412678 
2.028017 
2.092828 
2.492134 
0.885124 
2.828295 
0.227281 
4.033864 
0.140984 
0.023038 
1.067927 
1.392173 
6.488380 
1.155072 
0.228945 
0.323271 
0.100634 
4.783759 
4.405422 
0.470176 
0.470183 
0.590037 
0.062282 
0.073054 
1.292262 
1.138669 
2.125157 
4.292421 
0.117979 
1.705243 
1.518278 
0.838704 
2.471191 
0.687286 
0.273643 
0.020581 
1.908689 
1.070902 
1.800961 
2.298421 
0.816977 
0.296115 
0.343774 
1.011039 
1.076168 
3.190553 
3.904589 
1.987817 
0.232359 
1.439820 
0.088582 
5.003132 
0.134522 
0.463180 
2.875574 
1.326965 
2.028671 
0.863263 
0.167414 
0.999106 
0.369278 
3.864460 
1.583752 
0.479461 
2.486460 
0.928017 
0.186948 
1.105647 
0.391107 
1.373133 
1.646225 
0.174726 
0.531478 
0.012520 
0.708112 
0.415518 
4.945495 
0.460072 
0.396299 
0.075980 
0.228455 
1.001477 
1.404863 
0.641924 
0.044837 
0.603291 
3.741770 
0.761573 
0.276016 
0.727133 
1.854912 
1.071922 
1.191272 
2.984559 
0.907089 
1.432919 
2.433170 
0.678371 
0.883651 
0.036820 
2.440330 
1.080318 
1.077378 
2.159505 
1.351470 
0.342346 
0.933340 
0.765005 
1.270370 
0.272799 
1.111833 
1.321829 
3.782178 
0.113676 
0.050149 
2.777769 
1.518423 
0.095924 
0.262016 
1.674761 
0.447590 
0.837455 
0.220882 
1.121548 
0.464667 
0.067417 
0.263758 
0.505047 
1.255482 
0.639355 
3.333953 
0.929159 
0.893460 
0.956287 
1.538431 
0.797492 
3.517020 
0.460104 
1.049336 
3.066223 
0.760242 
0.459220 
0.177487 
1.703635 
0.389743 
2.523622 
0.096321 
0.495285 
0.895984 
0.462212 
1.383120 
0.131162 
0.269626 
0.197006 
1.229741 
0.629533 
2.340468 
1.580911 
1.378879 
0.446791 
1.906875 
0.627790 
0.619009 
0.346031 
0.391757 
0.340056 
0.620590 
0.740472 
0.193390 
1.106733 
0.480230 
0.116326 
1.719073 
0.301480 
2.121077 
0.314534 
0.380633 
0.472026 
2.030870 
0.249914 
2.000200 
0.121520 
1.254817 
0.179945 
0.649541 
0.465425 
0.357389 
3.555557 
1.283911 
1.188109 
0.779767 
0.383121 
1.349268 
0.323503 
0.990695 
2.290719 
0.970297 
1.257560 
1.183558 
1.655203 
2.895447 
1.959384 
0.401580 
0.128544 
0.402667 
6.590273 
1.685922 
2.266745 
0.393546 
0.446113 
0.342045 
0.552932 
0.353293 
0.405651 
2.136888 
1.902857 
2.787208 
1.553647 
0.337676 
0.375259 
0.582761 
0.931908 
0.348745 
1.627911 
1.040957 
1.939891 
0.853128 
1.441981 
0.236741 
0.215991 
0.857278 
0.268813 
0.064226 
2.642533 
1.288906 
1.027227 
1.005627 
2.543105 
0.157568 
0.163176 
2.181160 
0.575581 
0.779242 
0.675863 
0.936895 
0.449359 
0.979179 
2.425975 
0.162622 
0.089799 
1.950168 
4.132803 
0.331514 
4.171978 
0.788504 
3.250825 
1.163615 
1.474347 
1.321666 
0.266624 
0.890961 
2.887796 
0.234179 
1.360402 
1.296938 
2.524762 
0.031158 
1.790664 
0.987075 
1.125060 
1.136765 
0.822986 
1.490239 
0.582391 
0.517127 
0.208860 
2.169509 
1.657159 
1.939921 
1.072672 
3.113349 
1.643033 
1.820000 
2.177805 
1.613885 
1.410356 
0.293401 
0.869757 
0.441298 
1.276128 
0.147783 
0.700997 
2.674037 
1.996210 
0.893655 
2.261529 
0.279370 
1.537712 
1.397479 
0.326368 
0.228860 
0.359140 
0.184118 
1.200579 
0.038689 
0.312056 
0.933820 
0.993090 
0.896631 
1.152510 
0.720321 
1.060743 
0.336254 
0.315629 
0.089157 
0.725682 
1.418570 
1.148399 
0.567274 
0.274779 
1.349752 
0.687839 
1.016091 
6.827791 
0.251819 
0.726718 
1.149797 
2.713536 
0.663279 
1.314896 
1.064295 
1.756122 
0.250520 
1.416079 
2.834065 
1.976928 
3.470739 
0.074309 
0.256963 
1.624836 
0.771657 
1.708959 
0.373363 
3.632725 
1.615491 
0.949203 
2.455606 
0.644201 
1.433451 
0.163314 
0.895650 
0.136168 
3.101049 
2.012204 
1.400367 
2.236390 
0.214291 
1.102191 
5.063358 
2.110167 
0.026423 
0.031730 
1.037421 
4.148883 
0.585190 
0.713494 
4.657597 
0.579714 
0.332516 
1.121462 
2.284007 
1.040138 
5.089877 
0.313796 
0.464192 
0.918128 
4.121442 
0.174629 
0.252796 
0.950287 
1.676732 
0.186636 
2.344914 
1.017781 
0.184467 
2.138470 
0.895316 
2.626307 
0.534321 
0.944962 
2.702635 
0.698101 
0.345530 
0.021706 
0.395768 
1.477201 
0.522857 
0.255052 
0.153221 
1.200897 
1.326180 
0.226448 
0.439122 
0.928806 
0.336070 
0.395717 
0.263445 
2.122565 
1.857180 
0.529106 
1.268981 
0.719749 
0.258081 
0.564896 
0.670460 
0.538170 
0.039390 
1.594420 
0.091739 
5.414203 
0.803187 
2.579333 
0.211483 
1.335182 
1.756403 
0.127068 
1.493580 
2.576491 
0.875479 
0.049107 
2.846877 
1.197005 
1.097487 
1.224512 
0.081032 
0.715203 
0.234202 
3.555308 
0.777016 
0.166227 
0.109006 
0.680727 
0.346446 
1.211437 
1.449199 
0.802261 
0.336635 
0.360873 
0.157063 
2.950501 
0.427724 
0.424189 
1.046159 
0.496489 
1.346502 
1.217240 
0.331599 
2.452518 
2.059351 
1.682716 
2.025782 
0.052497 
0.645506 
0.563482 
0.064547 
0.203845 
1.416332 
6.600874 
0.542422 
5.298020 
1.571966 
0.006132 
1.300452 
0.969267 
0.298183 
2.361366 
7.796679 
1.300472 
1.260325 
0.250911 
0.177560 
1.211440 
1.509147 
0.393161 
0.666403 
1.977914 
1.107105 
0.608009 
2.275457 
1.312370 
1.675191 
1.945247 
0.557811 
0.379687 
1.322958 
0.281588 
0.449356 
0.895909 
2.085700 
0.552785 
3.658086 
1.753904 
6.093457 
0.329709 
1.807926 
0.927234 
0.100372 
1.106652 
2.513066 
3.554423 
2.172875 
0.761455 
0.475363 
0.446649 
0.660964 
5.976321 
0.828288 
0.039740 
0.779910 
0.454925 
0.044302 
0.230322 
0.217088 
0.487216 
0.769842 
0.598504 
0.473309 
3.251473 
0.305287 
0.332919 
2.595535 
0.680584 
0.146235 
0.374324 
1.996437 
0.163878 
0.645979 
0.327792 
0.538201 
0.439172 
0.036606 
3.605907 
0.494523 
0.729112 
2.758131 
0.467506 
0.021558 
0.327583 
0.169038 
0.469415 
0.148438 
0.979239 
0.328404 
2.561085 
0.191885 
1.248980 
0.494652 
1.257066 
0.267681 
0.575450 
0.505051 
1.383784 
0.050878 
1.435511 
2.323230 
0.193259 
0.039692 
2.075041 
8.106332 
0.663210 
0.134248 
2.773490 
1.851434 
0.256690 
1.279302 
0.698762 
0.661545 
1.360458 
2.921395 
0.002111 
0.924519 
0.843157 
2.073078 
0.149163 
0.880832 
0.135471 
0.274195 
0.228440 
0.599886 
0.088188 
2.281124 
0.966684 
0.092450 
0.297319 
0.650276 
0.448164 
0.054588 
0.646766 
1.333629 
1.145194 
0.148993 
0.659503 
0.251000 
0.205362 
1.144769 
2.073439 
0.018883 
0.610700 
0.912984 
0.563754 
0.681972 
0.172167 
0.508236 
3.070577 
0.263786 
1.306876 
2.937434 
0.981391 
0.972288 
0.078905 
1.031295 
1.585459 
1.494383 
0.156923 
0.256180 
2.578820 
0.470225 
1.848293 
1.801594 
2.123609 
0.396526 
0.507806 
4.645632 
2.885747 
1.063498 
0.216101 
1.898953 
1.385570 
3.158805 
0.625100 
0.061126 
1.352925 
2.263060 
0.743703 
0.904196 
1.252017 
0.496674 
0.591683 
0.188270 
0.684682 
1.155323 
0.868730 
0.497156 
2.317947 
0.714456 
0.633393 
1.958900 
3.849861 
0.871654 
0.226090 
0.209507 
0.716173 
1.282868 
1.142352 
1.763997 
1.198728 
0.809131 
0.626779 
0.003350 
2.265888 
0.745886 
4.202685 
1.120717 
1.657252 
0.163366 
0.218905 
0.965976 
1.239156 
0.943599 
0.272068 
0.700143 
0.303951 
1.539453 
0.726823 
0.646874 
0.972656 
0.531906 
2.294681 
1.750486 
2.525233 
2.124482 
0.539478 
1.520354 
1.440448 
1.512603 
0.024249 
0.292259 
4.828128 
0.429256 
0.448677 
5.520612 
0.187956 
1.344967 
1.203826 
1.589485 
1.583045 
1.373812 
1.773468 
0.016482 
0.366660 
4.600870 
1.112711 
0.918669 
0.811576 
2.204378 
1.389362 
1.229542 
0.626002 
0.950369 
0.383183 
0.429350 
0.322319 
2.714537 
2.591817 
0.684482 
0.033766 
0.474536 
0.867972 
0.246701 
0.298201 
0.070406 
1.557714 
2.083788 
1.279921 
0.662521 
0.964962 
0.411357 
1.428037 
0.142161 
1.333423 
1.317167 
0.283913 
0.043175 
3.808413 
1.216186 
2.601383 
2.103092 
2.721463 
3.783722 
0.018084 
0.591327 
0.115229 
1.991900 
0.083457 
0.207211 
0.643588 
1.343267 
2.381483 
0.059124 
0.010477 
0.117917 
4.514265 
0.629440 
0.109544 
0.446638 
0.456943 
0.555933 
1.572494 
9.461548 
1.338997 
0.434323 
2.127686 
5.853871 
0.113503 
2.206442 
0.405351 
2.197732 
2.044445 
5.473746 
0.653348 
0.436498 
0.030101 
0.507602 
0.136719 
1.959174 
1.483487 
6.016439 
0.421373 
2.280065 
0.493526 
0.270383 
1.152668 
0.432653 
0.907364 
0.837877 
0.139743 
0.977631 
0.380925 
0.429416 
2.520422 
1.094520 
4.103119 
1.921013 
1.064274 
1.237608 
2.057406 
2.299782 
0.429182 
1.066126 
0.462575 
0.189312 
2.739242 
0.951158 
0.390471 
0.338165 
0.686201 
1.200995 
0.229017 
0.086178 
1.339897 
0.684687 
1.284195 
6.332848 
0.247597 
0.672318 
0.323469 
0.266802 
0.886267 
0.983772 
0.362765 
1.553687 
0.610033 
2.889156 
2.676398 
0.551135 
0.549646 
0.241498 
1.715617 
1.264746 
2.003920 
3.044421 
0.914281 
2.331421 
1.235875 
0.205216 
2.589043 
3.569145 
0.684013 
0.451091 
0.312536 
1.517876 
2.971147 
2.082141 
1.067678 
0.358094 
0.380133 
0.302810 
0.439138 
1.442946 
0.331223 
2.550256 
0.151927 
1.337383 
2.706668 
0.555789 
0.741131 
0.158143 
0.234398 
0.278505 
0.158650 
0.620647 
3.298830 
0.871767 
3.324605 
0.555346 
0.992015 
3.384596 
1.445107 
0.477556 
3.847445 
0.190600 
0.419369 
0.092393 
0.769579 
0.711232 
0.781750 
1.722555 
2.252612 
0.219975 
0.048791 
1.290210 
2.016016 
1.272685 
0.692046 
1.569908 
0.297774 
0.602248 
0.146644 
0.484317 
0.590568 
1.088259 
1.271263 
0.937416 
1.275671 
2.784407 
2.505079 
0.159176 
2.305738 
0.938627 
0.650496 
0.123222 
0.235945 
0.021241 
2.535272 
2.786162 
0.409852 
1.536004 
0.053923 
0.884083 
3.116172 
1.426537 
1.507247 
1.465116 
1.370726 
8.582791 
2.194873 
0.605426 
0.030594 
0.091754 
0.260126 
0.734819 
0.473156 
0.819005 
1.043078 
0.379383 
0.990812 
1.011288 
0.120891 
1.366634 
1.362617 
1.209410 
0.505301 
4.970288 
2.697796 
0.426610 
0.540032 
1.331829 
0.451556 
1.424421 
1.368928 
3.755411 
2.490955 
0.722486 
0.282105 
0.043588 
0.911237 
3.174094 
1.472293 
0.329448 
6.058650 
0.205044 
2.370643 
0.111025 
0.324156 
0.951518 
0.991350 
2.384119 
0.150470 
1.400142 
2.401266 
2.043626 
2.787181 
1.397406 
3.020691 
4.809812 
1.351863 
0.035458 
0.533450 
1.567967 
2.416770 
5.167763 
0.661561 
2.000413 
1.295077 
0.030897 
0.288164 
3.581843 
0.765422 
1.590143 
0.243451 
0.136829 
0.237297 
0.980156 
2.936963 
5.394752 
0.768060 
0.330237 
0.589885 
1.642327 
0.368527 
0.309708 
0.212058 
0.665649 
1.647722 
0.719431 
1.643859 
1.533786 
0.607350 
0.401797 
0.386554 
0.994500 
0.198057 
0.156143 
1.138569 
0.408292 
0.249695 
0.458299 
0.503008 
2.547740 
2.842059 
0.473271 
1.026540 
0.781367 
3.938927 
0.156774 
0.546311 
1.082878 
0.200830 
0.021654 
0.983266 
0.173624 
0.010678 
2.732428 
1.838838 
0.396976 
2.475866 
1.773496 
0.129176 
0.338318 
0.063705 
4.422042 
0.277421 
0.091532 
0.434424 
2.061299 
1.268607 
1.199984 
4.208655 
0.153552 
1.511791 
1.911587 
2.292335 
2.859791 
0.631723 
6.170726 
1.780569 
1.198347 
0.893030 
1.410705 
1.554070 
2.430212 
4.257877 
0.554869 
0.519956 
2.495735 
2.161826 
0.056426 
0.007393 
0.301367 
1.093001 
0.648098 
0.964600 
0.024492 
0.971484 
0.067672 
1.029676 
0.163578 
1.690598 
2.601044 
0.400249 
1.675252 
0.018361 
0.267178 
1.598167 
3.632339 
0.780140 
0.002655 
0.180404 
3.468386 
0.315771 
1.097556 
0.029938 
0.152156 
0.826169 
0.180632 
1.423776 
3.116335 
2.408390 
0.373549 
2.308865 
3.487633 
0.110971 
0.944582 
0.774313 
0.421462 
1.582585 
3.902130 
0.779193 
0.091855 
0.827062 
0.654530 
2.777939 
3.648024 
0.068045 
0.851838 
2.057582 
0.422677 
1.454731 
1.069453 
0.737557 
0.122250 
2.654751 
0.790530 
1.195939 
0.112216 
0.680629 
0.767040 
1.458289 
0.603652 
0.021280 
0.654247 
1.125065 
1.231835 
3.029916 
0.546168 
0.480755 
0.016500 
0.860226 
0.578273 
1.839560 
0.752973 
0.156034 
0.364824 
0.028016 
2.227743 
0.449250 
0.840559 
1.815875 
0.173587 
1.008674 
0.459930 
2.991601 
1.476949 
0.467471 
1.405983 
0.390640 
3.832261 
0.778538 
0.399537 
1.137718 
1.328631 
0.909681 
1.546774 
1.896161 
1.225443 
1.729523 
0.005724 
5.035957 
0.151650 
0.354964 
1.450375 
0.623866 
1.795809 
1.578482 
0.998143 
0.605411 
2.796015 
1.765193 
0.791202 
0.833360 
1.052816 
0.300159 
0.667348 
0.604942 
3.224188 
0.819920 
0.068298 
2.296115 
1.584640 
1.261874 
1.795332 
0.322212 
1.658022 
2.183930 
1.346082 
1.540751 
0.815266 
0.094160 
0.561934 
0.798618 
0.067936 
0.088133 
0.185023 
0.860312 
4.384214 
1.439094 
0.007762 
0.545246 
0.165927 
0.679519 
1.266605 
2.536339 
1.478885 
0.323339 
1.988142 
0.053172 
0.724773 
1.624615 
1.348185 
0.437928 
3.362743 
0.426685 
0.125432 
0.106185 
0.445783 
0.078651 
0.342977 
0.241971 
0.226787 
0.336104 
1.244132 
0.439235 
1.213163 
0.831409 
3.110001 
0.327520 
0.739389 
3.861807 
0.340386 
2.547321 
0.273266 
1.999137 
0.401290 
0.268527 
2.340208 
0.290560 
0.469370 
1.402351 
0.804293 
2.006484 
1.347849 
1.803346 
0.414988 
1.601585 
1.014687 
0.987092 
1.493998 
1.004818 
4.558725 
1.144954 
2.064635 
0.032360 
0.225908 
0.050802 
1.333916 
3.365111 
0.443455 
0.975206 
0.297795 
1.158003 
2.123307 
0.982713 
1.538606 
0.214930 
0.111908 
0.830481 
0.656767 
0.057643 
0.361504 
1.304478 
1.095529 
1.235791 
1.612616 
0.069806 
1.942427 
0.971574 
1.151300 
3.932858 
3.086847 
1.505458 
0.998051 
2.181108 
0.363824 
1.385557 
2.457426 
1.470325 
0.199594 
0.544532 
1.809020 
3.293015 
0.413971 
1.262368 
0.256356 
2.447180 
0.145308 
1.779078 
2.704562 
0.389289 
0.399393 
0.212767 
1.629205 
0.335892 
0.620928 
0.391885 
0.928378 
0.780138 
5.176059 
5.021356 
0.027965 
0.183299 
1.897201 
1.222591 
0.533984 
0.881457 
0.431458 
2.290744 
1.117255 
1.325960 
0.200065 
3.638126 
0.605588 
0.604707 
3.461852 
0.171245 
0.193299 
0.870731 
2.913063 
1.614585 
0.334451 
0.178336 
0.011820 
1.580906 
1.316436 
1.899557 
0.656928 
0.511632 
0.033422 
1.231954 
0.883328 
2.379945 
0.107466 
1.526436 
1.205652 
0.132816 
3.638002 
0.450353 
0.158575 
0.786192 
0.171445 
1.039282 
3.453716 
1.641914 
1.894449 
1.439295 
2.314559 
0.991109 
0.592297 
0.597702 
0.826845 
2.701963 
0.719499 
0.382724 
1.202904 
6.158799 
1.884420 
1.122495 
0.906112 
0.370561 
0.216096 
1.597624 
3.389064 
0.657414 
0.397435 
0.812694 
1.907536 
0.421089 
0.061216 
2.564657 
0.073184 
0.562778 
2.574277 
2.658585 
0.519527 
4.509769 
3.414993 
1.643141 
0.216215 
0.169545 
0.818381 
0.215886 
0.402341 
1.550845 
0.786172 
5.082036 
1.243360 
0.765883 
0.188424 
0.379123 
2.881766 
0.948042 
0.819231 
0.238219 
0.194453 
0.369882 
0.241922 
1.140954 
0.280594 
0.416258 
0.460592 
0.334855 
0.637409 
3.148079 
0.969546 
3.918919 
0.870191 
0.348718 
0.737377 
1.563287 
0.110948 
0.339139 
1.572993 
2.604444 
1.554495 
0.826939 
0.977387 
1.697857 
1.304163 
0.141155 
0.196342 
1.643962 
0.109927 
0.280971 
0.782617 
0.118414 
0.400392 
0.248497 
1.370992 
0.251080 
0.070532 
0.578993 
0.012817 
0.992370 
0.147105 
0.063334 
0.058211 
2.134504 
0.212282 
0.065121 
1.779104 
4.592033 
3.006311 
1.207777 
5.448299 
1.283247 
0.689748 
1.191028 
1.250024 
0.825448 
0.083962 
1.733735 
3.357317 
1.358205 
1.648794 
0.348096 
3.399052 
1.407620 
0.564180 
0.210114 
1.056171 
1.590127 
0.157537 
1.626721 
0.399246 
1.400914 
0.312914 
1.972970 
0.350535 
0.761717 
0.386829 
0.522747 
0.254857 
2.836355 
2.114213 
1.755708 
2.250442 
0.861004 
1.474458 
0.156256 
5.989835 
1.883902 
0.125074 
1.010161 
0.419430 
1.377365 
1.066210 
1.966682 
0.261299 
1.355535 
1.350153 
0.365810 
0.271526 
0.590576 
1.308170 
0.009981 
0.292801 
3.245325 
0.779930 
0.749291 
0.938806 
1.001360 
4.980829 
0.314246 
0.226543 
0.646528 
1.558688 
0.951707 
1.697477 
0.553105 
1.825123 
0.954407 
2.269627 
0.565117 
0.529449 
1.638296 
2.488266 
1.535232 
0.042733 
4.534318 
2.553317 
0.315334 
2.671368 
1.819312 
1.525753 
3.713627 
2.098869 
1.182320 
0.398299 
0.234548 
3.262790 
1.553649 
0.348086 
2.195499 
1.955120 
1.086385 
0.058159 
0.174677 
1.753997 
0.420715 
0.540662 
0.425415 
1.213622 
2.188358 
1.463500 
8.652838 
1.057272 
0.166689 
1.552799 
5.281734 
3.660786 
0.983712 
2.636447 
0.281059 
0.728658 
0.684268 
0.488920 
0.539862 
0.193174 
0.032647 
0.106938 
3.842655 
0.661954 
4.894271 
0.667112 
0.846272 
0.608191 
0.589619 
0.760875 
0.028331 
0.202014 
0.042028 
0.719550 
1.307425 
0.832199 
0.728980 
2.673649 
0.306630 
2.008068 
2.192118 
0.257367 
0.438043 
0.062620 
0.982382 
1.361031 
0.816802 
4.629207 
0.106599 
1.158205 
2.855772 
0.277342 
0.265897 
0.568724 
2.346641 
6.792631 
0.832084 
1.271630 
0.462291 
0.691098 
0.380573 
1.463005 
3.560736 
0.606445 
1.243250 
3.108489 
1.267897 
0.226309 
1.420608 
0.538230 
1.007390 
0.955745 
0.432727 
0.360926 
1.321278 
0.595969 
1.625367 
0.597296 
0.051445 
0.439632 
0.825025 
0.112084 
1.632967 
1.804145 
1.835394 
2.253068 
0.186368 
1.232635 
3.260204 
0.489357 
0.679064 
0.042338 
1.224885 
3.616971 
4.683989 
3.079638 
4.907813 
1.160884 
0.245594 
1.079509 
5.310380 
2.012755 
0.166731 
0.329542 
6.040970 
0.975453 
1.677467 
1.397221 
0.142187 
5.807308 
0.035895 
0.424507 
1.468827 
5.278948 
0.770328 
4.333389 
2.408065 
1.278222 
0.315624 
0.009922 
0.597709 
0.977253 
3.121805 
0.986211 
0.414586 
1.687908 
1.325562 
0.442137 
1.862770 
4.333057 
1.615969 
0.410982 
4.036822 
0.946970 
1.379550 
0.413546 
0.687978 
1.337291 
0.764448 
0.885289 
0.010614 
0.000808 
0.455315 
1.813952 
0.267008 
2.159204 
4.550166 
3.039807 
0.635825 
2.467051 
0.035416 
1.866526 
0.120098 
1.233130 
0.642780 
0.063365 
0.720829 
0.819441 
1.315286 
0.643034 
0.174348 
1.829421 
1.362396 
1.223962 
0.411154 
1.350437 
0.964827 
0.709021 
0.508361 
0.097089 
0.351802 
1.526647 
0.744864 
0.383389 
0.609868 
0.879963 
0.356061 
0.163831 
2.204673 
0.507199 
0.638943 
0.962831 
3.119678 
0.514675 
2.043187 
1.820535 
0.784225 
2.000324 
0.665173 
2.988776 
0.680317 
6.232581 
1.477603 
6.288116 
3.143390 
1.817749 
2.903819 
0.376361 
1.336633 
0.704939 
1.175567 
2.470817 
1.757892 
3.074293 
0.297140 
0.737084 
0.858518 
1.428896 
1.761649 
0.081073 
5.961126 
0.032410 
2.295055 
0.933335 
0.704092 
0.042345 
1.613842 
0.910016 
3.112519 
2.522194 
1.207676 
0.770307 
2.029790 
0.618896 
0.428041 
0.630666 
0.340750 
1.532782 
0.779622 
0.286733 
0.230675 
0.339694 
1.046121 
0.144122 
0.055698 
0.376196 
4.833295 
1.077857 
1.012818 
0.456707 
0.138167 
2.643669 
0.644954 
2.353586 
1.528041 
3.233007 
2.496708 
0.922979 
0.875731 
1.605986 
1.755133 
4.797004 
0.611847 
0.239643 
0.837559 
2.724063 
1.540658 
0.169481 
1.496728 
0.998848 
1.413577 
0.161823 
0.406368 
8.140244 
4.209562 
0.832856 
0.071938 
3.560009 
2.470833 
1.914511 
0.221965 
0.300263 
0.990296 
0.611088 
1.904895 
1.624928 
1.952826 
0.412603 
0.089771 
0.707198 
0.255724 
1.534695 
3.452638 
2.719658 
0.495637 
1.861327 
1.410517 
2.961127 
4.413498 
0.256695 
1.496904 
0.381982 
0.094629 
0.713434 
0.868054 
1.648955 
2.069493 
0.238959 
1.253484 
1.015415 
3.274281 
0.407647 
1.704571 
0.708784 
0.838908 
0.416350 
0.309945 
1.557200 
2.343602 
4.103152 
2.015265 
1.413735 
1.974286 
2.004007 
0.195994 
1.142984 
0.244848 
0.086413 
1.598382 
1.640073 
0.307254 
1.045100 
0.174180 
1.651186 
1.537149 
0.831819 
1.914332 
1.298005 
3.482044 
1.924647 
2.199746 
0.485791 
0.218497 
1.908373 
1.391138 
0.722930 
1.145811 
0.698156 
1.355301 
1.150432 
0.435971 
2.671754 
0.543521 
1.821790 
0.487254 
2.145223 
0.610464 
0.939572 
0.763412 
2.257603 
2.209760 
1.324457 
0.233744 
1.323871 
0.729644 
3.692190 
0.134636 
1.683259 
1.382556 
1.126625 
0.251315 
1.584521 
0.275034 
0.868638 
1.493484 
0.822169 
3.568507 
4.579610 
0.138179 
0.046071 
0.038392 
0.269665 
1.073316 
1.154501 
0.147501 
3.595937 
0.594098 
1.821258 
1.448015 
0.894489 
0.599273 
2.377748 
2.266502 
1.738109 
0.532921 
4.480962 
0.646007 
0.768680 
2.025720 
2.576685 
2.157729 
0.984596 
0.501491 
2.777424 
0.327999 
1.007232 
1.089456 
0.647492 
1.109346 
2.391727 
1.383062 
2.251674 
0.204088 
0.995177 
0.415644 
0.331108 
1.271319 
1.992234 
3.774419 
0.667507 
1.341262 
1.404332 
0.132109 
0.100124 
0.647524 
2.407625 
2.102218 
1.785313 
1.335605 
1.524519 
0.133044 
1.960990 
1.354846 
0.972166 
0.434083 
0.819995 
1.066097 
0.198824 
0.322577 
1.284376 
2.387344 
0.434939 
2.194905 
0.758280 
1.546320 
0.053896 
0.208730 
0.430109 
1.302569 
1.027714 
0.751639 
0.179576 
4.352775 
0.185377 
1.666913 
6.997358 
1.350959 
3.116356 
2.620156 
1.365352 
3.117495 
0.094063 
0.147570 
2.015063 
0.216989 
0.241590 
2.044268 
0.927043 
2.247883 
0.014938 
3.027329 
0.743290 
0.648822 
0.737876 
0.851413 
2.691490 
3.562942 
5.009486 
0.781296 
0.705326 
1.213624 
2.272074 
0.937515 
0.412103 
0.138951 
1.352976 
0.098880 
0.573173 
1.025751 
1.824981 
0.142532 
0.388712 
0.704149 
0.776506 
0.592915 
1.344923 
0.678673 
3.100077 
1.848670 
2.851251 
0.489019 
0.408578 
0.049649 
0.243328 
1.462186 
0.985660 
2.769943 
2.313351 
0.129497 
0.383459 
0.134337 
0.011547 
3.733399 
0.369366 
2.429351 
0.572308 
0.071655 
0.277828 
1.110423 
2.259023 
2.463105 
3.438174 
0.660345 
5.746721 
0.185872 
1.428164 
1.268247 
2.541220 
3.577323 
0.370447 
5.445823 
0.404671 
0.053586 
0.007935 
1.784374 
1.436935 
2.572838 
0.908420 
0.710363 
1.653126 
1.044244 
0.143814 
0.285656 
0.424906 
1.185546 
0.162207 
5.414340 
0.853414 
1.322417 
1.425144 
1.768670 
1.260970 
0.515121 
2.601864 
1.094595 
0.594814 
2.610548 
0.737902 
1.468648 
0.342614 
0.539224 
0.716101 
0.132995 
0.267700 
1.084225 
1.916002 
0.613465 
1.840186 
0.530575 
2.607162 
0.082306 
0.154364 
1.487648 
2.698318 
0.087572 
2.147405 
0.850236 
1.818594 
0.863168 
0.786399 
1.221501 
2.245074 
3.910461 
4.584338 
0.994439 
1.830705 
1.076596 
0.560994 
0.333551 
1.073536 
2.496073 
0.664450 
0.126118 
1.603270 
1.819329 
1.772977 
0.702865 
0.759968 
0.397026 
0.559583 
2.311225 
1.756814 
0.679919 
2.185033 
0.232052 
0.189790 
1.168088 
0.647757 
