0.683970 
0.270696 
0.239698 
0.851759 
0.270583 
0.088890 
0.258264 
0.073344 
0.047945 
0.727566 
0.713368 
0.776375 
0.390950 
0.109317 
0.491354 
0.114210 
0.084085 
0.387734 
0.424086 
0.169700 
0.049259 
0.947905 
0.517713 
0.142938 
1.612162 
0.232784 
1.277316 
0.686317 
0.308950 
0.721982 
0.622016 
1.089206 
0.048173 
0.677488 
0.428875 
1.148564 
0.055016 
0.102185 
0.456475 
0.612680 
0.445625 
0.648114 
0.139765 
0.419559 
0.926298 
0.090041 
0.722909 
0.027530 
0.240012 
0.219188 
0.048477 
2.908852 
0.004420 
1.181968 
0.188365 
0.582752 
0.085361 
0.698611 
1.229111 
0.387833 
0.059190 
0.213564 
0.290770 
0.152760 
0.456754 
0.316077 
2.230860 
0.002639 
0.336797 
0.426468 
0.341273 
1.368334 
0.077525 
1.493140 
0.552133 
0.147243 
0.122440 
0.364480 
0.071635 
0.251322 
1.664014 
0.135580 
0.681952 
0.056459 
0.433237 
0.817119 
1.369979 
0.637610 
0.507927 
0.180506 
0.002320 
0.855252 
0.634532 
0.510961 
0.063685 
2.299684 
1.519635 
0.300143 
0.718894 
0.073197 
0.844119 
0.184385 
0.394271 
0.057230 
0.637458 
0.118323 
0.654059 
0.453296 
0.561071 
1.491180 
0.205999 
0.177340 
0.476604 
0.969123 
0.375713 
0.138013 
1.657333 
0.069323 
1.210688 
0.398183 
0.496312 
0.160524 
0.262110 
1.731726 
0.433606 
0.009870 
0.358069 
0.348544 
0.401042 
0.952504 
0.711079 
0.157802 
0.944698 
0.256193 
0.365544 
0.220150 
1.298532 
0.006916 
1.073711 
0.109028 
0.847423 
0.743237 
0.769444 
1.098776 
0.092362 
0.747214 
1.120914 
0.010828 
0.034870 
0.098700 
0.727823 
0.733959 
0.443033 
1.148892 
0.119040 
0.650968 
0.272288 
0.307648 
0.073652 
0.010142 
0.315926 
0.172152 
0.544561 
0.144082 
0.839592 
0.027075 
1.185789 
0.212110 
0.364501 
0.313107 
0.759636 
0.281275 
0.070177 
1.020536 
1.467871 
0.593226 
0.754065 
0.122121 
0.059197 
0.430796 
0.131951 
0.267212 
2.205650 
1.813156 
0.594701 
1.121318 
0.310247 
0.128391 
0.089442 
1.296725 
0.327099 
0.646588 
0.105188 
0.506887 
0.498048 
0.981622 
0.150554 
0.936691 
0.245529 
0.317929 
0.003005 
0.613251 
0.124978 
0.058908 
1.417997 
0.051200 
0.960384 
1.012996 
0.750631 
0.437694 
0.371298 
1.361583 
0.209441 
0.538259 
0.350881 
0.429764 
0.415242 
1.013785 
0.159599 
0.881999 
1.899363 
0.382606 
0.791989 
1.246535 
0.816859 
0.133489 
0.031796 
0.379527 
0.333062 
0.190051 
0.353991 
0.138707 
0.513378 
0.171745 
1.460858 
0.047745 
0.549749 
0.494179 
0.519165 
0.404331 
0.152918 
0.376256 
0.960339 
0.517741 
0.436746 
0.131151 
0.672885 
0.325290 
0.033146 
0.020856 
0.511233 
0.256862 
2.423966 
0.084860 
0.407285 
0.222286 
0.025727 
1.237617 
0.816683 
0.041261 
0.155935 
2.163109 
0.964421 
0.549613 
0.053844 
1.061412 
0.192395 
0.147102 
0.580703 
0.505238 
0.331981 
0.485657 
0.060288 
0.051775 
0.165823 
1.263322 
0.555076 
1.456008 
0.157240 
0.030016 
0.156172 
0.875965 
0.005758 
0.275232 
0.593853 
0.118840 
0.288653 
0.251282 
0.073175 
0.109830 
0.326269 
0.121717 
0.317143 
0.008971 
0.949409 
0.129327 
0.321847 
0.315652 
0.257368 
0.089648 
0.673755 
0.043686 
0.078861 
0.221574 
0.607082 
0.010987 
0.181042 
0.412385 
1.087920 
0.104936 
0.716824 
0.432790 
0.340969 
0.758668 
0.181242 
0.136880 
0.011358 
0.337052 
1.453980 
0.407086 
0.255440 
0.213714 
0.683886 
0.604080 
1.696081 
0.573014 
0.058828 
0.393032 
0.081551 
0.228707 
0.400236 
0.582563 
0.094530 
0.122030 
0.630030 
1.211242 
0.111992 
0.612969 
0.293297 
0.508848 
0.349206 
0.499517 
0.041761 
0.648938 
0.854553 
0.314524 
0.119193 
0.787244 
0.021699 
0.744013 
0.565186 
0.802014 
0.228189 
0.358961 
0.072857 
1.365223 
0.214269 
1.130365 
0.307775 
0.299870 
0.634103 
0.437627 
0.441360 
0.572765 
0.295022 
0.869950 
0.665146 
0.130718 
0.385136 
0.151483 
1.406974 
0.064924 
0.468463 
0.353435 
0.017386 
0.241722 
1.025142 
1.721710 
1.322290 
0.059462 
0.320072 
0.041029 
0.044659 
0.039276 
0.591360 
0.456400 
0.586944 
1.172519 
0.085902 
0.050459 
0.219267 
0.789814 
1.106470 
0.559065 
1.482432 
0.181575 
0.021899 
0.124900 
0.046354 
0.055242 
2.383581 
0.033771 
0.601826 
0.163414 
0.532038 
0.804429 
0.520626 
1.252648 
0.574941 
0.530065 
1.053432 
1.554448 
0.415233 
0.661199 
0.004378 
0.351140 
1.124417 
0.334746 
0.213105 
0.243596 
0.517243 
0.506036 
0.135713 
0.095942 
0.309605 
0.476296 
0.999282 
0.082289 
0.287417 
0.029859 
0.188518 
0.126046 
0.021481 
0.717655 
0.136491 
0.039504 
0.741679 
1.259513 
0.253403 
0.100350 
0.119578 
1.903888 
1.308025 
0.411250 
0.083687 
0.136053 
1.036476 
0.296151 
0.931113 
0.277748 
0.223853 
0.747576 
0.497389 
0.574264 
0.295158 
0.225622 
0.602390 
1.810763 
0.398817 
0.132187 
0.329832 
0.223370 
0.244938 
0.190153 
0.936620 
0.010222 
0.061220 
0.932443 
0.223952 
1.105353 
0.412880 
0.095393 
0.116402 
0.565836 
0.931772 
0.997638 
0.524522 
1.746872 
0.169238 
0.009899 
0.306276 
0.100008 
0.845796 
0.623242 
0.695306 
0.219153 
0.191781 
0.110462 
0.380251 
1.036359 
1.531996 
0.051951 
0.484471 
0.001922 
0.329166 
0.755968 
0.210591 
0.027667 
0.678108 
1.457822 
0.433418 
0.224660 
0.048865 
0.938997 
0.155755 
0.396598 
0.420761 
0.166535 
0.040640 
0.020989 
1.245948 
0.094493 
0.104515 
0.164386 
0.109745 
0.096214 
2.415506 
1.183994 
0.609696 
0.027219 
0.330079 
0.518933 
0.797341 
0.502332 
0.847531 
0.291663 
0.017718 
0.086984 
0.557033 
0.436033 
0.124560 
0.095136 
0.035951 
0.017300 
0.415726 
1.590411 
0.516402 
0.433930 
0.456104 
0.592604 
0.251856 
0.833768 
0.195357 
0.888243 
0.642534 
0.526973 
0.720206 
0.454887 
0.141574 
0.321214 
0.170879 
0.175829 
1.298492 
1.229522 
0.638246 
0.469809 
0.121290 
0.124055 
1.450024 
0.156741 
0.820792 
1.395206 
0.063025 
0.297173 
0.882850 
1.046236 
0.195223 
0.732971 
1.328727 
0.241467 
0.437889 
0.144316 
0.648512 
1.163393 
0.332212 
0.481553 
0.558542 
0.113313 
0.082869 
1.514295 
0.838842 
0.214521 
0.261743 
0.534936 
0.194356 
0.018603 
0.904450 
0.289717 
0.312271 
0.688752 
0.080746 
0.222031 
0.403331 
0.157051 
0.262906 
0.800508 
0.095128 
0.966990 
0.102586 
0.436006 
0.915642 
0.243899 
1.116877 
0.387928 
0.421465 
0.317317 
0.059162 
0.374472 
0.394174 
0.488686 
0.403332 
0.165958 
0.101180 
0.018270 
0.014544 
0.968401 
0.015349 
0.059064 
0.469326 
1.006827 
0.155146 
0.400493 
0.419357 
1.155111 
0.045198 
0.499712 
0.337972 
0.566426 
0.137393 
0.082110 
0.207157 
0.027104 
0.886272 
0.336029 
0.246800 
0.451260 
2.189854 
0.276380 
1.296581 
0.062812 
0.069535 
0.057980 
0.104620 
0.083879 
0.623862 
0.675140 
0.093328 
0.673162 
1.170081 
0.165905 
1.194231 
0.470070 
0.500444 
0.386956 
0.364788 
0.068054 
0.621620 
0.026737 
0.068014 
0.383413 
0.251095 
0.206121 
0.007451 
0.449593 
0.122148 
0.826410 
0.183763 
0.032549 
0.141042 
2.079540 
0.292110 
0.261357 
1.780992 
1.873409 
0.324890 
0.019511 
0.112046 
0.076379 
1.279428 
0.146059 
0.402897 
0.710218 
0.166342 
0.289283 
0.163349 
0.045361 
0.528508 
0.635309 
1.978094 
0.241115 
0.156473 
0.123794 
0.041679 
0.104276 
0.746037 
0.006510 
0.263952 
0.400722 
0.016386 
1.001151 
0.524928 
0.682183 
0.051059 
0.410329 
0.374933 
1.037828 
0.086270 
0.338346 
0.040738 
0.027853 
0.525346 
0.547101 
1.166098 
0.206943 
0.174223 
1.067867 
0.063558 
0.130432 
0.065395 
0.364694 
0.448627 
2.591608 
0.625635 
0.882193 
0.049272 
0.139418 
0.712571 
0.216207 
0.153807 
0.353846 
0.938807 
0.171949 
0.845007 
0.872012 
1.038389 
0.368802 
1.178456 
0.094700 
1.680777 
0.058743 
0.009599 
0.444969 
0.580072 
2.703492 
0.481280 
0.095394 
0.134696 
0.041931 
1.993233 
1.835593 
0.195907 
0.195910 
0.245849 
0.025951 
0.030439 
0.538443 
0.474445 
0.885482 
1.788509 
0.049158 
0.710518 
0.632616 
0.349460 
1.029663 
0.286369 
0.114018 
0.008575 
0.795287 
0.446209 
0.750400 
0.957675 
0.340407 
0.123381 
0.143239 
0.421266 
0.448403 
1.329397 
1.626912 
0.828257 
0.096816 
0.599925 
0.036909 
2.084639 
0.056051 
0.192992 
1.198156 
0.552902 
0.845279 
0.359693 
0.069756 
0.416294 
0.153866 
1.610192 
0.659897 
0.199776 
1.036025 
0.386674 
0.077895 
0.460686 
0.162961 
0.572139 
0.685927 
0.072802 
0.221449 
0.005217 
0.295047 
0.173132 
2.060623 
0.191697 
0.165125 
0.031658 
0.095190 
0.417282 
0.585360 
0.267469 
0.018682 
0.251371 
1.559071 
0.317322 
0.115007 
0.302972 
0.772880 
0.446634 
0.496363 
1.243566 
0.377954 
0.597049 
1.013821 
0.282654 
0.368188 
0.015342 
1.016804 
0.450132 
0.448907 
0.899794 
0.563113 
0.142644 
0.388892 
0.318752 
0.529321 
0.113666 
0.463264 
0.550762 
1.575908 
0.047365 
0.020895 
1.157404 
0.632676 
0.039968 
0.109173 
0.697817 
0.186496 
0.348939 
0.092034 
0.467311 
0.193611 
0.028090 
0.109899 
0.210436 
0.523118 
0.266398 
1.389147 
0.387150 
0.372275 
0.398453 
0.641013 
0.332288 
1.465425 
0.191710 
0.437223 
1.277593 
0.316768 
0.191342 
0.073953 
0.709848 
0.162393 
1.051509 
0.040134 
0.206369 
0.373327 
0.192588 
0.576300 
0.054651 
0.112344 
0.082086 
0.512392 
0.262305 
0.975195 
0.658713 
0.574533 
0.186163 
0.794531 
0.261579 
0.257921 
0.144179 
0.163232 
0.141690 
0.258579 
0.308530 
0.080579 
0.461139 
0.200096 
0.048469 
0.716280 
0.125617 
0.883782 
0.131056 
0.158597 
0.196677 
0.846196 
0.104131 
0.833417 
0.050633 
0.522840 
0.074977 
0.270642 
0.193927 
0.148912 
1.481482 
0.534963 
0.495045 
0.324903 
0.159634 
0.562195 
0.134793 
0.412790 
0.954466 
0.404290 
0.523983 
0.493149 
0.689668 
1.206436 
0.816410 
0.167325 
0.053560 
0.167778 
2.745947 
0.702468 
0.944477 
0.163977 
0.185880 
0.142519 
0.230388 
0.147206 
0.169021 
0.890370 
0.792857 
1.161337 
0.647353 
0.140698 
0.156358 
0.242817 
0.388295 
0.145311 
0.678296 
0.433732 
0.808288 
0.355470 
0.600825 
0.098642 
0.089996 
0.357199 
0.112005 
0.026761 
1.101055 
0.537044 
0.428011 
0.419011 
1.059627 
0.065654 
0.067990 
0.908817 
0.239826 
0.324684 
0.281609 
0.390373 
0.187233 
0.407991 
1.010823 
0.067759 
0.037416 
0.812570 
1.722001 
0.138131 
1.738324 
0.328543 
1.354511 
0.484840 
0.614311 
0.550694 
0.111093 
0.371234 
1.203249 
0.097574 
0.566834 
0.540391 
1.051984 
0.012982 
0.746110 
0.411281 
0.468775 
0.473652 
0.342911 
0.620933 
0.242663 
0.215470 
0.087025 
0.903962 
0.690483 
0.808300 
0.446946 
1.297229 
0.684597 
0.758334 
0.907419 
0.672452 
0.587648 
0.122250 
0.362399 
0.183874 
0.531720 
0.061576 
0.292082 
1.114182 
0.831754 
0.372356 
0.942304 
0.116404 
0.640713 
0.582283 
0.135987 
0.095358 
0.149642 
0.076716 
0.500241 
0.016120 
0.130023 
0.389092 
0.413788 
0.373596 
0.480212 
0.300134 
0.441976 
0.140106 
0.131512 
0.037149 
0.302367 
0.591071 
0.478499 
0.236364 
0.114491 
0.562396 
0.286600 
0.423371 
2.844913 
0.104925 
0.302799 
0.479082 
1.130640 
0.276366 
0.547873 
0.443456 
0.731717 
0.104383 
0.590033 
1.180860 
0.823720 
1.446141 
0.030962 
0.107068 
0.677015 
0.321524 
0.712066 
0.155568 
1.513635 
0.673121 
0.395501 
1.023169 
0.268417 
0.597271 
0.068047 
0.373188 
0.056737 
1.292104 
0.838418 
0.583486 
0.931829 
0.089288 
0.459246 
2.109733 
0.879236 
0.011009 
0.013221 
0.432259 
1.728701 
0.243829 
0.297289 
1.940665 
0.241547 
0.138548 
0.467276 
0.951669 
0.433391 
2.120782 
0.130748 
0.193413 
0.382553 
1.717267 
0.072762 
0.105332 
0.395953 
0.698639 
0.077765 
0.977048 
0.424075 
0.076861 
0.891029 
0.373048 
1.094295 
0.222634 
0.393734 
1.126098 
0.290875 
0.143971 
0.009044 
0.164903 
0.615500 
0.217857 
0.106272 
0.063842 
0.500374 
0.552575 
0.094353 
0.182967 
0.387003 
0.140029 
0.164882 
0.109769 
0.884402 
0.773825 
0.220461 
0.528742 
0.299895 
0.107534 
0.235373 
0.279358 
0.224238 
0.016413 
0.664342 
0.038224 
2.255918 
0.334661 
1.074722 
0.088118 
0.556326 
0.731835 
0.052945 
0.622325 
1.073538 
0.364783 
0.020461 
1.186199 
0.498752 
0.457286 
0.510213 
0.033763 
0.298001 
0.097584 
1.481378 
0.323757 
0.069261 
0.045419 
0.283636 
0.144352 
0.504766 
0.603833 
0.334276 
0.140264 
0.150364 
0.065443 
1.229375 
0.178218 
0.176746 
0.435900 
0.206870 
0.561043 
0.507183 
0.138166 
1.021883 
0.858063 
0.701132 
0.844076 
0.021874 
0.268961 
0.234784 
0.026895 
0.084935 
0.590138 
2.750364 
0.226009 
2.207508 
0.654986 
0.002555 
0.541855 
0.403861 
0.124243 
0.983903 
3.248616 
0.541863 
0.525135 
0.104546 
0.073983 
0.504767 
0.628811 
0.163817 
0.277668 
0.824131 
0.461294 
0.253337 
0.948107 
0.546821 
0.697996 
0.810520 
0.232421 
0.158203 
0.551232 
0.117328 
0.187232 
0.373295 
0.869042 
0.230327 
1.524203 
0.730793 
2.538941 
0.137379 
0.753302 
0.386347 
0.041822 
0.461105 
1.047111 
1.481010 
0.905365 
0.317273 
0.198068 
0.186104 
0.275402 
2.490134 
0.345120 
0.016558 
0.324962 
0.189552 
0.018459 
0.095967 
0.090453 
0.203007 
0.320768 
0.249377 
0.197212 
1.354780 
0.127203 
0.138716 
1.081473 
0.283576 
0.060931 
0.155968 
0.831849 
0.068282 
0.269158 
0.136580 
0.224250 
0.182988 
0.015252 
1.502461 
0.206051 
0.303797 
1.149221 
0.194794 
0.008982 
0.136493 
0.070432 
0.195590 
0.061849 
0.408016 
0.136835 
1.067119 
0.079952 
0.520408 
0.206105 
0.523778 
0.111534 
0.239771 
0.210438 
0.576577 
0.021199 
0.598129 
0.968013 
0.080524 
0.016538 
0.864600 
3.377638 
0.276337 
0.055937 
1.155621 
0.771431 
0.106954 
0.533042 
0.291151 
0.275644 
0.566858 
1.217248 
0.000879 
0.385216 
0.351316 
0.863783 
0.062151 
0.367014 
0.056446 
0.114248 
0.095183 
0.249953 
0.036745 
0.950468 
0.402785 
0.038521 
0.123883 
0.270948 
0.186735 
0.022745 
0.269486 
0.555679 
0.477164 
0.062080 
0.274793 
0.104583 
0.085568 
0.476987 
0.863933 
0.007868 
0.254458 
0.380410 
0.234898 
0.284155 
0.071736 
0.211765 
1.279407 
0.109911 
0.544532 
1.223931 
0.408913 
0.405120 
0.032877 
0.429706 
0.660608 
0.622660 
0.065384 
0.106742 
1.074508 
0.195927 
0.770122 
0.750664 
0.884837 
0.165219 
0.211586 
1.935680 
1.202395 
0.443124 
0.090042 
0.791230 
0.577321 
1.316169 
0.260458 
0.025469 
0.563719 
0.942942 
0.309876 
0.376748 
0.521674 
0.206947 
0.246535 
0.078446 
0.285284 
0.481385 
0.361971 
0.207148 
0.965811 
0.297690 
0.263914 
0.816208 
1.604109 
0.363189 
0.094204 
0.087295 
0.298405 
0.534528 
0.475980 
0.734999 
0.499470 
0.337138 
0.261158 
0.001396 
0.944120 
0.310786 
1.751119 
0.466965 
0.690522 
0.068069 
0.091210 
0.402490 
0.516315 
0.393166 
0.113362 
0.291726 
0.126646 
0.641439 
0.302843 
0.269531 
0.405273 
0.221627 
0.956117 
0.729369 
1.052180 
0.885201 
0.224782 
0.633481 
0.600186 
0.630251 
0.010104 
0.121774 
2.011720 
0.178857 
0.186949 
2.300255 
0.078315 
0.560403 
0.501594 
0.662285 
0.659602 
0.572422 
0.738945 
0.006867 
0.152775 
1.917029 
0.463630 
0.382779 
0.338157 
0.918491 
0.578901 
0.512309 
0.260834 
0.395987 
0.159660 
0.178896 
0.134300 
1.131057 
1.079924 
0.285201 
0.014069 
0.197723 
0.361655 
0.102792 
0.124250 
0.029336 
0.649047 
0.868245 
0.533300 
0.276050 
0.402067 
0.171399 
0.595016 
0.059234 
0.555593 
0.548819 
0.118297 
0.017990 
1.586839 
0.506744 
1.083909 
0.876288 
1.133943 
1.576551 
0.007535 
0.246386 
0.048012 
0.829958 
0.034774 
0.086338 
0.268162 
0.559694 
0.992284 
0.024635 
0.004365 
0.049132 
1.880944 
0.262267 
0.045643 
0.186099 
0.190393 
0.231639 
0.655206 
3.942311 
0.557915 
0.180968 
0.886536 
2.439113 
0.047293 
0.919351 
0.168896 
0.915722 
0.851852 
2.280728 
0.272228 
0.181874 
0.012542 
0.211501 
0.056966 
0.816322 
0.618120 
2.506850 
0.175572 
0.950027 
0.205636 
0.112659 
0.480278 
0.180272 
0.378068 
0.349115 
0.058226 
0.407346 
0.158719 
0.178923 
1.050176 
0.456050 
1.709633 
0.800422 
0.443447 
0.515670 
0.857253 
0.958243 
0.178826 
0.444219 
0.192740 
0.078880 
1.141351 
0.396316 
0.162696 
0.140902 
0.285917 
0.500414 
0.095424 
0.035907 
0.558291 
0.285286 
0.535081 
2.638687 
0.103165 
0.280133 
0.134779 
0.111167 
0.369278 
0.409905 
0.151152 
0.647370 
0.254180 
1.203815 
1.115166 
0.229640 
0.229019 
0.100624 
0.714840 
0.526978 
0.834967 
1.268509 
0.380950 
0.971425 
0.514948 
0.085507 
1.078768 
1.487144 
0.285005 
0.187955 
0.130223 
0.632449 
1.237978 
0.867559 
0.444866 
0.149206 
0.158389 
0.126171 
0.182974 
0.601227 
0.138010 
1.062607 
0.063303 
0.557243 
1.127778 
0.231579 
0.308804 
0.065893 
0.097666 
0.116044 
0.066104 
0.258603 
1.374513 
0.363236 
1.385252 
0.231394 
0.413339 
1.410248 
0.602128 
0.198982 
1.603102 
0.079416 
0.174737 
0.038497 
0.320658 
0.296347 
0.325729 
0.717731 
0.938588 
0.091656 
0.020330 
0.537588 
0.840007 
0.530285 
0.288352 
0.654128 
0.124073 
0.250937 
0.061102 
0.201799 
0.246070 
0.453441 
0.529693 
0.390590 
0.531529 
1.160170 
1.043783 
0.066323 
0.960724 
0.391095 
0.271040 
0.051343 
0.098311 
0.008850 
1.056363 
1.160901 
0.170772 
0.640002 
0.022468 
0.368368 
1.298405 
0.594390 
0.628019 
0.610465 
0.571136 
3.576163 
0.914530 
0.252261 
0.012747 
0.038231 
0.108386 
0.306174 
0.197148 
0.341252 
0.434616 
0.158076 
0.412839 
0.421370 
0.050371 
0.569431 
0.567757 
0.503921 
0.210542 
2.070953 
1.124082 
0.177754 
0.225013 
0.554929 
0.188148 
0.593509 
0.570387 
1.564755 
1.037898 
0.301036 
0.117544 
0.018162 
0.379682 
1.322539 
0.613455 
0.137270 
2.524437 
0.085435 
0.987768 
0.046261 
0.135065 
0.396466 
0.413062 
0.993383 
0.062696 
0.583392 
1.000527 
0.851511 
1.161325 
0.582252 
1.258621 
2.004088 
0.563276 
0.014774 
0.222271 
0.653319 
1.006988 
2.153235 
0.275650 
0.833505 
0.539615 
0.012874 
0.120068 
1.492435 
0.318926 
0.662560 
0.101438 
0.057012 
0.098874 
0.408398 
1.223735 
2.247813 
0.320025 
0.137599 
0.245785 
0.684303 
0.153553 
0.129045 
0.088358 
0.277354 
0.686551 
0.299763 
0.684941 
0.639077 
0.253062 
0.167415 
0.161064 
0.414375 
0.082524 
0.065060 
0.474404 
0.170122 
0.104040 
0.190958 
0.209587 
1.061558 
1.184191 
0.197196 
0.427725 
0.325569 
1.641219 
0.065322 
0.227629 
0.451199 
0.083679 
0.009022 
0.409694 
0.072343 
0.004449 
1.138511 
0.766182 
0.165407 
1.031611 
0.738957 
0.053823 
0.140966 
0.026544 
1.842517 
0.115592 
0.038138 
0.181010 
0.858874 
0.528586 
0.499994 
1.753606 
0.063980 
0.629913 
0.796495 
0.955140 
1.191580 
0.263218 
2.571136 
0.741904 
0.499311 
0.372096 
0.587794 
0.647529 
1.012588 
1.774116 
0.231195 
0.216648 
1.039890 
0.900761 
0.023511 
0.003080 
0.125570 
0.455417 
0.270041 
0.401917 
0.010205 
0.404785 
0.028197 
0.429032 
0.068158 
0.704416 
1.083768 
0.166770 
0.698022 
0.007650 
0.111324 
0.665903 
1.513475 
0.325058 
0.001106 
0.075168 
1.445161 
0.131571 
0.457315 
0.012474 
0.063398 
0.344237 
0.075263 
0.593240 
1.298473 
1.003496 
0.155645 
0.962027 
1.453180 
0.046238 
0.393576 
0.322630 
0.175609 
0.659411 
1.625888 
0.324664 
0.038273 
0.344609 
0.272721 
1.157475 
1.520010 
0.028352 
0.354932 
0.857326 
0.176116 
0.606138 
0.445605 
0.307316 
0.050938 
1.106146 
0.329387 
0.498308 
0.046757 
0.283595 
0.319600 
0.607620 
0.251522 
0.008867 
0.272603 
0.468777 
0.513264 
1.262465 
0.227570 
0.200314 
0.006875 
0.358427 
0.240947 
0.766483 
0.313739 
0.065014 
0.152010 
0.011673 
0.928226 
0.187187 
0.350233 
0.756614 
0.072328 
0.420281 
0.191637 
1.246501 
0.615395 
0.194780 
0.585826 
0.162767 
1.596776 
0.324391 
0.166474 
0.474049 
0.553596 
0.379034 
0.644489 
0.790067 
0.510601 
0.720634 
0.002385 
2.098315 
0.063188 
0.147901 
0.604323 
0.259944 
0.748254 
0.657701 
0.415893 
0.252255 
1.165006 
0.735497 
0.329667 
0.347234 
0.438673 
0.125066 
0.278061 
0.252059 
1.343412 
0.341633 
0.028457 
0.956715 
0.660267 
0.525781 
0.748055 
0.134255 
0.690843 
0.909971 
0.560868 
0.641980 
0.339694 
0.039233 
0.234139 
0.332758 
0.028307 
0.036722 
0.077093 
0.358463 
1.826756 
0.599623 
0.003234 
0.227186 
0.069136 
0.283133 
0.527752 
1.056808 
0.616202 
0.134724 
0.828392 
0.022155 
0.301989 
0.676923 
0.561744 
0.182470 
1.401143 
0.177785 
0.052263 
0.044244 
0.185743 
0.032771 
0.142907 
0.100821 
0.094495 
0.140043 
0.518388 
0.183014 
0.505484 
0.346420 
1.295834 
0.136467 
0.308079 
1.609086 
0.141827 
1.061384 
0.113861 
0.832974 
0.167204 
0.111886 
0.975087 
0.121067 
0.195571 
0.584313 
0.335122 
0.836035 
0.561604 
0.751394 
0.172912 
0.667327 
0.422786 
0.411288 
0.622499 
0.418674 
1.899469 
0.477064 
0.860264 
0.013483 
0.094128 
0.021167 
0.555798 
1.402130 
0.184773 
0.406336 
0.124081 
0.482501 
0.884711 
0.409464 
0.641086 
0.089554 
0.046628 
0.346034 
0.273653 
0.024018 
0.150627 
0.543532 
0.456471 
0.514913 
0.671923 
0.029086 
0.809345 
0.404823 
0.479708 
1.638691 
1.286186 
0.627274 
0.415855 
0.908795 
0.151593 
0.577315 
1.023927 
0.612636 
0.083164 
0.226888 
0.753759 
1.372089 
0.172488 
0.525987 
0.106815 
1.019658 
0.060545 
0.741283 
1.126901 
0.162204 
0.166414 
0.088653 
0.678836 
0.139955 
0.258720 
0.163285 
0.386824 
0.325058 
2.156691 
2.092232 
0.011652 
0.076375 
0.790500 
0.509413 
0.222493 
0.367274 
0.179774 
0.954477 
0.465523 
0.552483 
0.083360 
1.515886 
0.252328 
0.251961 
1.442438 
0.071352 
0.080541 
0.362804 
1.213776 
0.672744 
0.139355 
0.074307 
0.004925 
0.658711 
0.548515 
0.791482 
0.273720 
0.213180 
0.013926 
0.513314 
0.368053 
0.991644 
0.044777 
0.636015 
0.502355 
0.055340 
1.515834 
0.187647 
0.066073 
0.327580 
0.071435 
0.433034 
1.439048 
0.684131 
0.789354 
0.599706 
0.964399 
0.412962 
0.246790 
0.249042 
0.344519 
1.125818 
0.299791 
0.159469 
0.501210 
2.566166 
0.785175 
0.467706 
0.377546 
0.154400 
0.090040 
0.665676 
1.412110 
0.273922 
0.165598 
0.338622 
0.794807 
0.175454 
0.025507 
1.068607 
0.030493 
0.234491 
1.072615 
1.107744 
0.216469 
1.879070 
1.422914 
0.684642 
0.090090 
0.070644 
0.340992 
0.089953 
0.167642 
0.646186 
0.327571 
2.117515 
0.518067 
0.319118 
0.078510 
0.157968 
1.200736 
0.395017 
0.341346 
0.099258 
0.081022 
0.154118 
0.100801 
0.475397 
0.116914 
0.173441 
0.191914 
0.139523 
0.265587 
1.311699 
0.403977 
1.632883 
0.362580 
0.145299 
0.307240 
0.651370 
0.046228 
0.141308 
0.655414 
1.085185 
0.647706 
0.344558 
0.407244 
0.707440 
0.543401 
0.058815 
0.081809 
0.684984 
0.045803 
0.117071 
0.326091 
0.049339 
0.166830 
0.103540 
0.571247 
0.104616 
0.029388 
0.241247 
0.005341 
0.413487 
0.061294 
0.026389 
0.024254 
0.889377 
0.088451 
0.027134 
0.741294 
1.913347 
1.252630 
0.503240 
2.270125 
0.534686 
0.287395 
0.496262 
0.520843 
0.343937 
0.034984 
0.722389 
1.398882 
0.565919 
0.686997 
0.145040 
1.416272 
0.586508 
0.235075 
0.087547 
0.440071 
0.662553 
0.065640 
0.677800 
0.166352 
0.583714 
0.130381 
0.822071 
0.146056 
0.317382 
0.161179 
0.217811 
0.106190 
1.181815 
0.880922 
0.731545 
0.937684 
0.358752 
0.614358 
0.065106 
2.495764 
0.784959 
0.052114 
0.420900 
0.174763 
0.573902 
0.444254 
0.819451 
0.108875 
0.564806 
0.562564 
0.152421 
0.113136 
0.246073 
0.545071 
0.004159 
0.122000 
1.352219 
0.324971 
0.312204 
0.391169 
0.417234 
2.075345 
0.130936 
0.094393 
0.269387 
0.649453 
0.396545 
0.707282 
0.230460 
0.760468 
0.397670 
0.945678 
0.235465 
0.220604 
0.682623 
1.036778 
0.639680 
0.017805 
1.889299 
1.063882 
0.131389 
1.113070 
0.758047 
0.635731 
1.547344 
0.874529 
0.492633 
0.165958 
0.097728 
1.359496 
0.647354 
0.145036 
0.914791 
0.814633 
0.452661 
0.024233 
0.072782 
0.730832 
0.175298 
0.225276 
0.177256 
0.505676 
0.911816 
0.609792 
3.605349 
0.440530 
0.069454 
0.646999 
2.200722 
1.525327 
0.409880 
1.098519 
0.117108 
0.303608 
0.285112 
0.203717 
0.224942 
0.080489 
0.013603 
0.044558 
1.601106 
0.275814 
2.039280 
0.277963 
0.352613 
0.253413 
0.245675 
0.317031 
0.011805 
0.084172 
0.017512 
0.299813 
0.544760 
0.346749 
0.303742 
1.114020 
0.127762 
0.836695 
0.913382 
0.107236 
0.182518 
0.026092 
0.409326 
0.567096 
0.340334 
1.928836 
0.044416 
0.482585 
1.189905 
0.115559 
0.110791 
0.236968 
0.977767 
2.830263 
0.346702 
0.529846 
0.192621 
0.287958 
0.158572 
0.609585 
1.483640 
0.252686 
0.518021 
1.295204 
0.528290 
0.094295 
0.591920 
0.224263 
0.419746 
0.398227 
0.180303 
0.150386 
0.550533 
0.248321 
0.677236 
0.248873 
0.021436 
0.183180 
0.343761 
0.046702 
0.680403 
0.751727 
0.764748 
0.938778 
0.077653 
0.513598 
1.358418 
0.203899 
0.282943 
0.017641 
0.510369 
1.507071 
1.951662 
1.283183 
2.044922 
0.483702 
0.102331 
0.449795 
2.212658 
0.838648 
0.069471 
0.137309 
2.517071 
0.406439 
0.698945 
0.582175 
0.059245 
2.419712 
0.014956 
0.176878 
0.612011 
2.199562 
0.320970 
1.805579 
1.003360 
0.532593 
0.131510 
0.004134 
0.249045 
0.407189 
1.300752 
0.410921 
0.172744 
0.703295 
0.552318 
0.184224 
0.776154 
1.805440 
0.673321 
0.171242 
1.682009 
0.394571 
0.574813 
0.172311 
0.286658 
0.557205 
0.318520 
0.368870 
0.004422 
0.000337 
0.189715 
0.755813 
0.111253 
0.899668 
1.895903 
1.266586 
0.264927 
1.027938 
0.014757 
0.777719 
0.050041 
0.513804 
0.267825 
0.026402 
0.300346 
0.341434 
0.548036 
0.267931 
0.072645 
0.762259 
0.567665 
0.509984 
0.171314 
0.562682 
0.402011 
0.295425 
0.211817 
0.040454 
0.146584 
0.636103 
0.310360 
0.159745 
0.254111 
0.366651 
0.148359 
0.068263 
0.918614 
0.211333 
0.266226 
0.401180 
1.299866 
0.214448 
0.851328 
0.758556 
0.326760 
0.833468 
0.277155 
1.245323 
0.283465 
2.596909 
0.615668 
2.620048 
1.309746 
0.757395 
1.209925 
0.156817 
0.556930 
0.293725 
0.489820 
1.029507 
0.732455 
1.280955 
0.123808 
0.307118 
0.357716 
0.595373 
0.734021 
0.033781 
2.483802 
0.013504 
0.956273 
0.388890 
0.293372 
0.017644 
0.672434 
0.379173 
1.296883 
1.050914 
0.503198 
0.320961 
0.845746 
0.257873 
0.178351 
0.262778 
0.141979 
0.638659 
0.324843 
0.119472 
0.096115 
0.141539 
0.435884 
0.060051 
0.023207 
0.156748 
2.013873 
0.449107 
0.422008 
0.190294 
0.057569 
1.101529 
0.268731 
0.980661 
0.636684 
1.347086 
1.040295 
0.384575 
0.364888 
0.669161 
0.731305 
1.998751 
0.254936 
0.099851 
0.348983 
1.135026 
0.641941 
0.070617 
0.623637 
0.416187 
0.588990 
0.067426 
0.169320 
3.391768 
1.753984 
0.347023 
0.029974 
1.483337 
1.029514 
0.797713 
0.092485 
0.125110 
0.412623 
0.254620 
0.793706 
0.677053 
0.813678 
0.171918 
0.037405 
0.294666 
0.106552 
0.639456 
1.438599 
1.133191 
0.206516 
0.775553 
0.587715 
1.233803 
1.838957 
0.106956 
0.623710 
0.159159 
0.039429 
0.297264 
0.361689 
0.687064 
0.862289 
0.099566 
0.522285 
0.423089 
1.364284 
0.169853 
0.710238 
0.295326 
0.349545 
0.173479 
0.129144 
0.648833 
0.976501 
1.709647 
0.839694 
0.589056 
0.822619 
0.835003 
0.081664 
0.476243 
0.102020 
0.036005 
0.665992 
0.683364 
0.128023 
0.435458 
0.072575 
0.687994 
0.640479 
0.346591 
0.797639 
0.540835 
1.450852 
0.801936 
0.916561 
0.202413 
0.091040 
0.795155 
0.579641 
0.301221 
0.477421 
0.290898 
0.564709 
0.479347 
0.181655 
1.113231 
0.226467 
0.759079 
0.203023 
0.893843 
0.254360 
0.391488 
0.318088 
0.940668 
0.920733 
0.551857 
0.097393 
0.551613 
0.304018 
1.538412 
0.056098 
0.701358 
0.576065 
0.469427 
0.104715 
0.660217 
0.114597 
0.361932 
0.622285 
0.342570 
1.486878 
1.908171 
0.057574 
0.019196 
0.015997 
0.112360 
0.447215 
0.481042 
0.061459 
1.498307 
0.247541 
0.758858 
0.603339 
0.372704 
0.249697 
0.990728 
0.944376 
0.724212 
0.222050 
1.867067 
0.269170 
0.320283 
0.844050 
1.073619 
0.899054 
0.410248 
0.208955 
1.157260 
0.136666 
0.419680 
0.453940 
0.269788 
0.462228 
0.996553 
0.576276 
0.938198 
0.085037 
0.414657 
0.173185 
0.137962 
0.529716 
0.830097 
1.572674 
0.278128 
0.558859 
0.585138 
0.055045 
0.041719 
0.269802 
1.003177 
0.875924 
0.743881 
0.556502 
0.635216 
0.055435 
0.817079 
0.564519 
0.405069 
0.180868 
0.341665 
0.444207 
0.082843 
0.134407 
0.535157 
0.994727 
0.181225 
0.914544 
0.315950 
0.644300 
0.022457 
0.086971 
0.179212 
0.542737 
0.428214 
0.313183 
0.074823 
1.813656 
0.077240 
0.694547 
2.915566 
0.562900 
1.298482 
1.091732 
0.568897 
1.298956 
0.039193 
0.061488 
0.839610 
0.090412 
0.100663 
0.851778 
0.386268 
0.936618 
0.006224 
1.261387 
0.309704 
0.270343 
0.307448 
0.354755 
1.121454 
1.484559 
2.087286 
0.325540 
0.293886 
0.505677 
0.946698 
0.390631 
0.171710 
0.057896 
0.563740 
0.041200 
0.238822 
0.427396 
0.760409 
0.059388 
0.161963 
0.293396 
0.323544 
0.247048 
0.560385 
0.282780 
1.291699 
0.770279 
1.188021 
0.203758 
0.170241 
0.020687 
0.101387 
0.609244 
0.410692 
1.154143 
0.963896 
0.053957 
0.159774 
0.055974 
0.004811 
1.555583 
0.153902 
1.012230 
0.238462 
0.029856 
0.115762 
0.462676 
0.941260 
1.026294 
1.432572 
0.275144 
2.394467 
0.077447 
0.595068 
0.528436 
1.058842 
1.490551 
0.154353 
2.269093 
0.168613 
0.022328 
0.003306 
0.743489 
0.598723 
1.072016 
0.378508 
0.295985 
0.688803 
0.435102 
0.059922 
0.119023 
0.177044 
0.493978 
0.067586 
2.255975 
0.355589 
0.551007 
0.593810 
0.736946 
0.525404 
0.214634 
1.084110 
0.456081 
0.247839 
1.087728 
0.307459 
0.611937 
0.142756 
0.224677 
0.298375 
0.055415 
0.111542 
0.451760 
0.798334 
0.255610 
0.766744 
0.221073 
1.086317 
0.034294 
0.064318 
0.619854 
1.124299 
0.036488 
0.894752 
0.354265 
0.757748 
0.359653 
0.327666 
0.508959 
0.935448 
1.629359 
1.910141 
0.414350 
0.762794 
0.448582 
0.233748 
0.138980 
0.447307 
1.040030 
0.276854 
0.052549 
0.668029 
0.758054 
0.738740 
0.292860 
0.316653 
0.165427 
0.233160 
0.963011 
0.732006 
0.283300 
0.910430 
0.096688 
0.079079 
0.486703 
0.269899 
0.726249 
0.264425 
1.299966 
0.458477 
0.529338 
0.257148 
0.679589 
0.700364 
0.308117 
0.523258 
0.037118 
0.351755 
0.069410 
0.299335 
0.958186 
0.010396 
0.952793 
0.114954 
0.029728 
0.086323 
3.124940 
0.400301 
0.565612 
0.269909 
1.818707 
0.503091 
0.085596 
0.274840 
0.052104 
0.154030 
0.012646 
0.693107 
1.208762 
0.780662 
1.236521 
0.600606 
1.663640 
0.772854 
0.258660 
0.044693 
0.069069 
0.316560 
0.469013 
0.694138 
0.423051 
0.237481 
0.438058 
0.482605 
0.090732 
0.088710 
0.218286 
0.355260 
0.128025 
0.534083 
0.324939 
1.219574 
0.911910 
0.120112 
0.059616 
0.034207 
0.251983 
0.241178 
0.445643 
2.003079 
0.030306 
0.306578 
0.569209 
0.174226 
1.673043 
0.012818 
0.238384 
0.288168 
0.145317 
1.165543 
0.373472 
0.515379 
0.202273 
0.017535 
0.120941 
0.007466 
0.047613 
0.491023 
0.020498 
0.041688 
0.309040 
0.249747 
1.063625 
0.112734 
0.484599 
0.504917 
0.408256 
0.806857 
1.418395 
1.073952 
0.076148 
0.154489 
0.208288 
0.072406 
0.927453 
0.143030 
0.174648 
1.646888 
0.133472 
0.486780 
0.251328 
0.036464 
0.038307 
0.402549 
0.377954 
0.599017 
0.990607 
0.166915 
0.134577 
0.005448 
0.081809 
0.681914 
0.757014 
0.045886 
0.691281 
0.388828 
0.338504 
0.752815 
1.193169 
0.199875 
0.063067 
0.573390 
0.068110 
0.230669 
0.112166 
0.222428 
0.056759 
0.459741 
0.487093 
0.230773 
0.259179 
0.327948 
0.414831 
0.913698 
1.161549 
0.275302 
0.026395 
0.134843 
0.995161 
0.176544 
0.884387 
0.602046 
0.346020 
0.103488 
0.146517 
0.018031 
0.174277 
0.088879 
0.048803 
1.530355 
0.364431 
0.197595 
0.474628 
0.117942 
0.473183 
0.243163 
0.589411 
0.326846 
0.186903 
1.315172 
2.501321 
0.027853 
0.517805 
0.216188 
0.938345 
1.235409 
0.394016 
0.116947 
0.096837 
0.164579 
1.061547 
0.987791 
0.108085 
0.186020 
0.335095 
0.218667 
0.788471 
0.430080 
0.025170 
0.066190 
1.298975 
0.064679 
0.234257 
1.793650 
1.153009 
0.030302 
0.198264 
0.667993 
0.309138 
0.088112 
0.348332 
0.001219 
1.210523 
0.029265 
0.327903 
0.728595 
0.853213 
0.180235 
0.561302 
0.324777 
0.034702 
1.201735 
0.439457 
0.094691 
0.605332 
0.369036 
0.566524 
0.182376 
0.659984 
0.060345 
0.809677 
0.735475 
0.184505 
0.206213 
0.027776 
0.118314 
0.341697 
0.078628 
0.556916 
0.169539 
0.135927 
0.530470 
0.449791 
1.280353 
0.534183 
0.491389 
0.509975 
0.100423 
0.122852 
0.218275 
0.162361 
0.052912 
0.634066 
0.136325 
0.935382 
0.489087 
0.486084 
0.399511 
0.680639 
0.826587 
0.294182 
0.087969 
0.324212 
0.076457 
0.102831 
0.158494 
0.779317 
0.267296 
0.513735 
0.445207 
1.755413 
1.387142 
0.209445 
0.700888 
0.795178 
0.932113 
0.516773 
0.012272 
0.336507 
0.455716 
0.300765 
0.129587 
0.131953 
0.305748 
0.397851 
0.464872 
0.019594 
1.073040 
0.412359 
0.358988 
0.431889 
0.668707 
0.722990 
0.595594 
0.014329 
0.853761 
0.516670 
0.769767 
0.120956 
0.263881 
0.077595 
1.622647 
0.142363 
0.275637 
0.406877 
0.169428 
0.440500 
0.615915 
0.268873 
0.512412 
0.515105 
0.022356 
1.379812 
0.969756 
0.445958 
0.195150 
0.065167 
0.746774 
0.430255 
0.391482 
0.236691 
0.025794 
0.035521 
0.444259 
1.056529 
0.425732 
1.433275 
0.731534 
0.711494 
0.498635 
0.081081 
1.472172 
0.204970 
0.218675 
1.662897 
1.103245 
0.754231 
0.297800 
0.297061 
0.683948 
0.130014 
0.175732 
0.507736 
1.789446 
1.818138 
0.069925 
0.338110 
0.020938 
0.168555 
0.517608 
2.614446 
1.285224 
0.138969 
0.199449 
0.364538 
0.035435 
1.147521 
0.428923 
0.436453 
0.063077 
1.773247 
0.376896 
2.066833 
0.576114 
0.071923 
0.795023 
0.763551 
0.066695 
0.813671 
0.141067 
0.490673 
0.490434 
0.477602 
0.770351 
0.276727 
0.506754 
0.002205 
1.674928 
0.145227 
0.513937 
0.010062 
0.936687 
0.230990 
0.006462 
0.870097 
0.459182 
0.067994 
1.793122 
0.263317 
1.566692 
0.630620 
0.379244 
0.019297 
0.171055 
0.333807 
0.097080 
0.003123 
0.512040 
0.088762 
0.848924 
0.012277 
0.544286 
0.071431 
0.293488 
0.116904 
0.008966 
0.582097 
0.173118 
0.513324 
0.515381 
0.216236 
1.082235 
0.235921 
1.297341 
0.014357 
0.676673 
0.347500 
0.027941 
0.297995 
0.026744 
0.210579 
0.783906 
0.649591 
0.833100 
0.044934 
0.384914 
0.805070 
1.592389 
0.256426 
0.118733 
0.455362 
0.565275 
0.714997 
1.224804 
0.049730 
0.106384 
0.091870 
0.012140 
0.088111 
0.313537 
0.353686 
0.107807 
0.734936 
0.078263 
0.100669 
1.903546 
0.556352 
0.032354 
0.056425 
0.409943 
0.878045 
0.061513 
0.405612 
0.272380 
0.148852 
0.294012 
2.147089 
0.486233 
0.291255 
0.236061 
0.972764 
0.043730 
0.341915 
0.917367 
0.541592 
0.410696 
1.680739 
0.034489 
0.127527 
0.579284 
0.584406 
0.307099 
0.084541 
0.359483 
0.580936 
0.049158 
0.736256 
0.206488 
0.099175 
0.993392 
0.087001 
0.082865 
0.922803 
0.567804 
0.076093 
0.572304 
0.360697 
0.399631 
0.402631 
0.727766 
0.198743 
0.419699 
1.017096 
1.052548 
0.205207 
0.521811 
1.706369 
0.108654 
0.637161 
0.273866 
0.103245 
0.451557 
0.015594 
0.042854 
0.326918 
0.425787 
0.676862 
0.079763 
0.135442 
0.116519 
0.766554 
1.972652 
0.994023 
0.035047 
0.650794 
0.864114 
0.051427 
0.662518 
0.840470 
0.402218 
0.411780 
1.654829 
0.032653 
0.357094 
0.320737 
0.935763 
0.452267 
0.605543 
0.511882 
0.140946 
0.406508 
0.779898 
0.371210 
0.375062 
1.288625 
1.597777 
0.973953 
0.776272 
0.832063 
0.339058 
0.136457 
0.115540 
0.583532 
0.194950 
0.423003 
0.577150 
0.066652 
0.368218 
0.363005 
0.100410 
1.075354 
0.507893 
1.082156 
0.036599 
0.175111 
1.327575 
0.546104 
0.553839 
0.131227 
0.579232 
0.073636 
0.426823 
0.429911 
0.533025 
0.135656 
0.611986 
0.669698 
0.344103 
1.035595 
0.629060 
0.526473 
1.153874 
1.557986 
0.968239 
0.141622 
0.569104 
0.086934 
0.160063 
0.077582 
0.429409 
0.354438 
0.516655 
0.470259 
0.060440 
0.520399 
0.130768 
0.859567 
0.875245 
0.840381 
3.511581 
0.012616 
0.702510 
0.110347 
0.269335 
0.617550 
0.278829 
0.094800 
0.686468 
0.687030 
0.374548 
0.705092 
0.291569 
0.159575 
0.137026 
0.711568 
0.133463 
0.232938 
0.100892 
0.067353 
0.067876 
0.338311 
0.324423 
0.935027 
0.768272 
0.277010 
0.052660 
0.047439 
0.180250 
0.003316 
0.052637 
0.237769 
0.458262 
0.729607 
0.663953 
0.479714 
0.018562 
0.353891 
0.441469 
0.106594 
1.030574 
0.206054 
0.373964 
0.319245 
0.254048 
0.135777 
0.840907 
0.169487 
2.582245 
1.341585 
0.183123 
0.087823 
0.217392 
0.036155 
0.257976 
0.222274 
0.784206 
0.880424 
1.122729 
0.336086 
0.229251 
0.057134 
0.885614 
0.652226 
1.171283 
0.093090 
0.050065 
0.234088 
0.262695 
0.477811 
0.333741 
0.017776 
0.018324 
0.815289 
1.221310 
1.265630 
0.970003 
0.763069 
0.463661 
1.493239 
0.908159 
0.776177 
0.072636 
0.365150 
2.225164 
0.763097 
0.831940 
0.614094 
0.373702 
0.179716 
0.333140 
0.531927 
0.366853 
0.356878 
1.216906 
2.713007 
0.019965 
1.079235 
0.716323 
0.411452 
0.067929 
0.026117 
0.220238 
0.878417 
0.160592 
0.022380 
0.572504 
0.522447 
0.330456 
0.106384 
0.088071 
0.212968 
0.227578 
0.347165 
0.283550 
0.481237 
0.479679 
0.440469 
0.159399 
1.422354 
0.526551 
0.846358 
0.107724 
0.368588 
0.317340 
0.376344 
0.146204 
0.097272 
0.183641 
0.134281 
0.259788 
0.523742 
0.760365 
0.785892 
0.478218 
0.682278 
1.214037 
0.358787 
0.168440 
1.125039 
0.593923 
1.288788 
0.235600 
0.106810 
0.648877 
0.151207 
0.044789 
0.032984 
1.559295 
0.814759 
0.274190 
0.336711 
0.053977 
1.109499 
0.752855 
0.114376 
0.441324 
0.100014 
1.813219 
0.697166 
1.088686 
0.058198 
0.632860 
0.849890 
1.663428 
0.378246 
0.180927 
1.055642 
1.734536 
0.377675 
0.173639 
0.013815 
0.003813 
0.579221 
0.010005 
1.946184 
0.103826 
0.344338 
0.926221 
0.719337 
0.551716 
0.468464 
0.371121 
0.053754 
0.086582 
0.189234 
0.651519 
0.298539 
0.075315 
0.103213 
0.669535 
0.032476 
1.451077 
0.121298 
0.266118 
0.258556 
2.104448 
0.112372 
1.221753 
0.120429 
0.321440 
0.160876 
1.711620 
1.973114 
0.089185 
0.599950 
0.197659 
0.032303 
0.354343 
0.038453 
0.054854 
0.183583 
1.066044 
1.014984 
0.424246 
0.451037 
1.387702 
0.363125 
0.070812 
0.270081 
0.198172 
0.533328 
0.690482 
0.789560 
0.070104 
0.680813 
0.188228 
0.376560 
0.547835 
0.083147 
1.025376 
1.924227 
0.800143 
0.592404 
0.207962 
1.206482 
1.424115 
0.046042 
0.378618 
0.100065 
0.245977 
0.566492 
1.520688 
0.077761 
0.703998 
0.303729 
0.547839 
0.115666 
0.019533 
1.248980 
0.435551 
0.287579 
0.057821 
0.277059 
0.024264 
0.072157 
0.450380 
1.982450 
0.094559 
0.022934 
0.338656 
0.237530 
0.461638 
2.763276 
0.060198 
0.270086 
0.285002 
0.143635 
0.415056 
0.072658 
0.095002 
0.223492 
0.006609 
0.587506 
0.680566 
0.102068 
0.242118 
0.031284 
0.213291 
0.317815 
1.920228 
1.274883 
0.233574 
0.438433 
0.979914 
0.103758 
0.479029 
0.118608 
0.169940 
0.934611 
0.492331 
0.333968 
1.524042 
0.358702 
1.119799 
0.017117 
0.481391 
0.457296 
0.724151 
1.056465 
0.188086 
0.148004 
0.159190 
0.886949 
0.214349 
0.519195 
1.220396 
0.142027 
1.414402 
2.079696 
0.371146 
0.351288 
0.220536 
0.161607 
0.760219 
0.631427 
0.122618 
0.109422 
0.321199 
0.007315 
0.058776 
3.648761 
0.481231 
0.390881 
0.072564 
0.293442 
0.211174 
1.169882 
0.508446 
0.472526 
0.811314 
0.516258 
0.985526 
0.476958 
0.298397 
0.349666 
0.190236 
0.737522 
0.042529 
0.313874 
0.401238 
0.802820 
0.823721 
1.500196 
0.406506 
0.718216 
0.639704 
0.152805 
0.643047 
0.273898 
0.823406 
1.198308 
0.071734 
0.173575 
0.358403 
1.908330 
0.128475 
0.207050 
0.553745 
0.098614 
0.257014 
0.024834 
0.232894 
0.149443 
0.110242 
0.436539 
0.196216 
0.206956 
0.429468 
0.211755 
0.625279 
0.256640 
0.359311 
1.029034 
0.671436 
0.763680 
0.034394 
0.141432 
1.050828 
0.165097 
0.242347 
0.840824 
0.736124 
0.191356 
0.314560 
0.920699 
0.330200 
0.703689 
1.226644 
0.276791 
1.016926 
0.069589 
0.548890 
0.000498 
0.638606 
2.054806 
0.068122 
0.638643 
0.196750 
0.309776 
0.630078 
0.227868 
0.566139 
0.070403 
0.322270 
1.476665 
0.144048 
1.770437 
0.802334 
0.374715 
0.264596 
0.193645 
0.865055 
0.619732 
0.630558 
1.484445 
0.775631 
0.143361 
0.509082 
0.211529 
0.666730 
0.169426 
0.377405 
0.014021 
0.694022 
0.450148 
0.824012 
0.902004 
1.343921 
0.540254 
0.193143 
0.235029 
0.114018 
0.005753 
0.159293 
0.219215 
0.564749 
0.028393 
0.840504 
0.734733 
0.429345 
0.445356 
0.012906 
0.150546 
0.534041 
2.469346 
0.452266 
0.581637 
0.302864 
0.798075 
0.500701 
0.621861 
0.242348 
0.905556 
0.367177 
0.694260 
0.445640 
1.410207 
0.481857 
0.425512 
0.795866 
0.403535 
0.198421 
0.178640 
0.125164 
3.094743 
0.378437 
0.198247 
0.232471 
0.199850 
0.399223 
0.241280 
0.585478 
0.522100 
0.247576 
0.353532 
0.518181 
0.890847 
0.340305 
0.320896 
0.543967 
0.364395 
0.689492 
0.270079 
0.170173 
0.265730 
0.686617 
0.008594 
0.255605 
0.564780 
0.251938 
0.317337 
0.316665 
0.335374 
0.082777 
0.214031 
0.583551 
0.375045 
0.527366 
0.226902 
0.042481 
1.829684 
0.137319 
0.140822 
0.268507 
0.313895 
1.321638 
0.402539 
0.241518 
0.498329 
0.213482 
0.530284 
0.277125 
0.195126 
0.437428 
0.792103 
0.609432 
0.279845 
0.612017 
0.023929 
0.255571 
2.460909 
0.395067 
0.145894 
0.257498 
0.738515 
0.620907 
0.070368 
0.294363 
0.398749 
0.118486 
0.033443 
0.236567 
0.310304 
0.148798 
0.058535 
0.784892 
0.493650 
0.011490 
0.823827 
0.505670 
0.722758 
0.975799 
0.479093 
0.020961 
0.014739 
0.118939 
0.026607 
2.559740 
0.355484 
1.365974 
2.454261 
1.189425 
0.626030 
0.491226 
0.457471 
0.064233 
0.112715 
0.060605 
0.413196 
0.875557 
0.501901 
0.354556 
0.453673 
0.780472 
0.424602 
0.621851 
0.169932 
0.535149 
0.749203 
1.002493 
0.659262 
0.490358 
0.544360 
1.867677 
1.178553 
0.327118 
0.029918 
0.098030 
0.152211 
0.002801 
1.049322 
0.043954 
0.251911 
1.256179 
0.208085 
0.496582 
0.513526 
0.034934 
0.099820 
0.502205 
0.146858 
0.430332 
0.505673 
0.834323 
0.938578 
0.061681 
0.426072 
0.859026 
0.416160 
0.183693 
0.288555 
0.402030 
0.637975 
0.030207 
0.187943 
1.566738 
0.766901 
0.338602 
0.294773 
0.106763 
0.312680 
0.057149 
0.166711 
0.190314 
0.417840 
0.870835 
1.480151 
0.210106 
0.215280 
0.004390 
1.167378 
0.355290 
0.661955 
0.744032 
0.855610 
1.116660 
0.713500 
0.963217 
0.753522 
0.096125 
0.372823 
0.177302 
0.618458 
0.177273 
0.009810 
0.381845 
1.037349 
0.071802 
0.158246 
0.626891 
1.099580 
0.091772 
0.155177 
0.192515 
0.000038 
0.161576 
0.012958 
1.992723 
0.533427 
1.125298 
0.469634 
1.187263 
1.680129 
0.219059 
0.167625 
0.188984 
1.561373 
1.083484 
0.105394 
0.137458 
0.791701 
1.358824 
0.134234 
0.125739 
0.014138 
0.449534 
0.264993 
0.096476 
0.145902 
0.443972 
1.145121 
0.278633 
0.264085 
0.106059 
0.202908 
0.159646 
1.656030 
0.383219 
0.234001 
0.419402 
0.410463 
0.361108 
0.156122 
0.448165 
0.542790 
0.094691 
0.635535 
0.060693 
0.104762 
0.006403 
1.017540 
0.887731 
0.818808 
2.805242 
0.344737 
0.424902 
0.015577 
0.397101 
0.117705 
0.185869 
3.125363 
0.431854 
0.139500 
0.904621 
0.236598 
0.060871 
0.331916 
0.349003 
0.134106 
1.239764 
0.991508 
0.306955 
0.391435 
0.521411 
0.130168 
0.175523 
0.572990 
0.948653 
0.269630 
0.337679 
0.567275 
0.278741 
0.340657 
0.317001 
0.319875 
0.431032 
0.429818 
0.195706 
0.729629 
1.173350 
0.890552 
0.869788 
0.754386 
0.463066 
0.015678 
0.868914 
0.474009 
0.076741 
0.220644 
0.478964 
0.230435 
0.138617 
0.222228 
0.797627 
0.439061 
0.506732 
0.662954 
0.602731 
0.257159 
1.670282 
0.686858 
0.035331 
0.474632 
0.146044 
0.095756 
0.181257 
0.466320 
0.126775 
0.047574 
0.277606 
0.472163 
0.027311 
0.264668 
0.690145 
1.474542 
0.367332 
0.140534 
0.054313 
0.001172 
0.208117 
0.210442 
0.761742 
1.132567 
0.089150 
0.648538 
0.080911 
0.042289 
0.017023 
0.443647 
0.257357 
1.428594 
0.743153 
0.076219 
0.179788 
0.102118 
0.692183 
0.076346 
1.673023 
0.000559 
0.794597 
0.990236 
0.415806 
0.063507 
0.642489 
0.129615 
1.633518 
0.199696 
0.041208 
0.470675 
0.427629 
0.059150 
0.097869 
0.886214 
0.085824 
1.021714 
0.044821 
0.033113 
0.005660 
0.103250 
0.680461 
0.160137 
1.637476 
0.240159 
0.259106 
0.001164 
0.040164 
0.164810 
0.311256 
0.296285 
0.208269 
0.637704 
0.368521 
0.249744 
0.866042 
0.439159 
0.004490 
0.148124 
0.156387 
0.053246 
0.802632 
0.388836 
0.474779 
0.091315 
0.325877 
0.224243 
0.081403 
0.076098 
0.808258 
0.182037 
0.865745 
0.850087 
0.093762 
0.920879 
0.294165 
0.972845 
0.319110 
0.003673 
2.843920 
0.039724 
0.493149 
0.678980 
0.338322 
0.537824 
0.369669 
0.881154 
0.057383 
0.178246 
1.437987 
0.669263 
0.551373 
0.749254 
0.146270 
0.942896 
0.129005 
0.070205 
0.585353 
0.212612 
0.401201 
0.145273 
0.780124 
0.061530 
0.040420 
0.112361 
0.456694 
0.534247 
0.226659 
1.085005 
0.017886 
0.433452 
0.953852 
0.338387 
0.763643 
0.794481 
0.033218 
0.187362 
0.383508 
1.109796 
0.990785 
0.057647 
0.119557 
0.285566 
1.678228 
0.070795 
1.128418 
0.490704 
0.012786 
0.197422 
0.579725 
0.203335 
0.859655 
0.221763 
0.756018 
0.627338 
0.099916 
0.164202 
0.711762 
0.814353 
0.692500 
0.824281 
0.428284 
0.313057 
1.062848 
0.045485 
0.298368 
1.633531 
0.212992 
1.190793 
1.694665 
0.041133 
0.181985 
0.479838 
0.501772 
1.291629 
0.468289 
0.117902 
0.410778 
0.098420 
0.014013 
0.342840 
0.355928 
0.149147 
0.795744 
0.632279 
0.181292 
0.259916 
0.115815 
0.007676 
0.028585 
1.114442 
0.693187 
0.438888 
0.125642 
0.333575 
0.091404 
2.155766 
0.419601 
0.300718 
0.221428 
0.395771 
2.240768 
0.835291 
1.771307 
0.519303 
0.114383 
0.797063 
0.657700 
0.407097 
0.420130 
0.064060 
0.043118 
0.512971 
0.245465 
0.081894 
0.100341 
1.622346 
0.962327 
0.268373 
0.889153 
1.115266 
0.654210 
1.696218 
0.905525 
0.216591 
0.507189 
0.191068 
1.000043 
0.478074 
1.053486 
0.095052 
0.663347 
0.116092 
0.261523 
0.168222 
0.528922 
0.400948 
0.286912 
0.334169 
0.263065 
1.681126 
0.364572 
0.478971 
0.312910 
0.135718 
0.179804 
0.404290 
0.520547 
2.005056 
0.154766 
0.103851 
0.098949 
0.491780 
0.415969 
0.362693 
0.048967 
1.362946 
0.212804 
0.756940 
0.390649 
0.416471 
0.947100 
0.430984 
1.159739 
0.301422 
0.192657 
0.142335 
0.641608 
0.016521 
0.160626 
1.059367 
0.038688 
0.282121 
0.196752 
0.365970 
0.148948 
0.919187 
0.263957 
0.539181 
0.034540 
0.928882 
0.695937 
0.494080 
0.258852 
1.312434 
0.211254 
0.566269 
0.393579 
0.361817 
0.871702 
0.025982 
0.031875 
0.008922 
0.147520 
0.091621 
0.023003 
0.613230 
0.010447 
0.354254 
0.457897 
0.972113 
1.552604 
0.781900 
0.504227 
0.055940 
2.215383 
1.184459 
0.092863 
0.734874 
0.546838 
1.431328 
0.019088 
0.386628 
0.289460 
0.489356 
0.009528 
0.135358 
0.029151 
0.985820 
2.309513 
0.138949 
0.815788 
0.109946 
0.486031 
1.036335 
0.954725 
0.925121 
1.530067 
0.032817 
0.582088 
0.106984 
0.305622 
0.144937 
0.210615 
0.442309 
0.978746 
0.522191 
0.306577 
0.531038 
0.105992 
0.361079 
0.776366 
0.330818 
0.324631 
0.344918 
0.495877 
0.951094 
0.594428 
0.053500 
0.336185 
0.036486 
0.711848 
0.347478 
0.583866 
0.852194 
0.043860 
0.357087 
0.220352 
0.181114 
0.144415 
0.120052 
0.355068 
0.027828 
0.994298 
0.201274 
0.468758 
0.248260 
0.346516 
0.376409 
0.162713 
0.537441 
0.070498 
0.135207 
0.103115 
0.029267 
0.407563 
0.343271 
0.845509 
1.394283 
0.119241 
0.026750 
0.401276 
0.240056 
0.159251 
0.191395 
0.228478 
0.541869 
0.630246 
1.777771 
1.115810 
0.594508 
1.250566 
1.590758 
0.069196 
0.102954 
0.510201 
1.261598 
0.015215 
0.634272 
0.101500 
0.807084 
0.307282 
0.327324 
0.537905 
0.300089 
0.713520 
0.007041 
0.008968 
0.730221 
0.377101 
0.122583 
0.149314 
1.630290 
0.099706 
0.348014 
0.561642 
0.106998 
0.934987 
0.429804 
0.067101 
0.657596 
0.485184 
0.050383 
0.018009 
0.424312 
0.388685 
0.162733 
0.071053 
0.280359 
0.437505 
1.002505 
0.769508 
0.212750 
0.431082 
0.168175 
0.391427 
0.367085 
0.155896 
0.009582 
0.011808 
0.156215 
1.083283 
0.269352 
0.023223 
0.723402 
1.549778 
0.368764 
0.175753 
0.074258 
0.463721 
0.702502 
0.069426 
1.191601 
0.321497 
0.167001 
0.192701 
0.152115 
0.489112 
1.318648 
0.242751 
0.087557 
0.943844 
0.030955 
1.527563 
0.057479 
0.093880 
0.071208 
1.513705 
0.956934 
0.863820 
0.210064 
0.286310 
0.040683 
0.221959 
0.007778 
0.288180 
0.319410 
0.196840 
0.348688 
1.610313 
1.129229 
0.321078 
1.087095 
0.020503 
0.139896 
1.093178 
0.079810 
0.414542 
0.459968 
0.542407 
0.891927 
0.457008 
1.110083 
1.196059 
0.135460 
0.549317 
0.785958 
0.039442 
0.952142 
1.484889 
0.402958 
0.557208 
0.351774 
0.297203 
0.239621 
0.118778 
0.774869 
0.840981 
0.692112 
0.386507 
0.408469 
1.680577 
1.053271 
0.174357 
0.034358 
0.057391 
0.395298 
0.753844 
0.424589 
0.370274 
0.391336 
0.066698 
1.126115 
0.349169 
0.002844 
0.192944 
0.836519 
0.646800 
0.083289 
1.233222 
0.191127 
0.126060 
0.272629 
0.060969 
0.255180 
0.050182 
1.463820 
0.286259 
0.058789 
0.249179 
0.169346 
0.483998 
1.688002 
0.320607 
0.388547 
0.077101 
0.651840 
0.244688 
0.090494 
0.333984 
0.125980 
0.198724 
0.078225 
0.049832 
0.161464 
0.170816 
0.785656 
1.721129 
0.181736 
0.779562 
0.080020 
0.461796 
0.054548 
0.058156 
0.309959 
0.014019 
0.583667 
0.661133 
0.268635 
1.684461 
0.247130 
0.220793 
0.929180 
0.189452 
0.682673 
0.181839 
0.107813 
1.508191 
0.870640 
0.804303 
0.813388 
0.239768 
0.160711 
1.696918 
0.493399 
1.049291 
1.542658 
0.536072 
0.258931 
0.346716 
1.103909 
0.132765 
0.263072 
0.052604 
0.246477 
1.616949 
0.680596 
0.290797 
0.740401 
0.085616 
1.818813 
0.651882 
0.729874 
0.860910 
1.193793 
0.149467 
0.780874 
0.267598 
0.434005 
0.525091 
0.543914 
1.316591 
0.278057 
0.188556 
0.052092 
1.194113 
0.139954 
0.230432 
0.094125 
1.409042 
0.165629 
0.130324 
0.206771 
0.321466 
0.662816 
0.320528 
0.078545 
0.174394 
1.473471 
0.500691 
0.450207 
0.471357 
0.354456 
1.481579 
0.873519 
0.627120 
0.043981 
0.129913 
0.553658 
0.121240 
1.108154 
0.961807 
0.998714 
0.413773 
0.189415 
1.079903 
0.218687 
0.120334 
1.765503 
1.712493 
1.381752 
1.874800 
0.433111 
0.017427 
0.593230 
0.848948 
0.095224 
0.357154 
0.307497 
0.253922 
0.579972 
1.423179 
0.153345 
0.050700 
0.558435 
0.010344 
0.071756 
1.278146 
1.225047 
0.806253 
1.152027 
0.730315 
0.154546 
0.727034 
0.439082 
1.340057 
0.783703 
0.182535 
0.293588 
0.036152 
0.203644 
0.684326 
0.314644 
0.212474 
0.363825 
0.348302 
0.338789 
0.521188 
0.445608 
0.339006 
0.210211 
0.568996 
2.531619 
0.593769 
0.216979 
0.047284 
0.426827 
0.507100 
0.131959 
0.458638 
0.866823 
0.127668 
0.227687 
0.833309 
0.266588 
0.582516 
0.577207 
0.650492 
0.031387 
0.451418 
0.069318 
0.671237 
0.017626 
0.084422 
0.069347 
0.472444 
0.665377 
0.164997 
2.193537 
1.755562 
0.045430 
0.730172 
0.079694 
0.146624 
0.629745 
0.109041 
0.090208 
0.289893 
0.758226 
0.023312 
0.474574 
0.348748 
1.699771 
0.912814 
0.063193 
0.273327 
0.605017 
0.227895 
0.142989 
0.150487 
0.108462 
0.367099 
0.327656 
0.300928 
0.125057 
0.096775 
0.405949 
0.298452 
0.364709 
0.943200 
0.755431 
0.226590 
0.257395 
0.610535 
0.230188 
0.006200 
0.067184 
0.089506 
0.643826 
0.527085 
0.039130 
0.093552 
2.306036 
0.044910 
0.762473 
0.138526 
0.025383 
1.423619 
0.065064 
0.678588 
0.055854 
0.266652 
1.470488 
0.217377 
0.706043 
0.134212 
0.532061 
0.033279 
0.130431 
0.059067 
0.572591 
0.443260 
0.021455 
1.277090 
0.084203 
1.227475 
0.870118 
0.644145 
0.470298 
0.488863 
0.758522 
0.129729 
1.275683 
0.319584 
0.266628 
0.320606 
0.376163 
0.245298 
0.639761 
0.793220 
0.254925 
1.614075 
1.301877 
0.223331 
0.389593 
0.172812 
0.236936 
0.104790 
0.757684 
0.022127 
0.405687 
0.389674 
0.393562 
0.152910 
0.201810 
0.526610 
0.351772 
0.265041 
0.067457 
0.111892 
0.005949 
0.803430 
1.299780 
0.072139 
0.040073 
0.309617 
0.922974 
0.442362 
0.459026 
0.018225 
0.429115 
0.186125 
1.307467 
0.104302 
0.323910 
0.864557 
0.671527 
0.434701 
0.322668 
1.670257 
0.631766 
0.284436 
0.338755 
0.030725 
0.614372 
0.154529 
0.209559 
0.151707 
0.348481 
0.349801 
0.428104 
1.114050 
0.202918 
0.327716 
0.350763 
0.470811 
0.218589 
0.050556 
0.172775 
0.325929 
0.148114 
0.011363 
0.500099 
0.163278 
0.230880 
0.572495 
0.407534 
0.034580 
0.054157 
0.190022 
0.960982 
0.834540 
0.123275 
0.304164 
0.494684 
1.647791 
0.222739 
0.830538 
0.739753 
0.111446 
0.009834 
0.189295 
0.072449 
0.040907 
0.182905 
0.042492 
0.199981 
0.349231 
0.019757 
0.097187 
1.600128 
0.044133 
1.131750 
0.184627 
0.087161 
0.580155 
1.007134 
0.514126 
0.171560 
0.385219 
0.389569 
1.262327 
2.502359 
0.170044 
0.203869 
0.741486 
0.297376 
0.435966 
0.158317 
0.302714 
0.029000 
0.038364 
0.214573 
0.409314 
0.342926 
1.887691 
0.516316 
0.401631 
0.628120 
0.551960 
0.196476 
0.134825 
0.236945 
0.238449 
0.820499 
0.015562 
0.024180 
0.298010 
0.213757 
0.574235 
0.074857 
1.501189 
0.121678 
0.280566 
0.389497 
0.838991 
0.169119 
0.101991 
0.170466 
0.272479 
0.100101 
0.238240 
0.292332 
0.438272 
0.472703 
0.060010 
0.901185 
0.252996 
1.335136 
0.251225 
1.890349 
0.580659 
0.097005 
1.319611 
0.600104 
1.079642 
0.209542 
1.171920 
0.127437 
0.207753 
0.153399 
0.280636 
1.145155 
0.390248 
0.244378 
0.722509 
1.098210 
0.026293 
1.661635 
0.225183 
0.186207 
0.873624 
0.202751 
0.696648 
0.413587 
0.441589 
1.009215 
1.582558 
0.445433 
0.043646 
1.181548 
2.089408 
0.425921 
0.539747 
0.379228 
0.785940 
1.491069 
0.080150 
0.194183 
0.051564 
1.109115 
0.233443 
0.888203 
0.342594 
0.213210 
0.558829 
0.217243 
0.873139 
0.337324 
0.453585 
0.455141 
0.578570 
0.081944 
0.460818 
0.022602 
0.919833 
1.002515 
0.888987 
1.485871 
0.140897 
0.177336 
0.357042 
0.476263 
0.293394 
0.292193 
1.645626 
0.537250 
1.370834 
0.427965 
1.211930 
0.144467 
0.376809 
0.476519 
0.703214 
0.001524 
0.081759 
0.186398 
0.135840 
0.271599 
0.015311 
1.011870 
0.758112 
0.113591 
0.452434 
1.723482 
0.882645 
0.601025 
0.110559 
0.081381 
0.376375 
0.657977 
0.029032 
0.042675 
1.739028 
0.119639 
0.443584 
0.384810 
0.098360 
0.239996 
0.011787 
0.425770 
0.335022 
0.044640 
0.339195 
0.428133 
0.188261 
0.179167 
0.464953 
0.056599 
0.779315 
0.256350 
0.575965 
0.400918 
2.166016 
0.076747 
0.374173 
0.807003 
1.246336 
0.144401 
0.976416 
0.411973 
0.848870 
0.583135 
0.090785 
0.514145 
0.365668 
0.225439 
0.787135 
0.168165 
0.164837 
0.057592 
0.432867 
0.431333 
0.932688 
0.509354 
0.515711 
0.185761 
0.331339 
0.354385 
0.737821 
0.242175 
0.145660 
0.372710 
0.341646 
0.159662 
0.226016 
0.076388 
0.102059 
0.074521 
0.123881 
0.226914 
0.200322 
0.107127 
0.202070 
0.324517 
0.342765 
0.135575 
0.497692 
0.292354 
2.232637 
0.591397 
1.854932 
0.400048 
0.970617 
0.689580 
0.090849 
0.280561 
0.310567 
0.007753 
0.443383 
0.710031 
0.723172 
0.072704 
0.358836 
0.042443 
0.848978 
0.217555 
0.483331 
0.293990 
0.429639 
0.750543 
1.291240 
0.484865 
0.017021 
0.351510 
0.026192 
0.731177 
2.083093 
0.179323 
0.152265 
0.213660 
0.405675 
0.216986 
0.126934 
0.135905 
0.046723 
0.259531 
0.356638 
1.701285 
0.382950 
0.094378 
0.003507 
0.333013 
0.323752 
0.027870 
0.106925 
1.005822 
0.694850 
0.385407 
0.321187 
0.836160 
0.312248 
0.203930 
0.073200 
1.209628 
0.241642 
0.111247 
0.532060 
0.027582 
0.011554 
1.345090 
0.201100 
0.596676 
0.035166 
0.318497 
0.058451 
0.162904 
0.174959 
0.197568 
0.004609 
0.112391 
0.269655 
2.137612 
0.132478 
3.018673 
1.007926 
0.107777 
1.549059 
0.282776 
0.926437 
1.138198 
0.604353 
0.621928 
0.017078 
0.229701 
0.557740 
0.233487 
0.685800 
0.025403 
0.420775 
0.329554 
0.376841 
0.057769 
0.997397 
0.397749 
0.025508 
1.329410 
2.366062 
1.723672 
0.016425 
0.084661 
1.228652 
0.123613 
0.212350 
0.791860 
0.014330 
0.945201 
1.591016 
0.336012 
0.057249 
0.167610 
1.536488 
0.062666 
0.835558 
0.538624 
0.581899 
0.116256 
0.725841 
0.115375 
0.163661 
0.517243 
0.513914 
0.662399 
0.681409 
0.291363 
0.258149 
0.882577 
0.182742 
0.173353 
0.128843 
1.157081 
0.518290 
0.074446 
0.021871 
0.206430 
1.099625 
0.204334 
0.095529 
2.151292 
0.390011 
0.673868 
0.037696 
0.371062 
0.085816 
0.526359 
0.405278 
0.276240 
0.120055 
0.445604 
0.291471 
0.276936 
0.552379 
2.133334 
0.126653 
1.177385 
0.710676 
3.185785 
0.156574 
0.608055 
0.646320 
0.634433 
0.619835 
0.634355 
1.717865 
0.763263 
0.011492 
1.082244 
0.265422 
0.537070 
1.051100 
0.252735 
0.523340 
0.020908 
0.179585 
0.278648 
0.586235 
0.381737 
0.099978 
2.120523 
0.055289 
0.279077 
1.602333 
0.052345 
0.388755 
0.230219 
0.535077 
1.456089 
0.271619 
0.259303 
1.507991 
0.341725 
0.473423 
0.354349 
0.090296 
1.225246 
0.235903 
0.379001 
0.114881 
0.054538 
0.817853 
0.689603 
0.221037 
0.057352 
0.228686 
0.045076 
1.126997 
0.480471 
0.762266 
0.649464 
0.521394 
0.010445 
0.319030 
0.431704 
0.062364 
0.897218 
0.195416 
0.095964 
0.040047 
0.512655 
0.430573 
0.030789 
0.651853 
0.351636 
0.081268 
0.165869 
0.021800 
0.028925 
0.612485 
0.552523 
0.448855 
0.062260 
0.724462 
0.200121 
0.542179 
0.137215 
0.456939 
1.672660 
0.423583 
0.028795 
0.426369 
0.044913 
1.021161 
0.561076 
0.004257 
0.346851 
0.089341 
0.048362 
0.357517 
0.273949 
0.815883 
0.866323 
0.144976 
0.192911 
0.029735 
0.237679 
0.620142 
0.608688 
0.016115 
0.027725 
0.418037 
0.592503 
0.221159 
0.683712 
0.117971 
0.244668 
0.705537 
0.045983 
0.655211 
0.023711 
0.278261 
0.140535 
0.073599 
0.328627 
0.256043 
0.355815 
0.250073 
0.369255 
0.108959 
1.647709 
0.149148 
0.929555 
0.165631 
0.176225 
0.177649 
1.067745 
0.506544 
0.299943 
0.040013 
0.424039 
0.488014 
0.018534 
0.459958 
0.382184 
0.103888 
0.090206 
0.247523 
0.263298 
0.427921 
0.160719 
0.081902 
0.249515 
0.075733 
0.152446 
0.896260 
1.678598 
0.416097 
0.240568 
1.210646 
0.274691 
0.120961 
0.385983 
0.271419 
0.353790 
1.273819 
0.431738 
0.455950 
0.483907 
0.815299 
1.889220 
0.858269 
2.916333 
0.695667 
0.230828 
0.420121 
2.392719 
0.530208 
0.382738 
0.945154 
0.636186 
0.140172 
1.287760 
0.691243 
0.122191 
1.578065 
0.103138 
0.569604 
0.392419 
0.688365 
1.019999 
0.462912 
2.350761 
0.229497 
0.199982 
0.374063 
0.022286 
0.578286 
0.077161 
0.321994 
0.037011 
0.086655 
0.242609 
0.137379 
0.770910 
0.294633 
0.426020 
0.041414 
2.242656 
0.375694 
1.408283 
0.707854 
0.019143 
0.185406 
0.147554 
0.010700 
0.930823 
1.222320 
1.021332 
0.273844 
0.719092 
0.634455 
1.219915 
0.913460 
0.470511 
0.281034 
0.370163 
0.716062 
0.315721 
0.500482 
0.005332 
0.159721 
0.790182 
0.285248 
1.294978 
0.042631 
0.484059 
0.701725 
0.639460 
1.865327 
0.007984 
0.132461 
0.404146 
0.333971 
3.035848 
0.125479 
0.127444 
0.374980 
0.483261 
0.405860 
0.062996 
0.422920 
0.341781 
0.416024 
0.187461 
0.868532 
0.220618 
0.029827 
0.163988 
0.408211 
0.069955 
0.245120 
0.033846 
0.026025 
0.268717 
0.435165 
3.307459 
0.322042 
1.193555 
0.368803 
1.311808 
0.854902 
0.452177 
0.314309 
0.214315 
1.154775 
1.661516 
0.123755 
0.033500 
0.086383 
0.597906 
0.442182 
0.056170 
1.246527 
0.759301 
1.673660 
0.702469 
0.981413 
0.161206 
0.011841 
0.215850 
0.305254 
0.391394 
0.010217 
1.491280 
0.353677 
0.020106 
0.276588 
1.637708 
0.564832 
1.560845 
0.054482 
0.063728 
0.139867 
0.094787 
0.240114 
0.330569 
0.087179 
0.098187 
0.453894 
0.783022 
0.373627 
0.056088 
0.283804 
0.299722 
2.316081 
0.260180 
0.328255 
1.190566 
0.152217 
0.080531 
0.130471 
0.068437 
1.417624 
0.225308 
1.950691 
0.153131 
0.787686 
0.061610 
0.301482 
0.273006 
0.305896 
0.148638 
0.051826 
0.912088 
0.100637 
0.065561 
0.258857 
0.013428 
0.236488 
0.794510 
0.149527 
0.172088 
0.067377 
0.903092 
1.481888 
0.224822 
0.431117 
0.766698 
0.013252 
0.460077 
0.061575 
0.275020 
0.457328 
0.110676 
0.166586 
0.188974 
0.639396 
0.239844 
0.967228 
0.206331 
0.566760 
0.976010 
0.491151 
0.532101 
0.382748 
0.009266 
0.448468 
0.831591 
0.335391 
0.281380 
0.081543 
0.077765 
0.967095 
0.588891 
0.053878 
1.073049 
0.456288 
0.103378 
0.134009 
0.288347 
0.498398 
0.119679 
0.532741 
1.501545 
0.829185 
0.066053 
1.118223 
0.239506 
0.861563 
0.886731 
0.055769 
0.920672 
0.208939 
0.403237 
0.971624 
0.460680 
0.106821 
0.013885 
0.187007 
0.200280 
0.129972 
0.122757 
0.906178 
1.369599 
1.127697 
0.044042 
0.051840 
0.149146 
0.787907 
0.532983 
0.693820 
1.152168 
0.136841 
0.011639 
0.636891 
1.055787 
0.409579 
0.277139 
0.461714 
0.003362 
0.511264 
0.751301 
0.452197 
0.683631 
0.362219 
0.241362 
0.259472 
0.207533 
0.242520 
0.241012 
0.072563 
0.245115 
1.573755 
2.267661 
0.736648 
0.222799 
0.056521 
0.300929 
0.141235 
1.093222 
0.188181 
0.301749 
0.196091 
0.357784 
0.848110 
0.003925 
0.266696 
0.836135 
0.180869 
0.370529 
0.489013 
0.582937 
0.047453 
0.676877 
0.161845 
0.408785 
0.526127 
0.922935 
0.237355 
1.389812 
1.312114 
0.415987 
0.754177 
0.027218 
0.299345 
0.014513 
0.895325 
0.644366 
0.528865 
1.055185 
0.056054 
0.282791 
0.073684 
1.578551 
1.063549 
1.133280 
0.522686 
0.189280 
0.744007 
0.501795 
0.119554 
0.219674 
0.484384 
1.116116 
0.803290 
1.974199 
1.009454 
0.011942 
0.552463 
1.312620 
0.800084 
0.173086 
1.032905 
0.171356 
0.579952 
0.664929 
0.176392 
0.129404 
0.329100 
0.484783 
2.320624 
1.083295 
0.310398 
1.627600 
0.604580 
2.040397 
0.031998 
1.154059 
0.424525 
0.475328 
0.178562 
0.243147 
0.227816 
0.416073 
0.018499 
0.313253 
0.257816 
0.076784 
0.460936 
0.482679 
0.058830 
0.475397 
0.116356 
0.280482 
1.369378 
0.268952 
0.117474 
0.102318 
0.136029 
0.143921 
0.703777 
0.499683 
0.065820 
0.017380 
0.104884 
0.207411 
0.584365 
0.015097 
1.087249 
0.494545 
0.131440 
0.113998 
0.333537 
0.352264 
0.453880 
0.466415 
0.318078 
0.548007 
0.045542 
0.112274 
0.161327 
1.523605 
0.842953 
0.031159 
0.255325 
0.009728 
0.895994 
0.319483 
0.493375 
0.430221 
0.031005 
0.396906 
0.141675 
0.012474 
0.059575 
0.945268 
0.176019 
0.273220 
0.476745 
0.577386 
0.485044 
0.189074 
0.016898 
0.360431 
0.110988 
0.601535 
0.209360 
0.991143 
0.735800 
0.848141 
0.111960 
0.938002 
0.080843 
0.080986 
0.140045 
0.575221 
0.500475 
1.280951 
0.117032 
0.286365 
0.070883 
0.320445 
0.559530 
0.031937 
1.680760 
0.048127 
0.200155 
0.275428 
0.344117 
0.057700 
0.793813 
0.325923 
0.089549 
1.559562 
0.111668 
2.825897 
2.173517 
0.281639 
0.053574 
0.620857 
0.524898 
0.253041 
0.931043 
0.032256 
0.005362 
0.152469 
0.260997 
0.786965 
0.051961 
1.247970 
0.765455 
2.518014 
0.718951 
0.445506 
0.045875 
0.267955 
0.475815 
0.501738 
0.346763 
0.572007 
0.203487 
0.123783 
0.807735 
0.836263 
0.060247 
1.128025 
0.137984 
0.127512 
0.180493 
0.608294 
0.059412 
2.052321 
0.699337 
1.484882 
0.390380 
0.268883 
0.965631 
0.422937 
0.668150 
0.931488 
0.242924 
0.682644 
0.026968 
0.341509 
1.461214 
0.661941 
0.531713 
0.013458 
0.202625 
1.290876 
0.594085 
0.440240 
0.044895 
0.203634 
0.365124 
0.407497 
0.369907 
0.521956 
0.568177 
0.090587 
0.050116 
1.312412 
0.171511 
0.242246 
0.620995 
2.167538 
0.840078 
0.053456 
0.073473 
0.925525 
0.047155 
0.477321 
0.076908 
0.105389 
0.048673 
2.416668 
0.122690 
0.049337 
0.132147 
0.305900 
0.201426 
0.011546 
0.518190 
1.450820 
0.672226 
0.612055 
0.273053 
0.239270 
1.175330 
0.104079 
0.252051 
0.747535 
0.190017 
0.653090 
0.762306 
0.013491 
0.267936 
0.134533 
1.078726 
0.769836 
0.627091 
0.824713 
0.228199 
0.662916 
0.224600 
0.841816 
1.707662 
0.490186 
0.338634 
0.000328 
0.004576 
0.069005 
0.437295 
1.278240 
0.085444 
0.052499 
0.113605 
1.522592 
0.109017 
0.368278 
0.330670 
1.196695 
0.106875 
0.362984 
0.870647 
0.920239 
0.016753 
0.804468 
1.204149 
1.168630 
0.431617 
1.079344 
0.102425 
0.095340 
0.661575 
0.236314 
0.087723 
0.380475 
0.254832 
0.037522 
0.048423 
0.218700 
0.336814 
0.983173 
0.420253 
1.207519 
0.031817 
0.100363 
0.419748 
0.436868 
1.425112 
0.014487 
2.046130 
0.177653 
2.009526 
1.914796 
1.892185 
0.048171 
0.533903 
0.251740 
0.292326 
0.311948 
1.294125 
1.330651 
1.199415 
0.363974 
1.266908 
0.158006 
0.952345 
1.635967 
0.308782 
0.629086 
1.152319 
0.689782 
1.032060 
0.584767 
0.129276 
0.081558 
0.445466 
0.385965 
0.080273 
0.952628 
0.238155 
0.550250 
0.134948 
0.392783 
0.200740 
0.442499 
0.352280 
0.981553 
1.358532 
0.442795 
0.462518 
0.654801 
0.196210 
0.117926 
0.112397 
0.422499 
0.268228 
2.179471 
0.003236 
0.275674 
0.155944 
0.114995 
0.082450 
0.017906 
0.140803 
1.327403 
0.149224 
0.651891 
0.935427 
0.971861 
0.672379 
0.027208 
0.067590 
0.053294 
0.151634 
0.588208 
0.011938 
0.378123 
0.226949 
0.038961 
1.188812 
0.810182 
0.068371 
0.009946 
0.010703 
1.617411 
0.219691 
2.135591 
0.168346 
0.504255 
0.295004 
0.337058 
0.023081 
0.122233 
0.028937 
0.048171 
0.550052 
0.011291 
0.155803 
0.673021 
0.551178 
0.454616 
0.437886 
0.119285 
0.123223 
0.053922 
0.124251 
0.034848 
0.335074 
1.919690 
0.380336 
0.117723 
0.798780 
0.286489 
0.323207 
0.310201 
0.255535 
0.159130 
0.222921 
0.674619 
0.494308 
0.150464 
0.483172 
0.268080 
0.034018 
0.298333 
0.188113 
1.094815 
0.191591 
0.941906 
0.095455 
1.450683 
0.334735 
0.086666 
0.584801 
0.437606 
0.165272 
0.493635 
0.917450 
0.057466 
0.775270 
0.561891 
1.227219 
0.045143 
1.483503 
0.087183 
0.167555 
0.513668 
0.755062 
0.492792 
0.159627 
0.343596 
0.181712 
0.130215 
0.362948 
0.136836 
1.258571 
0.930669 
0.057388 
0.294348 
0.150294 
0.250129 
0.547615 
0.574138 
0.052720 
1.228695 
0.209784 
0.142824 
0.048291 
0.196067 
1.806671 
0.971635 
0.529401 
0.072004 
0.069713 
0.176479 
0.178420 
0.016464 
0.271538 
0.866742 
0.675286 
0.289711 
0.217613 
1.091938 
0.309601 
0.398191 
0.713728 
0.589801 
0.352259 
0.355229 
0.649524 
0.111596 
0.032198 
0.102289 
0.292587 
0.217824 
0.323606 
0.332020 
0.184219 
0.579240 
0.124870 
0.171235 
0.752366 
0.408280 
0.085840 
0.198452 
2.934459 
0.351177 
0.364245 
0.191007 
0.311255 
0.283126 
0.370625 
0.087329 
0.276366 
0.538940 
0.181187 
1.523112 
0.014104 
0.309919 
0.183484 
0.437459 
0.123410 
0.000908 
0.326225 
0.294576 
0.370859 
1.238269 
0.520446 
0.771108 
1.022559 
0.716869 
1.434017 
0.102500 
0.129797 
0.543895 
0.620543 
0.452252 
0.335148 
0.153623 
1.534508 
0.016225 
0.519142 
0.165208 
0.035499 
1.062859 
0.069222 
1.384616 
0.015781 
0.102552 
0.518641 
0.190270 
0.391867 
0.167276 
1.338582 
0.244937 
0.169284 
0.070315 
1.159469 
0.411399 
0.217443 
0.096782 
0.679866 
0.080529 
0.083128 
0.212355 
1.147664 
0.029729 
0.099250 
1.388379 
1.343726 
0.119969 
0.200571 
0.798970 
0.645155 
1.636714 
0.265687 
1.132978 
0.451724 
0.180844 
1.255972 
0.749685 
0.335564 
0.266367 
0.202543 
0.046021 
1.057575 
0.854585 
0.549839 
0.501666 
0.485077 
0.647938 
0.500438 
0.311327 
0.654207 
1.384185 
0.064674 
0.132597 
0.043286 
0.871979 
0.569133 
0.316048 
0.312794 
0.082796 
1.031765 
0.280153 
0.483969 
0.460288 
1.413662 
0.360624 
0.225346 
0.800446 
0.690685 
0.355528 
0.545364 
0.189925 
0.471278 
0.324733 
0.169123 
0.160914 
1.108630 
0.453889 
0.647155 
0.274044 
0.520591 
0.348147 
1.158817 
0.258226 
0.241367 
0.348232 
0.200690 
0.314202 
0.277519 
1.351870 
0.591579 
0.954930 
1.008551 
2.214558 
0.428998 
0.516530 
0.060132 
0.304814 
0.356797 
0.434477 
0.189019 
0.737346 
0.654576 
0.167603 
0.755826 
0.176488 
0.350447 
0.219742 
0.048472 
0.991035 
0.157629 
0.463519 
0.033805 
0.740457 
0.439689 
0.263141 
0.317123 
0.537955 
0.013433 
0.371520 
0.340564 
1.082162 
0.049513 
0.448110 
1.164605 
0.305437 
1.098528 
0.136728 
0.073745 
0.672200 
0.330492 
0.876804 
1.150915 
0.015434 
1.016311 
0.274391 
0.238497 
0.820334 
1.563455 
1.624663 
1.073242 
0.218447 
0.001663 
0.791001 
0.053170 
0.368339 
0.314886 
0.576106 
0.023560 
0.427152 
0.171404 
0.842874 
0.416590 
0.436725 
1.388671 
0.391893 
0.573257 
0.613799 
0.495362 
0.286233 
0.478350 
0.293073 
0.299120 
1.025761 
0.515213 
0.203367 
0.393600 
0.915592 
0.062290 
0.523609 
0.116367 
0.649087 
0.102833 
0.200857 
0.121198 
0.781105 
0.018896 
0.185408 
0.179465 
0.451816 
0.409903 
0.133723 
0.038678 
0.064309 
0.282843 
0.065203 
0.965466 
0.730536 
2.116432 
0.062586 
0.281272 
0.041572 
1.043945 
0.803002 
0.020481 
0.395356 
0.541677 
0.381735 
0.087172 
2.417320 
0.248658 
0.526740 
0.014789 
0.929475 
0.987949 
1.330709 
0.023860 
0.104820 
0.451313 
0.616557 
0.620756 
0.548936 
0.364035 
1.158293 
0.548001 
0.010546 
0.771004 
0.064807 
0.080286 
0.112947 
0.194729 
0.392165 
0.984334 
0.011976 
0.744365 
0.215502 
1.030866 
0.441180 
0.094095 
0.064881 
0.215472 
0.112813 
0.684126 
0.694325 
0.073201 
1.372254 
0.522122 
0.518498 
0.475227 
4.363907 
0.162169 
0.300726 
0.353689 
0.134300 
1.119284 
0.103622 
1.191975 
0.504826 
0.289380 
0.055351 
0.159198 
0.010058 
0.636524 
0.280446 
0.146316 
0.000417 
0.004140 
0.449675 
0.209944 
0.758947 
0.221089 
0.131011 
0.065955 
0.010969 
0.589292 
0.144642 
1.340121 
1.383934 
0.447961 
0.983223 
0.815868 
0.641231 
0.364152 
0.841379 
0.135997 
0.299287 
1.621976 
0.230109 
0.204408 
0.836483 
0.348226 
0.128459 
1.364683 
0.089804 
0.050929 
0.482220 
0.129020 
0.349458 
0.914399 
0.583766 
0.737930 
0.124357 
0.964180 
0.334494 
0.006819 
0.523885 
0.314130 
0.076103 
1.526886 
0.017922 
0.720994 
0.993159 
0.044944 
0.874006 
0.421859 
0.095534 
0.075432 
0.429109 
0.129259 
0.611253 
0.329499 
0.427675 
0.714541 
0.136471 
0.432032 
0.708299 
0.550715 
0.280883 
0.493492 
0.021799 
0.005113 
0.000482 
0.110510 
0.836781 
0.239171 
0.939453 
0.475195 
0.433294 
0.481869 
0.664806 
0.115041 
0.226492 
0.191214 
0.124615 
0.489844 
0.095420 
1.819944 
0.650512 
0.143454 
3.013380 
0.289635 
1.225137 
0.031589 
1.885136 
0.553626 
0.971164 
0.241136 
0.612769 
0.317552 
0.183811 
0.109619 
0.763576 
0.182232 
0.239277 
0.031263 
0.575590 
0.416413 
0.001851 
0.055502 
0.898057 
0.002576 
0.230629 
0.221458 
0.103992 
0.006425 
0.456290 
0.115535 
0.403075 
0.280299 
0.273805 
4.564689 
0.097744 
0.233986 
0.147779 
0.521467 
1.088552 
0.460388 
0.167567 
1.261363 
0.253358 
0.165390 
0.320505 
0.678238 
0.037057 
0.467593 
0.015532 
0.037567 
0.343307 
0.268718 
0.456145 
0.144012 
0.026152 
0.326718 
0.040008 
0.271253 
0.157499 
0.271252 
0.136869 
0.670234 
0.125362 
0.087509 
0.358775 
0.046538 
0.637916 
0.354910 
0.293961 
0.017592 
0.024784 
0.728492 
0.008308 
1.718083 
0.009682 
0.182248 
0.682063 
0.034663 
0.581928 
0.357357 
0.811800 
1.010413 
0.180169 
0.059900 
0.409370 
0.205237 
0.193510 
0.679302 
0.161101 
0.313985 
0.383103 
0.401956 
0.483618 
0.059288 
0.171403 
0.824546 
0.168387 
0.493607 
0.337732 
0.430296 
0.065246 
0.063669 
0.359010 
1.389056 
0.213335 
0.279042 
0.168540 
0.176979 
0.042452 
0.038491 
0.171183 
0.392325 
0.186937 
0.618337 
0.063404 
0.553376 
0.041048 
0.562696 
0.617893 
0.754336 
0.132013 
0.006475 
0.135389 
0.953494 
0.613787 
0.357752 
0.172213 
0.059529 
0.320657 
0.277455 
0.595251 
0.362338 
0.191817 
0.020727 
0.318248 
0.597682 
0.179481 
1.713533 
0.038212 
0.463244 
0.261467 
0.092480 
0.041088 
1.241094 
0.463369 
0.036229 
0.626345 
0.527151 
0.928041 
0.207689 
0.962876 
0.057008 
0.034321 
1.731338 
0.094484 
1.529721 
0.365862 
0.345868 
0.511764 
0.883761 
0.058637 
0.947963 
1.410587 
0.237890 
0.068709 
1.253594 
0.163349 
0.043518 
1.605979 
0.027465 
0.180239 
0.713382 
1.137978 
1.433129 
0.335972 
0.265081 
1.278457 
0.642845 
0.390119 
0.259812 
0.070586 
0.865834 
0.214798 
0.326073 
0.755154 
0.183877 
0.633929 
1.390883 
0.086841 
0.514690 
0.030999 
0.220225 
0.392633 
0.014367 
0.032987 
0.022081 
0.042272 
0.381317 
0.473392 
0.059602 
0.547400 
0.154966 
0.065830 
0.198129 
0.603555 
0.588170 
0.501030 
0.733919 
0.164497 
1.078927 
0.420170 
0.606531 
0.366391 
0.029045 
0.353330 
0.169269 
0.760143 
0.088662 
0.001451 
0.588445 
0.327416 
0.155743 
0.146791 
1.152930 
0.796535 
0.067809 
0.361660 
0.156130 
0.772736 
0.408908 
0.325271 
0.658018 
0.272552 
0.478415 
0.166015 
0.415270 
0.159559 
0.964089 
0.024366 
0.261766 
0.062059 
0.740325 
0.436598 
0.084485 
1.242540 
0.539130 
0.324911 
0.267771 
2.084352 
1.575752 
1.005335 
0.413379 
0.366461 
0.099854 
0.417473 
0.329615 
0.451635 
0.044491 
1.178300 
0.560125 
0.443647 
0.260510 
0.042076 
0.312135 
0.173681 
0.015385 
0.167834 
0.200936 
2.852341 
0.013712 
0.530237 
1.047409 
0.100358 
0.279325 
0.625693 
0.243008 
0.331258 
0.060285 
0.012352 
0.063135 
0.592368 
1.722487 
0.718737 
1.088247 
0.289550 
0.191239 
0.795380 
0.129962 
1.451878 
0.587122 
0.709531 
0.597960 
0.069119 
1.403534 
0.089790 
0.643169 
0.404564 
0.680702 
0.221456 
0.087981 
0.829466 
1.258755 
0.211423 
0.254135 
0.001984 
0.401482 
0.320983 
0.107591 
1.237393 
0.092785 
0.431958 
0.630548 
0.954504 
0.682885 
0.065172 
1.302248 
0.167640 
0.567515 
0.008165 
0.125064 
0.235832 
0.029060 
2.225695 
2.362726 
1.892108 
0.016758 
