3.283056 
1.299342 
1.150549 
4.088441 
1.298798 
0.426670 
1.239666 
0.352051 
0.230136 
3.492318 
3.424168 
3.726598 
1.876561 
0.524721 
2.358499 
0.548207 
0.403606 
1.861122 
2.035611 
0.814559 
0.236444 
4.549944 
2.485021 
0.686102 
7.738376 
1.117362 
6.131118 
3.294323 
1.482961 
3.465515 
2.985675 
5.228189 
0.231233 
3.251942 
2.058602 
5.513109 
0.264075 
0.490489 
2.191081 
2.940863 
2.138999 
3.110945 
0.670871 
2.013885 
4.446229 
0.432197 
3.469962 
0.132144 
1.152057 
1.052104 
0.232688 
13.962489 
0.021214 
5.673448 
0.904150 
2.797209 
0.409732 
3.353332 
5.899733 
1.861600 
0.284110 
1.025106 
1.395695 
0.733246 
2.192420 
1.517169 
10.708127 
0.012670 
1.616627 
2.047046 
1.638109 
6.568002 
0.372120 
7.167070 
2.650240 
0.706765 
0.587714 
1.749506 
0.343848 
1.206347 
7.987266 
0.650782 
3.273368 
0.271002 
2.079536 
3.922169 
6.575899 
3.060529 
2.438050 
0.866427 
0.011138 
4.105208 
3.045752 
2.452613 
0.305689 
11.038485 
7.294246 
1.440687 
3.450691 
0.351344 
4.051769 
0.885049 
1.892503 
0.274705 
3.059799 
0.567951 
3.139486 
2.175819 
2.693141 
7.157666 
0.988796 
0.851234 
2.287697 
4.651791 
1.803420 
0.662463 
7.955198 
0.332752 
5.811302 
1.911277 
2.382297 
0.770517 
1.258127 
8.312283 
2.081308 
0.047375 
1.718732 
1.673011 
1.925002 
4.572020 
3.413180 
0.757450 
4.534549 
1.229725 
1.754609 
1.056720 
6.232954 
0.033198 
5.153811 
0.523334 
4.067631 
3.567540 
3.693332 
5.274127 
0.443338 
3.586625 
5.380390 
0.051976 
0.167376 
0.473760 
3.493548 
3.523003 
2.126557 
5.514682 
0.571390 
3.124648 
1.306981 
1.476710 
0.353528 
0.048680 
1.516445 
0.826332 
2.613895 
0.691592 
4.030039 
0.129961 
5.691786 
1.018128 
1.749604 
1.502915 
3.646251 
1.350118 
0.336850 
4.898571 
7.045782 
2.847484 
3.619512 
0.586181 
0.284147 
2.067822 
0.633367 
1.282618 
10.587121 
8.703147 
2.854564 
5.382327 
1.489184 
0.616276 
0.429319 
6.224279 
1.570073 
3.103620 
0.504903 
2.433058 
2.390628 
4.711786 
0.722657 
4.496116 
1.178538 
1.526057 
0.014424 
2.943603 
0.599893 
0.282759 
6.806383 
0.245760 
4.609843 
4.862379 
3.603030 
2.100933 
1.782230 
6.535597 
1.005316 
2.583641 
1.684227 
2.062870 
1.993162 
4.866168 
0.766077 
4.233594 
9.116940 
1.836510 
3.801545 
5.983370 
3.920925 
0.640749 
0.152623 
1.821728 
1.598698 
0.912243 
1.699156 
0.665792 
2.464216 
0.824375 
7.012119 
0.229178 
2.638796 
2.372059 
2.491991 
1.940790 
0.734008 
1.806029 
4.609625 
2.485155 
2.096382 
0.629526 
3.229847 
1.561392 
0.159101 
0.100110 
2.453916 
1.232939 
11.635037 
0.407328 
1.954967 
1.066972 
0.123490 
5.940564 
3.920080 
0.198054 
0.748488 
10.382926 
4.629220 
2.638142 
0.258454 
5.094780 
0.923494 
0.706088 
2.787372 
2.425143 
1.593507 
2.331152 
0.289380 
0.248519 
0.795950 
6.063946 
2.664365 
6.988837 
0.754752 
0.144077 
0.749627 
4.204631 
0.027636 
1.321112 
2.850495 
0.570432 
1.385532 
1.206152 
0.351242 
0.527184 
1.566091 
0.584242 
1.522288 
0.043059 
4.557164 
0.620768 
1.544864 
1.515132 
1.235368 
0.430313 
3.234023 
0.209694 
0.378533 
1.063556 
2.913992 
0.052740 
0.869001 
1.979447 
5.222014 
0.503692 
3.440754 
2.077394 
1.636653 
3.641607 
0.869961 
0.657022 
0.054519 
1.617852 
6.979105 
1.954013 
1.226112 
1.025829 
3.282654 
2.899583 
8.141190 
2.750469 
0.282374 
1.886554 
0.391443 
1.097795 
1.921132 
2.796301 
0.453742 
0.585745 
3.024143 
5.813959 
0.537564 
2.942251 
1.407827 
2.442471 
1.676190 
2.397684 
0.200452 
3.114902 
4.101852 
1.509717 
0.572127 
3.778771 
0.104153 
3.571262 
2.712893 
3.849668 
1.095306 
1.723012 
0.349712 
6.553071 
1.028491 
5.425750 
1.477322 
1.439375 
3.043692 
2.100612 
2.118529 
2.749273 
1.416104 
4.175762 
3.192702 
0.627447 
1.848655 
0.727118 
6.753475 
0.311635 
2.248623 
1.696489 
0.083455 
1.160267 
4.920683 
8.264209 
6.346993 
0.285416 
1.536347 
0.196940 
0.214363 
0.188524 
2.838530 
2.190720 
2.817331 
5.628092 
0.412332 
0.242204 
1.052480 
3.791109 
5.311055 
2.683511 
7.115671 
0.871562 
0.105115 
0.599522 
0.222500 
0.265160 
11.441191 
0.162102 
2.888763 
0.784386 
2.553781 
3.861257 
2.499004 
6.012708 
2.759715 
2.544314 
5.056476 
7.461352 
1.993118 
3.173754 
0.021012 
1.685471 
5.397201 
1.606782 
1.022906 
1.169263 
2.482765 
2.428971 
0.651424 
0.460522 
1.486102 
2.286219 
4.796554 
0.394987 
1.379604 
0.143325 
0.904886 
0.605019 
0.103107 
3.444746 
0.655155 
0.189617 
3.560059 
6.045662 
1.216334 
0.481679 
0.573974 
9.138663 
6.278522 
1.974002 
0.401697 
0.653055 
4.975085 
1.421525 
4.469341 
1.333193 
1.074495 
3.588367 
2.387469 
2.756467 
1.416758 
1.082984 
2.891474 
8.691661 
1.914319 
0.634495 
1.583194 
1.072175 
1.175704 
0.912732 
4.495774 
0.049066 
0.293854 
4.475725 
1.074968 
5.305694 
1.981822 
0.457885 
0.558732 
2.716010 
4.472504 
4.788663 
2.517705 
8.384984 
0.812340 
0.047513 
1.470126 
0.480039 
4.059820 
2.991560 
3.337470 
1.051932 
0.920547 
0.530219 
1.825205 
4.974525 
7.353583 
0.249365 
2.325460 
0.009226 
1.579997 
3.628644 
1.010836 
0.132803 
3.254917 
6.997547 
2.080405 
1.078368 
0.234554 
4.507185 
0.747622 
1.903670 
2.019655 
0.799366 
0.195074 
0.100747 
5.980551 
0.453565 
0.501670 
0.789052 
0.526774 
0.461825 
11.594429 
5.683170 
2.926543 
0.130651 
1.584377 
2.490879 
3.827238 
2.411192 
4.068151 
1.399982 
0.085049 
0.417522 
2.673760 
2.092961 
0.597888 
0.456651 
0.172565 
0.083038 
1.995487 
7.633972 
2.478728 
2.082865 
2.189298 
2.844501 
1.208909 
4.002084 
0.937714 
4.263568 
3.084164 
2.529472 
3.456990 
2.183458 
0.679557 
1.541828 
0.820221 
0.843979 
6.232764 
5.901705 
3.063583 
2.255085 
0.582194 
0.595466 
6.960115 
0.752357 
3.939802 
6.696988 
0.302521 
1.426432 
4.237680 
5.021933 
0.937068 
3.518261 
6.377889 
1.159043 
2.101868 
0.692718 
3.112855 
5.584285 
1.594616 
2.311453 
2.681002 
0.543904 
0.397769 
7.268616 
4.026441 
1.029699 
1.256364 
2.567695 
0.932908 
0.089295 
4.341362 
1.390643 
1.498903 
3.306008 
0.387579 
1.065748 
1.935988 
0.753843 
1.261949 
3.842440 
0.456614 
4.641553 
0.492414 
2.092831 
4.395079 
1.170716 
5.361007 
1.862052 
2.023032 
1.523121 
0.283978 
1.797465 
1.892037 
2.345695 
1.935992 
0.796600 
0.485665 
0.087694 
0.069814 
4.648324 
0.073677 
0.283509 
2.252766 
4.832770 
0.744700 
1.922365 
2.012912 
5.544533 
0.216949 
2.398619 
1.622264 
2.718844 
0.659489 
0.394129 
0.994355 
0.130101 
4.254107 
1.612938 
1.184641 
2.166050 
10.511297 
1.326623 
6.223587 
0.301498 
0.333769 
0.278305 
0.502176 
0.402621 
2.994537 
3.240673 
0.447974 
3.231178 
5.616387 
0.796346 
5.732309 
2.256334 
2.402131 
1.857387 
1.750984 
0.326658 
2.983776 
0.128337 
0.326466 
1.840381 
1.205256 
0.989382 
0.035764 
2.158046 
0.586308 
3.966769 
0.882061 
0.156234 
0.677001 
9.981793 
1.402126 
1.254513 
8.548764 
8.992365 
1.559470 
0.093651 
0.537820 
0.366619 
6.141257 
0.701085 
1.933906 
3.409046 
0.798442 
1.388557 
0.784076 
0.217734 
2.536840 
3.049484 
9.494851 
1.157351 
0.751070 
0.594210 
0.200058 
0.500526 
3.580980 
0.031248 
1.266968 
1.923468 
0.078652 
4.805525 
2.519652 
3.274480 
0.245081 
1.969577 
1.799679 
4.981576 
0.414095 
1.624062 
0.195540 
0.133694 
2.521661 
2.626084 
5.597273 
0.993327 
0.836269 
5.125759 
0.305079 
0.626073 
0.313898 
1.750530 
2.153410 
12.439720 
3.003050 
4.234524 
0.236506 
0.669209 
3.420342 
1.037796 
0.738273 
1.698462 
4.506273 
0.825355 
4.056035 
4.185657 
4.984267 
1.770248 
5.656591 
0.454562 
8.067729 
0.281968 
0.046076 
2.135853 
2.784345 
12.976760 
2.310144 
0.457890 
0.646541 
0.201268 
9.567518 
8.810845 
0.940353 
0.940366 
1.180074 
0.124564 
0.146108 
2.584525 
2.277338 
4.250314 
8.584842 
0.235957 
3.410486 
3.036556 
1.677408 
4.942381 
1.374572 
0.547286 
0.041162 
3.817379 
2.141803 
3.601922 
4.596841 
1.633954 
0.592230 
0.687548 
2.022078 
2.152337 
6.381105 
7.809178 
3.975635 
0.464719 
2.879641 
0.177165 
10.006265 
0.269043 
0.926361 
5.751147 
2.653931 
4.057341 
1.726526 
0.334829 
1.998212 
0.738555 
7.728920 
3.167504 
0.958923 
4.972920 
1.856034 
0.373897 
2.211294 
0.782214 
2.746267 
3.292450 
0.349451 
1.062957 
0.025041 
1.416224 
0.831035 
9.890991 
0.920145 
0.792598 
0.151960 
0.456910 
2.002953 
2.809727 
1.283849 
0.089674 
1.206582 
7.483540 
1.523146 
0.552032 
1.454266 
3.709824 
2.143844 
2.382544 
5.969118 
1.814178 
2.865837 
4.866340 
1.356741 
1.767301 
0.073641 
4.880659 
2.160635 
2.154755 
4.319010 
2.702941 
0.684692 
1.866679 
1.530011 
2.540740 
0.545598 
2.223666 
2.643658 
7.564356 
0.227352 
0.100298 
5.555539 
3.036846 
0.191847 
0.524033 
3.349522 
0.895179 
1.674909 
0.441763 
2.243095 
0.929334 
0.134834 
0.527516 
1.010095 
2.510965 
1.278710 
6.667907 
1.858319 
1.786920 
1.912573 
3.076863 
1.594984 
7.034040 
0.920208 
2.098672 
6.132446 
1.520484 
0.918439 
0.354974 
3.407270 
0.779485 
5.047244 
0.192643 
0.990571 
1.791967 
0.924424 
2.766240 
0.262325 
0.539251 
0.394012 
2.459483 
1.259066 
4.680936 
3.161821 
2.757757 
0.893582 
3.813750 
1.255580 
1.238019 
0.692061 
0.783513 
0.680112 
1.241180 
1.480944 
0.386781 
2.213467 
0.960460 
0.232651 
3.438146 
0.602960 
4.242153 
0.629068 
0.761267 
0.944051 
4.061740 
0.499829 
4.000400 
0.243040 
2.509634 
0.359890 
1.299082 
0.930849 
0.714778 
7.111113 
2.567822 
2.376218 
1.559534 
0.766243 
2.698536 
0.647005 
1.981391 
4.581438 
1.940593 
2.515121 
2.367115 
3.310406 
5.790895 
3.918768 
0.803159 
0.257087 
0.805334 
13.180546 
3.371845 
4.533490 
0.787091 
0.892225 
0.684090 
1.105864 
0.706587 
0.811301 
4.273776 
3.805714 
5.574417 
3.107295 
0.675351 
0.750517 
1.165523 
1.863816 
0.697491 
3.255823 
2.081913 
3.879783 
1.706256 
2.883962 
0.473481 
0.431982 
1.714556 
0.537625 
0.128452 
5.285066 
2.577811 
2.054453 
2.011254 
5.086210 
0.315137 
0.326352 
4.362320 
1.151162 
1.558483 
1.351725 
1.873789 
0.898718 
1.958358 
4.851951 
0.325245 
0.179598 
3.900335 
8.265605 
0.663028 
8.343957 
1.577007 
6.501651 
2.327230 
2.948694 
2.643333 
0.533247 
1.781922 
5.775593 
0.468358 
2.720804 
2.593876 
5.049524 
0.062316 
3.581328 
1.974150 
2.250120 
2.273530 
1.645971 
2.980477 
1.164782 
1.034255 
0.417720 
4.339017 
3.314318 
3.879842 
2.145343 
6.226697 
3.286066 
3.640001 
4.355611 
3.227771 
2.820711 
0.586802 
1.739514 
0.882595 
2.552257 
0.295565 
1.401994 
5.348073 
3.992419 
1.787311 
4.523058 
0.558740 
3.075423 
2.794958 
0.652736 
0.457721 
0.718280 
0.368235 
2.401158 
0.077378 
0.624112 
1.867641 
1.986180 
1.793263 
2.305019 
1.440641 
2.121486 
0.672508 
0.631259 
0.178313 
1.451364 
2.837140 
2.296797 
1.134547 
0.549557 
2.699503 
1.375678 
2.032181 
13.655582 
0.503638 
1.453436 
2.299595 
5.427072 
1.326558 
2.629791 
2.128591 
3.512243 
0.501039 
2.832158 
5.668130 
3.953857 
6.941478 
0.148618 
0.513927 
3.249673 
1.543313 
3.417919 
0.746726 
7.265450 
3.230982 
1.898405 
4.911212 
1.288403 
2.866902 
0.326628 
1.791301 
0.272337 
6.202097 
4.024408 
2.800733 
4.472779 
0.428581 
2.204382 
10.126716 
4.220334 
0.052845 
0.063460 
2.074841 
8.297765 
1.170380 
1.426988 
9.315194 
1.159427 
0.665032 
2.242924 
4.568014 
2.080277 
10.179754 
0.627593 
0.928383 
1.836256 
8.242883 
0.349258 
0.505592 
1.900574 
3.353465 
0.373272 
4.689828 
2.035562 
0.368934 
4.276939 
1.790633 
5.252614 
1.068642 
1.889924 
5.405270 
1.396202 
0.691059 
0.043412 
0.791535 
2.954402 
1.045715 
0.510105 
0.306442 
2.401793 
2.652359 
0.452895 
0.878244 
1.857612 
0.672139 
0.791434 
0.526890 
4.245129 
3.714361 
1.058212 
2.537963 
1.439498 
0.516162 
1.129792 
1.340920 
1.076341 
0.078780 
3.188840 
0.183477 
10.828406 
1.606373 
5.158665 
0.422966 
2.670363 
3.512806 
0.254137 
2.987160 
5.152982 
1.750959 
0.098215 
5.693753 
2.394010 
2.194974 
2.449024 
0.162064 
1.430406 
0.468404 
7.110615 
1.554031 
0.332453 
0.218012 
1.361453 
0.692892 
2.422875 
2.898399 
1.604523 
0.673269 
0.721746 
0.314125 
5.901002 
0.855448 
0.848378 
2.092318 
0.992977 
2.693004 
2.434479 
0.663198 
4.905036 
4.118703 
3.365432 
4.051564 
0.104994 
1.291012 
1.126964 
0.129095 
0.407690 
2.832664 
13.201749 
1.084843 
10.596039 
3.143932 
0.012264 
2.600904 
1.938533 
0.596366 
4.722732 
15.593358 
2.600945 
2.520650 
0.501821 
0.355120 
2.422881 
3.018294 
0.786321 
1.332806 
3.955829 
2.214209 
1.216018 
4.550914 
2.624741 
3.350382 
3.890494 
1.115622 
0.759374 
2.645916 
0.563176 
0.898712 
1.791818 
4.171400 
1.105570 
7.316172 
3.507808 
12.186915 
0.659419 
3.615851 
1.854467 
0.200743 
2.213304 
5.026133 
7.108847 
4.345750 
1.522910 
0.950726 
0.893297 
1.321928 
11.952642 
1.656576 
0.079480 
1.559819 
0.909849 
0.088604 
0.460644 
0.434176 
0.974432 
1.539685 
1.197009 
0.946617 
6.502946 
0.610575 
0.665838 
5.191071 
1.361167 
0.292470 
0.748649 
3.992873 
0.327755 
1.291957 
0.655584 
1.076402 
0.878345 
0.073211 
7.211814 
0.989046 
1.458225 
5.516261 
0.935012 
0.043116 
0.655166 
0.338075 
0.938830 
0.296876 
1.958478 
0.656808 
5.122171 
0.383770 
2.497960 
0.989303 
2.514133 
0.535363 
1.150901 
1.010103 
2.767568 
0.101757 
2.871022 
4.646461 
0.386517 
0.079383 
4.150082 
16.212664 
1.326419 
0.268497 
5.546980 
3.702868 
0.513381 
2.558604 
1.397524 
1.323089 
2.720916 
5.842789 
0.004222 
1.849038 
1.686315 
4.146156 
0.298325 
1.761665 
0.270942 
0.548390 
0.456880 
1.199772 
0.176376 
4.562247 
1.933368 
0.184900 
0.594638 
1.300553 
0.896328 
0.109175 
1.293531 
2.667257 
2.290388 
0.297986 
1.319006 
0.502001 
0.410725 
2.289537 
4.146878 
0.037766 
1.221400 
1.825969 
1.127508 
1.363943 
0.344334 
1.016471 
6.141154 
0.527572 
2.613752 
5.874867 
1.962782 
1.944576 
0.157809 
2.062589 
3.170918 
2.988767 
0.313845 
0.512360 
5.157639 
0.940450 
3.696586 
3.603188 
4.247219 
0.793052 
1.015611 
9.291263 
5.771494 
2.126995 
0.432202 
3.797906 
2.771139 
6.317611 
1.250200 
0.122251 
2.705849 
4.526120 
1.487406 
1.808392 
2.504034 
0.993348 
1.183367 
0.376540 
1.369365 
2.310646 
1.737460 
0.994313 
4.635894 
1.428912 
1.266787 
3.917800 
7.699722 
1.743309 
0.452180 
0.419014 
1.432345 
2.565736 
2.284704 
3.527993 
2.397455 
1.618261 
1.253557 
0.006699 
4.531776 
1.491773 
8.405370 
2.241433 
3.314503 
0.326733 
0.437809 
1.931952 
2.478312 
1.887198 
0.544135 
1.400287 
0.607902 
3.078906 
1.453645 
1.293748 
1.945312 
1.063811 
4.589362 
3.500972 
5.050465 
4.248963 
1.078955 
3.040707 
2.880895 
3.025205 
0.048498 
0.584517 
9.656256 
0.858512 
0.897355 
11.041225 
0.375912 
2.689934 
2.407653 
3.178970 
3.166090 
2.747624 
3.546937 
0.032964 
0.733320 
9.201741 
2.225422 
1.837338 
1.623152 
4.408755 
2.778723 
2.459084 
1.252003 
1.900738 
0.766366 
0.858701 
0.644638 
5.429073 
5.183634 
1.368963 
0.067532 
0.949072 
1.735943 
0.493402 
0.596402 
0.140812 
3.115428 
4.167576 
2.559841 
1.325042 
1.929924 
0.822714 
2.856074 
0.284323 
2.666846 
2.634333 
0.567825 
0.086351 
7.616826 
2.432371 
5.202765 
4.206183 
5.442926 
7.567445 
0.036169 
1.182653 
0.230457 
3.983800 
0.166913 
0.414422 
1.287176 
2.686533 
4.762965 
0.118247 
0.020953 
0.235834 
9.028530 
1.258880 
0.219088 
0.893275 
0.913886 
1.111865 
3.144987 
18.923095 
2.677993 
0.868646 
4.255371 
11.707742 
0.227007 
