0.547176 
0.216557 
0.191758 
0.681407 
0.216466 
0.071112 
0.206611 
0.058675 
0.038356 
0.582053 
0.570695 
0.621100 
0.312760 
0.087453 
0.393083 
0.091368 
0.067268 
0.310187 
0.339268 
0.135760 
0.039407 
0.758324 
0.414170 
0.114350 
1.289729 
0.186227 
1.021853 
0.549054 
0.247160 
0.577586 
0.497613 
0.871365 
0.038539 
0.541990 
0.343100 
0.918851 
0.044012 
0.081748 
0.365180 
0.490144 
0.356500 
0.518491 
0.111812 
0.335647 
0.741038 
0.072033 
0.578327 
0.022024 
0.192010 
0.175351 
0.038781 
2.327082 
0.003536 
0.945575 
0.150692 
0.466202 
0.068289 
0.558889 
0.983289 
0.310267 
0.047352 
0.170851 
0.232616 
0.122208 
0.365403 
0.252862 
1.784688 
0.002112 
0.269438 
0.341174 
0.273018 
1.094667 
0.062020 
1.194512 
0.441707 
0.117794 
0.097952 
0.291584 
0.057308 
0.201058 
1.331211 
0.108464 
0.545561 
0.045167 
0.346589 
0.653695 
1.095983 
0.510088 
0.406342 
0.144404 
0.001856 
0.684201 
0.507625 
0.408769 
0.050948 
1.839748 
1.215708 
0.240114 
0.575115 
0.058557 
0.675295 
0.147508 
0.315417 
0.045784 
0.509967 
0.094658 
0.523248 
0.362636 
0.448857 
1.192944 
0.164799 
0.141872 
0.381283 
0.775299 
0.300570 
0.110410 
1.325866 
0.055459 
0.968550 
0.318546 
0.397049 
0.128420 
0.209688 
1.385380 
0.346885 
0.007896 
0.286455 
0.278835 
0.320834 
0.762003 
0.568863 
0.126242 
0.755758 
0.204954 
0.292435 
0.176120 
1.038826 
0.005533 
0.858969 
0.087222 
0.677939 
0.594590 
0.615555 
0.879021 
0.073890 
0.597771 
0.896732 
0.008663 
0.027896 
0.078960 
0.582258 
0.587167 
0.354426 
0.919114 
0.095232 
0.520775 
0.217830 
0.246118 
0.058921 
0.008113 
0.252741 
0.137722 
0.435649 
0.115265 
0.671673 
0.021660 
0.948631 
0.169688 
0.291601 
0.250486 
0.607709 
0.225020 
0.056142 
0.816428 
1.174297 
0.474581 
0.603252 
0.097697 
0.047358 
0.344637 
0.105561 
0.213770 
1.764520 
1.450525 
0.475761 
0.897054 
0.248197 
0.102713 
0.071553 
1.037380 
0.261679 
0.517270 
0.084151 
0.405510 
0.398438 
0.785298 
0.120443 
0.749353 
0.196423 
0.254343 
0.002404 
0.490601 
0.099982 
0.047127 
1.134397 
0.040960 
0.768307 
0.810396 
0.600505 
0.350156 
0.297038 
1.089266 
0.167553 
0.430607 
0.280704 
0.343812 
0.332194 
0.811028 
0.127679 
0.705599 
1.519490 
0.306085 
0.633591 
0.997228 
0.653487 
0.106792 
0.025437 
0.303621 
0.266450 
0.152041 
0.283193 
0.110965 
0.410703 
0.137396 
1.168687 
0.038196 
0.439799 
0.395343 
0.415332 
0.323465 
0.122335 
0.301005 
0.768271 
0.414192 
0.349397 
0.104921 
0.538308 
0.260232 
0.026517 
0.016685 
0.408986 
0.205490 
1.939173 
0.067888 
0.325828 
0.177829 
0.020582 
0.990094 
0.653347 
0.033009 
0.124748 
1.730488 
0.771537 
0.439690 
0.043076 
0.849130 
0.153916 
0.117681 
0.464562 
0.404190 
0.265584 
0.388525 
0.048230 
0.041420 
0.132658 
1.010658 
0.444061 
1.164806 
0.125792 
0.024013 
0.124938 
0.700772 
0.004606 
0.220185 
0.475082 
0.095072 
0.230922 
0.201025 
0.058540 
0.087864 
0.261015 
0.097374 
0.253715 
0.007177 
0.759527 
0.103461 
0.257477 
0.252522 
0.205895 
0.071719 
0.539004 
0.034949 
0.063089 
0.177259 
0.485665 
0.008790 
0.144833 
0.329908 
0.870336 
0.083949 
0.573459 
0.346232 
0.272776 
0.606934 
0.144993 
0.109504 
0.009087 
0.269642 
1.163184 
0.325669 
0.204352 
0.170971 
0.547109 
0.483264 
1.356865 
0.458412 
0.047062 
0.314426 
0.065241 
0.182966 
0.320189 
0.466050 
0.075624 
0.097624 
0.504024 
0.968993 
0.089594 
0.490375 
0.234638 
0.407078 
0.279365 
0.399614 
0.033409 
0.519150 
0.683642 
0.251620 
0.095354 
0.629795 
0.017359 
0.595210 
0.452149 
0.641611 
0.182551 
0.287169 
0.058285 
1.092179 
0.171415 
0.904292 
0.246220 
0.239896 
0.507282 
0.350102 
0.353088 
0.458212 
0.236017 
0.695960 
0.532117 
0.104575 
0.308109 
0.121186 
1.125579 
0.051939 
0.374770 
0.282748 
0.013909 
0.193378 
0.820114 
1.377368 
1.057832 
0.047569 
0.256058 
0.032823 
0.035727 
0.031421 
0.473088 
0.365120 
0.469555 
0.938015 
0.068722 
0.040367 
0.175413 
0.631851 
0.885176 
0.447252 
1.185945 
0.145260 
0.017519 
0.099920 
0.037083 
0.044193 
1.906865 
0.027017 
0.481461 
0.130731 
0.425630 
0.643543 
0.416501 
1.002118 
0.459952 
0.424052 
0.842746 
1.243559 
0.332186 
0.528959 
0.003502 
0.280912 
0.899533 
0.267797 
0.170484 
0.194877 
0.413794 
0.404829 
0.108571 
0.076754 
0.247684 
0.381036 
0.799426 
0.065831 
0.229934 
0.023888 
0.150814 
0.100837 
0.017185 
0.574124 
0.109193 
0.031603 
0.593343 
1.007610 
0.202722 
0.080280 
0.095662 
1.523111 
1.046420 
0.329000 
0.066950 
0.108842 
0.829181 
0.236921 
0.744890 
0.222199 
0.179083 
0.598061 
0.397911 
0.459411 
0.236126 
0.180497 
0.481912 
1.448610 
0.319053 
0.105749 
0.263866 
0.178696 
0.195951 
0.152122 
0.749296 
0.008178 
0.048976 
0.745954 
0.179161 
0.884282 
0.330304 
0.076314 
0.093122 
0.452668 
0.745417 
0.798110 
0.419618 
1.397497 
0.135390 
0.007919 
0.245021 
0.080006 
0.676637 
0.498593 
0.556245 
0.175322 
0.153424 
0.088370 
0.304201 
0.829087 
1.225597 
0.041561 
0.387577 
0.001538 
0.263333 
0.604774 
0.168473 
0.022134 
0.542486 
1.166258 
0.346734 
0.179728 
0.039092 
0.751197 
0.124604 
0.317278 
0.336609 
0.133228 
0.032512 
0.016791 
0.996759 
0.075594 
0.083612 
0.131509 
0.087796 
0.076971 
1.932405 
0.947195 
0.487757 
0.021775 
0.264063 
0.415146 
0.637873 
0.401865 
0.678025 
0.233330 
0.014175 
0.069587 
0.445627 
0.348827 
0.099648 
0.076109 
0.028761 
0.013840 
0.332581 
1.272329 
0.413121 
0.347144 
0.364883 
0.474083 
0.201485 
0.667014 
0.156286 
0.710595 
0.514027 
0.421579 
0.576165 
0.363910 
0.113259 
0.256971 
0.136703 
0.140663 
1.038794 
0.983617 
0.510597 
0.375848 
0.097032 
0.099244 
1.160019 
0.125393 
0.656634 
1.116165 
0.050420 
0.237739 
0.706280 
0.836989 
0.156178 
0.586377 
1.062982 
0.193174 
0.350311 
0.115453 
0.518809 
0.930714 
0.265769 
0.385242 
0.446834 
0.090651 
0.066295 
1.211436 
0.671074 
0.171617 
0.209394 
0.427949 
0.155485 
0.014883 
0.723560 
0.231774 
0.249817 
0.551001 
0.064596 
0.177625 
0.322665 
0.125640 
0.210325 
0.640407 
0.076102 
0.773592 
0.082069 
0.348805 
0.732513 
0.195119 
0.893501 
0.310342 
0.337172 
0.253853 
0.047330 
0.299578 
0.315339 
0.390949 
0.322665 
0.132767 
0.080944 
0.014616 
0.011636 
0.774721 
0.012279 
0.047252 
0.375461 
0.805462 
0.124117 
0.320394 
0.335485 
0.924089 
0.036158 
0.399770 
0.270377 
0.453141 
0.109915 
0.065688 
0.165726 
0.021683 
0.709018 
0.268823 
0.197440 
0.361008 
1.751883 
0.221104 
1.037265 
0.050250 
0.055628 
0.046384 
0.083696 
0.067104 
0.499090 
0.540112 
0.074662 
0.538530 
0.936064 
0.132724 
0.955385 
0.376056 
0.400355 
0.309565 
0.291831 
0.054443 
0.497296 
0.021390 
0.054411 
0.306730 
0.200876 
0.164897 
0.005961 
0.359674 
0.097718 
0.661128 
0.147010 
0.026039 
0.112834 
1.663632 
0.233688 
0.209085 
1.424794 
1.498728 
0.259912 
0.015609 
0.089637 
0.061103 
1.023543 
0.116848 
0.322318 
0.568174 
0.133074 
0.231426 
0.130679 
0.036289 
0.422807 
0.508247 
1.582475 
0.192892 
0.125178 
0.099035 
0.033343 
0.083421 
0.596830 
0.005208 
0.211161 
0.320578 
0.013109 
0.800921 
0.419942 
0.545747 
0.040847 
0.328263 
0.299947 
0.830263 
0.069016 
0.270677 
0.032590 
0.022282 
0.420277 
0.437681 
0.932879 
0.165555 
0.139378 
0.854293 
0.050846 
0.104345 
0.052316 
0.291755 
0.358902 
2.073287 
0.500508 
0.705754 
0.039418 
0.111535 
0.570057 
0.172966 
0.123046 
0.283077 
0.751045 
0.137559 
0.676006 
0.697609 
0.830711 
0.295041 
0.942765 
0.075760 
1.344621 
0.046995 
0.007679 
0.355976 
0.464058 
2.162793 
0.385024 
0.076315 
0.107757 
0.033545 
1.594586 
1.468474 
0.156725 
0.156728 
0.196679 
0.020761 
0.024351 
0.430754 
0.379556 
0.708386 
1.430807 
0.039326 
0.568414 
0.506093 
0.279568 
0.823730 
0.229095 
0.091214 
0.006860 
0.636230 
0.356967 
0.600320 
0.766140 
0.272326 
0.098705 
0.114591 
0.337013 
0.358723 
1.063518 
1.301530 
0.662606 
0.077453 
0.479940 
0.029527 
1.667711 
0.044841 
0.154393 
0.958525 
0.442322 
0.676224 
0.287754 
0.055805 
0.333035 
0.123093 
1.288153 
0.527917 
0.159820 
0.828820 
0.309339 
0.062316 
0.368549 
0.130369 
0.457711 
0.548742 
0.058242 
0.177159 
0.004173 
0.236037 
0.138506 
1.648498 
0.153357 
0.132100 
0.025327 
0.076152 
0.333826 
0.468288 
0.213975 
0.014946 
0.201097 
1.247257 
0.253858 
0.092005 
0.242378 
0.618304 
0.357307 
0.397091 
0.994853 
0.302363 
0.477640 
0.811057 
0.226124 
0.294550 
0.012273 
0.813443 
0.360106 
0.359126 
0.719835 
0.450490 
0.114115 
0.311113 
0.255002 
0.423457 
0.090933 
0.370611 
0.440610 
1.260726 
0.037892 
0.016716 
0.925923 
0.506141 
0.031975 
0.087339 
0.558254 
0.149197 
0.279152 
0.073627 
0.373849 
0.154889 
0.022472 
0.087919 
0.168349 
0.418494 
0.213118 
1.111318 
0.309720 
0.297820 
0.318762 
0.512810 
0.265831 
1.172340 
0.153368 
0.349779 
1.022074 
0.253414 
0.153073 
0.059162 
0.567878 
0.129914 
0.841207 
0.032107 
0.165095 
0.298661 
0.154071 
0.461040 
0.043721 
0.089875 
0.065669 
0.409914 
0.209844 
0.780156 
0.526970 
0.459626 
0.148930 
0.635625 
0.209263 
0.206336 
0.115344 
0.130586 
0.113352 
0.206863 
0.246824 
0.064463 
0.368911 
0.160077 
0.038775 
0.573024 
0.100493 
0.707026 
0.104845 
0.126878 
0.157342 
0.676957 
0.083305 
0.666733 
0.040507 
0.418272 
0.059982 
0.216514 
0.155142 
0.119130 
1.185186 
0.427970 
0.396036 
0.259922 
0.127707 
0.449756 
0.107834 
0.330232 
0.763573 
0.323432 
0.419187 
0.394519 
0.551734 
0.965149 
0.653128 
0.133860 
0.042848 
0.134222 
2.196758 
0.561974 
0.755582 
0.131182 
0.148704 
0.114015 
0.184311 
0.117764 
0.135217 
0.712296 
0.634286 
0.929069 
0.517882 
0.112559 
0.125086 
0.194254 
0.310636 
0.116248 
0.542637 
0.346986 
0.646630 
0.284376 
0.480660 
0.078914 
0.071997 
0.285759 
0.089604 
0.021409 
0.880844 
0.429635 
0.342409 
0.335209 
0.847702 
0.052523 
0.054392 
0.727053 
0.191860 
0.259747 
0.225288 
0.312298 
0.149786 
0.326393 
0.808658 
0.054207 
0.029933 
0.650056 
1.377601 
0.110505 
1.390659 
0.262835 
1.083608 
0.387872 
0.491449 
0.440555 
0.088875 
0.296987 
0.962599 
0.078060 
0.453467 
0.432313 
0.841587 
0.010386 
0.596888 
0.329025 
0.375020 
0.378922 
0.274329 
0.496746 
0.194130 
0.172376 
0.069620 
0.723170 
0.552386 
0.646640 
0.357557 
1.037783 
0.547678 
0.606667 
0.725935 
0.537962 
0.470119 
0.097800 
0.289919 
0.147099 
0.425376 
0.049261 
0.233666 
0.891346 
0.665403 
0.297885 
0.753843 
0.093123 
0.512571 
0.465826 
0.108789 
0.076287 
0.119713 
0.061373 
0.400193 
0.012896 
0.104019 
0.311273 
0.331030 
0.298877 
0.384170 
0.240107 
0.353581 
0.112085 
0.105210 
0.029719 
0.241894 
0.472857 
0.382800 
0.189091 
0.091593 
0.449917 
0.229280 
0.338697 
2.275930 
0.083940 
0.242239 
0.383266 
0.904512 
0.221093 
0.438299 
0.354765 
0.585374 
0.083507 
0.472026 
0.944688 
0.658976 
1.156913 
0.024770 
0.085654 
0.541612 
0.257219 
0.569653 
0.124454 
1.210908 
0.538497 
0.316401 
0.818535 
0.214734 
0.477817 
0.054438 
0.298550 
0.045389 
1.033683 
0.670735 
0.466789 
0.745463 
0.071430 
0.367397 
1.687786 
0.703389 
0.008808 
0.010577 
0.345807 
1.382961 
0.195063 
0.237831 
1.552532 
0.193238 
0.110839 
0.373821 
0.761336 
0.346713 
1.696626 
0.104599 
0.154731 
0.306043 
1.373814 
0.058210 
0.084265 
0.316762 
0.558911 
0.062212 
0.781638 
0.339260 
0.061489 
0.712823 
0.298439 
0.875436 
0.178107 
0.314987 
0.900878 
0.232700 
0.115177 
0.007235 
0.131923 
0.492400 
0.174286 
0.085017 
0.051074 
0.400299 
0.442060 
0.075483 
0.146374 
0.309602 
0.112023 
0.131906 
0.087815 
0.707522 
0.619060 
0.176369 
0.422994 
0.239916 
0.086027 
0.188299 
0.223487 
0.179390 
0.013130 
0.531473 
0.030580 
1.804734 
0.267729 
0.859778 
0.070494 
0.445061 
0.585468 
0.042356 
0.497860 
0.858830 
0.291826 
0.016369 
0.948959 
0.399002 
0.365829 
0.408171 
0.027011 
0.238401 
0.078067 
1.185103 
0.259005 
0.055409 
0.036335 
0.226909 
0.115482 
0.403812 
0.483066 
0.267420 
0.112212 
0.120291 
0.052354 
0.983500 
0.142575 
0.141396 
0.348720 
0.165496 
0.448834 
0.405747 
0.110533 
0.817506 
0.686450 
0.560905 
0.675261 
0.017499 
0.215169 
0.187827 
0.021516 
0.067948 
0.472111 
2.200291 
0.180807 
1.766007 
0.523989 
0.002044 
0.433484 
0.323089 
0.099394 
0.787122 
2.598893 
0.433491 
0.420108 
0.083637 
0.059187 
0.403813 
0.503049 
0.131054 
0.222134 
0.659305 
0.369035 
0.202670 
0.758486 
0.437457 
0.558397 
0.648416 
0.185937 
0.126562 
0.440986 
0.093863 
0.149785 
0.298636 
0.695233 
0.184262 
1.219362 
0.584635 
2.031152 
0.109903 
0.602642 
0.309078 
0.033457 
0.368884 
0.837689 
1.184808 
0.724292 
0.253818 
0.158454 
0.148883 
0.220321 
1.992107 
0.276096 
0.013247 
0.259970 
0.151642 
0.014767 
0.076774 
0.072363 
0.162405 
0.256614 
0.199501 
0.157770 
1.083824 
0.101762 
0.110973 
0.865178 
0.226861 
0.048745 
0.124775 
0.665479 
0.054626 
0.215326 
0.109264 
0.179400 
0.146391 
0.012202 
1.201969 
0.164841 
0.243037 
0.919377 
0.155835 
0.007186 
0.109194 
0.056346 
0.156472 
0.049479 
0.326413 
0.109468 
0.853695 
0.063962 
0.416327 
0.164884 
0.419022 
0.089227 
0.191817 
0.168350 
0.461261 
0.016959 
0.478504 
0.774410 
0.064420 
0.013231 
0.691680 
2.702111 
0.221070 
0.044749 
0.924497 
0.617145 
0.085563 
0.426434 
0.232921 
0.220515 
0.453486 
0.973798 
0.000704 
0.308173 
0.281052 
0.691026 
0.049721 
0.293611 
0.045157 
0.091398 
0.076147 
0.199962 
0.029396 
0.760375 
0.322228 
0.030817 
0.099106 
0.216759 
0.149388 
0.018196 
0.215589 
0.444543 
0.381731 
0.049664 
0.219834 
0.083667 
0.068454 
0.381590 
0.691146 
0.006294 
0.203567 
0.304328 
0.187918 
0.227324 
0.057389 
0.169412 
1.023526 
0.087929 
0.435625 
0.979145 
0.327130 
0.324096 
0.026302 
0.343765 
0.528486 
0.498128 
0.052308 
0.085393 
0.859607 
0.156742 
0.616098 
0.600531 
0.707870 
0.132175 
0.169269 
1.548544 
0.961916 
0.354499 
0.072034 
0.632984 
0.461857 
1.052935 
0.208367 
0.020375 
0.450975 
0.754353 
0.247901 
0.301399 
0.417339 
0.165558 
0.197228 
0.062757 
0.228227 
0.385108 
0.289577 
0.165719 
0.772649 
0.238152 
0.211131 
0.652967 
1.283287 
0.290551 
0.075363 
0.069836 
0.238724 
0.427623 
0.380784 
0.587999 
0.399576 
0.269710 
0.208926 
0.001117 
0.755296 
0.248629 
1.400895 
0.373572 
0.552417 
0.054455 
0.072968 
0.321992 
0.413052 
0.314533 
0.090689 
0.233381 
0.101317 
0.513151 
0.242274 
0.215625 
0.324219 
0.177302 
0.764894 
0.583495 
0.841744 
0.708161 
0.179826 
0.506785 
0.480149 
0.504201 
0.008083 
0.097420 
1.609376 
0.143085 
0.149559 
1.840204 
0.062652 
0.448322 
0.401275 
0.529828 
0.527682 
0.457937 
0.591156 
0.005494 
0.122220 
1.533623 
0.370904 
0.306223 
0.270525 
0.734793 
0.463121 
0.409847 
0.208667 
0.316790 
0.127728 
0.143117 
0.107440 
0.904846 
0.863939 
0.228161 
0.011255 
0.158179 
0.289324 
0.082234 
0.099400 
0.023469 
0.519238 
0.694596 
0.426640 
0.220840 
0.321654 
0.137119 
0.476012 
0.047387 
0.444474 
0.439056 
0.094638 
0.014392 
1.269471 
0.405395 
0.867128 
0.701031 
0.907154 
1.261241 
0.006028 
0.197109 
0.038410 
0.663967 
0.027819 
0.069070 
0.214529 
0.447756 
0.793828 
0.019708 
0.003492 
0.039306 
1.504755 
0.209813 
0.036515 
0.148879 
0.152314 
0.185311 
0.524165 
3.153849 
0.446332 
0.144774 
0.709229 
1.951290 
0.037834 
0.735481 
0.135117 
0.732577 
0.681482 
1.824582 
0.217783 
0.145499 
0.010034 
0.169201 
0.045573 
0.653058 
0.494496 
2.005480 
0.140458 
0.760022 
0.164509 
0.090128 
0.384223 
0.144218 
0.302455 
0.279292 
0.046581 
0.325877 
0.126975 
0.143139 
0.840141 
0.364840 
1.367706 
0.640338 
0.354758 
0.412536 
0.685802 
0.766594 
0.143061 
0.355375 
0.154192 
0.063104 
0.913081 
0.317053 
0.130157 
0.112722 
0.228734 
0.400332 
0.076339 
0.028726 
0.446632 
0.228229 
0.428065 
2.110949 
0.082532 
0.224106 
0.107823 
0.088934 
0.295422 
0.327924 
0.120922 
0.517896 
0.203344 
0.963052 
0.892133 
0.183712 
0.183215 
0.080499 
0.571872 
0.421582 
0.667973 
1.014807 
0.304760 
0.777140 
0.411958 
0.068405 
0.863014 
1.189715 
0.228004 
0.150364 
0.104179 
0.505959 
0.990382 
0.694047 
0.355893 
0.119365 
0.126711 
0.100937 
0.146379 
0.480982 
0.110408 
0.850085 
0.050642 
0.445794 
0.902223 
0.185263 
0.247044 
0.052714 
0.078133 
0.092835 
0.052883 
0.206882 
1.099610 
0.290589 
1.108202 
0.185115 
0.330672 
1.128199 
0.481702 
0.159185 
1.282482 
0.063533 
0.139790 
0.030798 
0.256526 
0.237077 
0.260583 
0.574185 
0.750871 
0.073325 
0.016264 
0.430070 
0.672005 
0.424228 
0.230682 
0.523303 
0.099258 
0.200749 
0.048881 
0.161439 
0.196856 
0.362753 
0.423754 
0.312472 
0.425224 
0.928136 
0.835026 
0.053059 
0.768579 
0.312876 
0.216832 
0.041074 
0.078648 
0.007080 
0.845091 
0.928721 
0.136617 
0.512001 
0.017974 
0.294694 
1.038724 
0.475512 
0.502416 
0.488372 
0.456909 
2.860930 
0.731624 
0.201809 
0.010198 
0.030585 
0.086709 
0.244940 
0.157719 
0.273002 
0.347693 
0.126461 
0.330271 
0.337096 
0.040297 
0.455545 
0.454206 
0.403137 
0.168434 
1.656763 
0.899265 
0.142203 
0.180011 
0.443943 
0.150519 
0.474807 
0.456309 
1.251804 
0.830318 
0.240829 
0.094035 
0.014529 
0.303746 
1.058031 
0.490764 
0.109816 
2.019550 
0.068348 
0.790214 
0.037008 
0.108052 
0.317173 
0.330450 
0.794706 
0.050157 
0.466714 
0.800422 
0.681209 
0.929060 
0.465802 
1.006897 
1.603271 
0.450621 
0.011819 
0.177817 
0.522656 
0.805590 
1.722588 
0.220520 
0.666804 
0.431692 
0.010299 
0.096055 
1.193948 
0.255141 
0.530048 
0.081150 
0.045610 
0.079099 
0.326719 
0.978988 
1.798251 
0.256020 
0.110079 
0.196628 
0.547442 
0.122842 
0.103236 
0.070686 
0.221883 
0.549241 
0.239810 
0.547953 
0.511262 
0.202450 
0.133932 
0.128851 
0.331500 
0.066019 
0.052048 
0.379523 
0.136097 
0.083232 
0.152766 
0.167669 
0.849247 
0.947353 
0.157757 
0.342180 
0.260456 
1.312976 
0.052258 
0.182104 
0.360959 
0.066943 
0.007218 
0.327755 
0.057875 
0.003559 
0.910809 
0.612946 
0.132325 
0.825289 
0.591165 
0.043059 
0.112773 
0.021235 
1.474014 
0.092474 
0.030511 
0.144808 
0.687100 
0.422869 
0.399995 
1.402885 
0.051184 
0.503930 
0.637196 
0.764112 
0.953264 
0.210574 
2.056909 
0.593523 
0.399449 
0.297677 
0.470235 
0.518023 
0.810071 
1.419292 
0.184956 
0.173319 
0.831912 
0.720609 
0.018809 
0.002464 
0.100456 
0.364334 
0.216033 
0.321533 
0.008164 
0.323828 
0.022557 
0.343225 
0.054526 
0.563533 
0.867015 
0.133416 
0.558417 
0.006120 
0.089059 
0.532722 
1.210780 
0.260047 
0.000885 
0.060135 
1.156129 
0.105257 
0.365852 
0.009979 
0.050719 
0.275390 
0.060211 
0.474592 
1.038778 
0.802797 
0.124516 
0.769622 
1.162544 
0.036990 
0.314861 
0.258104 
0.140487 
0.527528 
1.300710 
0.259731 
0.030618 
0.275687 
0.218177 
0.925980 
1.216008 
0.022682 
0.283946 
0.685861 
0.140892 
0.484910 
0.356484 
0.245852 
0.040750 
0.884917 
0.263510 
0.398646 
0.037405 
0.226876 
0.255680 
0.486096 
0.201217 
0.007093 
0.218082 
0.375022 
0.410612 
1.009972 
0.182056 
0.160252 
0.005500 
0.286742 
0.192758 
0.613187 
0.250991 
0.052011 
0.121608 
0.009339 
0.742581 
0.149750 
0.280186 
0.605292 
0.057862 
0.336225 
0.153310 
0.997200 
0.492316 
0.155824 
0.468661 
0.130213 
1.277420 
0.259513 
0.133179 
0.379239 
0.442877 
0.303227 
0.515591 
0.632054 
0.408481 
0.576508 
0.001908 
1.678652 
0.050550 
0.118321 
0.483458 
0.207955 
0.598603 
0.526161 
0.332714 
0.201804 
0.932005 
0.588398 
0.263734 
0.277787 
0.350939 
0.100053 
0.222449 
0.201647 
1.074729 
0.273307 
0.022766 
0.765372 
0.528213 
0.420625 
0.598444 
0.107404 
0.552674 
0.727977 
0.448694 
0.513584 
0.271755 
0.031387 
0.187311 
0.266206 
0.022645 
0.029378 
0.061674 
0.286771 
1.461405 
0.479698 
0.002587 
0.181749 
0.055309 
0.226506 
0.422202 
0.845446 
0.492962 
0.107780 
0.662714 
0.017724 
0.241591 
0.541538 
0.449395 
0.145976 
1.120914 
0.142228 
0.041811 
0.035395 
0.148594 
0.026217 
0.114326 
0.080657 
0.075596 
0.112035 
0.414711 
0.146412 
0.404388 
0.277136 
1.036667 
0.109173 
0.246463 
1.287269 
0.113462 
0.849107 
0.091089 
0.666379 
0.133763 
0.089509 
0.780069 
0.096853 
0.156457 
0.467450 
0.268098 
0.668828 
0.449283 
0.601115 
0.138329 
0.533862 
0.338229 
0.329031 
0.497999 
0.334939 
1.519575 
0.381651 
0.688212 
0.010787 
0.075303 
0.016934 
0.444639 
1.121704 
0.147818 
0.325069 
0.099265 
0.386001 
0.707769 
0.327571 
0.512869 
0.071643 
0.037303 
0.276827 
0.218922 
0.019214 
0.120501 
0.434826 
0.365176 
0.411930 
0.537539 
0.023269 
0.647476 
0.323858 
0.383767 
1.310953 
1.028949 
0.501819 
0.332684 
0.727036 
0.121275 
0.461852 
0.819142 
0.490108 
0.066531 
0.181511 
0.603007 
1.097672 
0.137990 
0.420789 
0.085452 
0.815727 
0.048436 
0.593026 
0.901521 
0.129763 
0.133131 
0.070922 
0.543068 
0.111964 
0.206976 
0.130628 
0.309459 
0.260046 
1.725353 
1.673785 
0.009322 
0.061100 
0.632400 
0.407530 
0.177995 
0.293819 
0.143819 
0.763581 
0.372418 
0.441987 
0.066688 
1.212709 
0.201863 
0.201569 
1.153951 
0.057082 
0.064433 
0.290244 
0.971021 
0.538195 
0.111484 
0.059445 
0.003940 
0.526969 
0.438812 
0.633186 
0.218976 
0.170544 
0.011141 
0.410651 
0.294443 
0.793315 
0.035822 
0.508812 
0.401884 
0.044272 
1.212667 
0.150118 
0.052858 
0.262064 
0.057148 
0.346427 
1.151239 
0.547305 
0.631483 
0.479765 
0.771520 
0.330370 
0.197432 
0.199234 
0.275615 
0.900654 
0.239833 
0.127575 
0.400968 
2.052933 
0.628140 
0.374165 
0.302037 
0.123520 
0.072032 
0.532541 
1.129688 
0.219138 
0.132478 
0.270898 
0.635845 
0.140363 
0.020405 
0.854886 
0.024395 
0.187593 
0.858092 
0.886195 
0.173176 
1.503256 
1.138331 
0.547714 
0.072072 
0.056515 
0.272794 
0.071962 
0.134114 
0.516948 
0.262057 
1.694012 
0.414453 
0.255294 
0.062808 
0.126374 
0.960589 
0.316014 
0.273077 
0.079406 
0.064818 
0.123294 
0.080641 
0.380318 
0.093531 
0.138753 
0.153531 
0.111618 
0.212470 
1.049360 
0.323182 
1.306306 
0.290064 
0.116239 
0.245792 
0.521096 
0.036983 
0.113046 
0.524331 
0.868148 
0.518165 
0.275646 
0.325796 
0.565952 
0.434721 
0.047052 
0.065447 
0.547987 
0.036642 
0.093657 
0.260872 
0.039471 
0.133464 
0.082832 
0.456997 
0.083693 
0.023511 
0.192998 
0.004272 
0.330790 
0.049035 
0.021111 
0.019404 
0.711501 
0.070761 
0.021707 
0.593035 
1.530678 
1.002104 
0.402592 
1.816100 
0.427749 
0.229916 
0.397009 
0.416675 
0.275149 
0.027987 
0.577912 
1.119106 
0.452735 
0.549598 
0.116032 
1.133017 
0.469207 
0.188060 
0.070038 
0.352057 
0.530042 
0.052512 
0.542240 
0.133082 
0.466971 
0.104305 
0.657657 
0.116845 
0.253906 
0.128943 
0.174249 
0.084952 
0.945452 
0.704738 
0.585236 
0.750147 
0.287001 
0.491486 
0.052085 
1.996612 
0.627967 
0.041691 
0.336720 
0.139810 
0.459122 
0.355403 
0.655561 
0.087100 
0.451845 
0.450051 
0.121937 
0.090509 
0.196859 
0.436057 
0.003327 
0.097600 
1.081775 
0.259977 
0.249764 
0.312935 
0.333787 
1.660276 
0.104749 
0.075514 
0.215509 
0.519563 
0.317236 
0.565826 
0.184368 
0.608374 
0.318136 
0.756542 
0.188372 
0.176483 
0.546099 
0.829422 
0.511744 
0.014244 
1.511439 
0.851106 
0.105111 
0.890456 
0.606437 
0.508584 
1.237876 
0.699623 
0.394107 
0.132766 
0.078183 
1.087597 
0.517883 
0.116029 
0.731833 
0.651707 
0.362128 
0.019386 
0.058226 
0.584666 
0.140238 
0.180221 
0.141805 
0.404541 
0.729453 
0.487833 
2.884279 
0.352424 
0.055563 
0.517600 
1.760578 
1.220262 
0.327904 
0.878816 
0.093686 
0.242886 
0.228089 
0.162973 
0.179954 
0.064391 
0.010882 
0.035646 
1.280885 
0.220651 
1.631424 
0.222371 
0.282091 
0.202730 
0.196540 
0.253625 
0.009444 
0.067338 
0.014009 
0.239850 
0.435808 
0.277400 
0.242993 
0.891216 
0.102210 
0.669356 
0.730706 
0.085789 
0.146014 
0.020873 
0.327461 
0.453677 
0.272267 
1.543069 
0.035533 
0.386068 
0.951924 
0.092447 
0.088632 
0.189575 
0.782214 
2.264210 
0.277361 
0.423877 
0.154097 
0.230366 
0.126858 
0.487668 
1.186912 
0.202148 
0.414417 
1.036163 
0.422632 
0.075436 
0.473536 
0.179410 
0.335797 
0.318582 
0.144242 
0.120309 
0.440426 
0.198656 
0.541789 
0.199099 
0.017148 
0.146544 
0.275008 
0.037361 
0.544322 
0.601382 
0.611798 
0.751023 
0.062123 
0.410878 
1.086735 
0.163119 
0.226355 
0.014113 
0.408295 
1.205657 
1.561330 
1.026546 
1.635938 
0.386961 
0.081865 
0.359836 
1.770127 
0.670918 
0.055577 
0.109847 
2.013657 
0.325151 
0.559156 
0.465740 
0.047396 
1.935769 
0.011965 
0.141502 
0.489609 
1.759649 
0.256776 
1.444463 
0.802688 
0.426074 
0.105208 
0.003307 
0.199236 
0.325751 
1.040602 
0.328737 
0.138195 
0.562636 
0.441854 
0.147379 
0.620923 
1.444352 
0.538656 
0.136994 
1.345607 
0.315657 
0.459850 
0.137849 
0.229326 
0.445764 
0.254816 
0.295096 
0.003538 
0.000269 
0.151772 
0.604651 
0.089003 
0.719735 
1.516722 
1.013269 
0.211942 
0.822350 
0.011805 
0.622175 
0.040033 
0.411043 
0.214260 
0.021122 
0.240276 
0.273147 
0.438429 
0.214345 
0.058116 
0.609807 
0.454132 
0.407987 
0.137051 
0.450146 
0.321609 
0.236340 
0.169454 
0.032363 
0.117267 
0.508882 
0.248288 
0.127796 
0.203289 
0.293321 
0.118687 
0.054610 
0.734891 
0.169066 
0.212981 
0.320944 
1.039893 
0.171558 
0.681062 
0.606845 
0.261408 
0.666775 
0.221724 
0.996259 
0.226772 
2.077527 
0.492534 
2.096039 
1.047797 
0.605916 
0.967940 
0.125454 
0.445544 
0.234980 
0.391856 
0.823606 
0.585964 
1.024764 
0.099047 
0.245695 
0.286173 
0.476299 
0.587216 
0.027024 
1.987042 
0.010803 
0.765018 
0.311112 
0.234697 
0.014115 
0.537947 
0.303339 
1.037506 
0.840731 
0.402559 
0.256769 
0.676597 
0.206299 
0.142680 
0.210222 
0.113583 
0.510927 
0.259874 
0.095578 
0.076892 
0.113231 
0.348707 
0.048041 
0.018566 
0.125399 
1.611098 
0.359286 
0.337606 
0.152236 
0.046056 
0.881223 
0.214985 
0.784529 
0.509347 
1.077669 
0.832236 
0.307660 
0.291910 
0.535329 
0.585044 
1.599001 
0.203949 
0.079881 
0.279186 
0.908021 
0.513553 
0.056494 
0.498909 
0.332949 
0.471192 
0.053941 
0.135456 
2.713415 
1.403187 
0.277619 
0.023979 
1.186670 
0.823611 
0.638170 
0.073988 
0.100088 
0.330099 
0.203696 
0.634965 
0.541643 
0.650942 
0.137534 
0.029924 
0.235733 
0.085241 
0.511565 
1.150879 
0.906553 
0.165212 
0.620442 
0.470172 
0.987042 
1.471166 
0.085565 
0.498968 
0.127327 
0.031543 
0.237811 
0.289351 
0.549652 
0.689831 
0.079653 
0.417828 
0.338472 
1.091427 
0.135882 
0.568190 
0.236261 
0.279636 
0.138783 
0.103315 
0.519067 
0.781201 
1.367717 
0.671755 
0.471245 
0.658095 
0.668002 
0.065331 
0.380995 
0.081616 
0.028804 
0.532794 
0.546691 
0.102418 
0.348367 
0.058060 
0.550395 
0.512383 
0.277273 
0.638111 
0.432668 
1.160681 
0.641549 
0.733249 
0.161930 
0.072832 
0.636124 
0.463713 
0.240977 
0.381937 
0.232719 
0.451767 
0.383477 
0.145324 
0.890585 
0.181174 
0.607263 
0.162418 
0.715074 
0.203488 
0.313191 
0.254471 
0.752534 
0.736587 
0.441486 
0.077915 
0.441290 
0.243215 
1.230730 
0.044879 
0.561086 
0.460852 
0.375542 
0.083772 
0.528174 
0.091678 
0.289546 
0.497828 
0.274056 
1.189502 
1.526537 
0.046060 
0.015357 
0.012797 
0.089888 
0.357772 
0.384834 
0.049167 
1.198646 
0.198033 
0.607086 
0.482672 
0.298163 
0.199758 
0.792583 
0.755501 
0.579370 
0.177640 
1.493654 
0.215336 
0.256227 
0.675240 
0.858895 
0.719243 
0.328199 
0.167164 
0.925808 
0.109333 
0.335744 
0.363152 
0.215831 
0.369782 
0.797242 
0.461021 
0.750558 
0.068029 
0.331726 
0.138548 
0.110369 
0.423773 
0.664078 
1.258140 
0.222502 
0.447087 
0.468111 
0.044036 
0.033375 
0.215841 
0.802542 
0.700739 
0.595104 
0.445202 
0.508173 
0.044348 
0.653663 
0.451615 
0.324055 
0.144694 
0.273332 
0.355366 
0.066275 
0.107526 
0.428125 
0.795781 
0.144980 
0.731635 
0.252760 
0.515440 
0.017965 
0.069577 
0.143370 
0.434190 
0.342571 
0.250546 
0.059859 
1.450925 
0.061792 
0.555638 
2.332453 
0.450320 
1.038785 
0.873385 
0.455117 
1.039165 
0.031354 
0.049190 
0.671688 
0.072330 
0.080530 
0.681423 
0.309014 
0.749294 
0.004979 
1.009110 
0.247763 
0.216274 
0.245959 
0.283804 
0.897163 
1.187647 
1.669829 
0.260432 
0.235109 
0.404541 
0.757358 
0.312505 
0.137368 
0.046317 
0.450992 
0.032960 
0.191058 
0.341917 
0.608327 
0.047511 
0.129571 
0.234716 
0.258835 
0.197638 
0.448308 
0.226224 
1.033359 
0.616223 
0.950417 
0.163006 
0.136193 
0.016550 
0.081109 
0.487395 
0.328553 
0.923314 
0.771117 
0.043166 
0.127820 
0.044779 
0.003849 
1.244466 
0.123122 
0.809784 
0.190769 
0.023885 
0.092609 
0.370141 
0.753008 
0.821035 
1.146058 
0.220115 
1.915574 
0.061957 
0.476055 
0.422749 
0.847073 
1.192441 
0.123482 
1.815274 
0.134890 
0.017862 
0.002645 
0.594791 
0.478978 
0.857613 
0.302807 
0.236788 
0.551042 
0.348081 
0.047938 
0.095219 
0.141635 
0.395182 
0.054069 
1.804780 
0.284471 
0.440806 
0.475048 
0.589557 
0.420323 
0.171707 
0.867288 
0.364865 
0.198271 
0.870183 
0.245967 
0.489549 
0.114205 
0.179741 
0.238700 
0.044332 
0.089233 
0.361408 
0.638667 
0.204488 
0.613395 
0.176858 
0.869054 
0.027435 
0.051455 
0.495883 
0.899439 
0.029191 
0.715802 
0.283412 
0.606198 
0.287723 
0.262133 
0.407167 
0.748358 
1.303487 
1.528113 
0.331480 
0.610235 
0.358865 
0.186998 
0.111184 
0.357845 
0.832024 
0.221483 
0.042039 
0.534423 
0.606443 
0.590992 
0.234288 
0.253323 
0.132342 
0.186528 
0.770408 
0.585605 
0.226640 
0.728344 
0.077351 
0.063263 
0.389363 
0.215919 
0.580999 
0.211540 
1.039973 
0.366781 
0.423470 
0.205719 
0.543671 
0.560291 
0.246493 
0.418607 
0.029695 
0.281404 
0.055528 
0.239468 
0.766549 
0.008317 
0.762235 
0.091964 
0.023783 
0.069058 
2.499952 
0.320241 
0.452489 
0.215927 
1.454966 
0.402473 
0.068477 
0.219872 
0.041683 
0.123224 
0.010117 
0.554485 
0.967010 
0.624530 
0.989216 
0.480485 
1.330912 
0.618283 
0.206928 
0.035755 
0.055255 
0.253248 
0.375211 
0.555311 
0.338441 
0.189985 
0.350447 
0.386084 
0.072586 
0.070968 
0.174629 
0.284208 
0.102420 
0.427267 
0.259952 
0.975659 
0.729528 
0.096090 
0.047693 
0.027366 
0.201586 
0.192943 
0.356515 
1.602463 
0.024245 
0.245262 
0.455367 
0.139381 
1.338435 
0.010254 
0.190707 
0.230535 
0.116254 
0.932435 
0.298778 
0.412303 
0.161819 
0.014028 
0.096753 
0.005973 
0.038090 
0.392818 
0.016398 
0.033350 
0.247232 
0.199798 
0.850900 
0.090187 
0.387679 
0.403934 
0.326605 
0.645485 
1.134716 
0.859161 
0.060919 
0.123591 
0.166630 
0.057925 
0.741962 
0.114424 
0.139718 
1.317510 
0.106778 
0.389424 
0.201062 
0.029171 
0.030645 
0.322039 
0.302363 
0.479213 
0.792485 
0.133532 
0.107661 
0.004359 
0.065447 
0.545531 
0.605611 
0.036709 
0.553025 
0.311063 
0.270803 
0.602252 
0.954535 
0.159900 
0.050454 
0.458712 
0.054488 
0.184535 
0.089732 
0.177942 
0.045407 
0.367793 
0.389675 
0.184618 
0.207344 
0.262359 
0.331865 
0.730959 
0.929239 
0.220241 
0.021116 
0.107875 
0.796128 
0.141235 
0.707509 
0.481637 
0.276816 
0.082790 
0.117214 
0.014425 
0.139421 
0.071103 
0.039043 
1.224284 
0.291544 
0.158076 
0.379703 
0.094353 
0.378547 
0.194531 
0.471529 
0.261477 
0.149522 
1.052137 
2.001057 
0.022282 
0.414244 
0.172951 
0.750676 
0.988327 
0.315213 
0.093558 
0.077470 
0.131664 
0.849238 
0.790233 
0.086468 
0.148816 
0.268076 
0.174934 
0.630777 
0.344064 
0.020136 
0.052952 
1.039180 
0.051743 
0.187406 
1.434920 
0.922407 
0.024242 
0.158611 
0.534395 
0.247310 
0.070490 
0.278666 
0.000975 
0.968418 
0.023412 
0.262322 
0.582876 
0.682570 
0.144188 
0.449042 
0.259822 
0.027761 
0.961388 
0.351566 
0.075753 
0.484265 
0.295229 
0.453219 
0.145900 
0.527987 
0.048276 
0.647742 
0.588380 
0.147604 
0.164970 
0.022221 
0.094651 
0.273358 
0.062903 
0.445533 
0.135631 
0.108742 
0.424376 
0.359833 
1.024282 
0.427346 
0.393111 
0.407980 
0.080338 
0.098282 
0.174620 
0.129889 
0.042330 
0.507253 
0.109060 
0.748306 
0.391270 
0.388867 
0.319609 
0.544511 
0.661269 
0.235345 
0.070375 
0.259370 
0.061166 
0.082264 
0.126795 
0.623453 
0.213837 
0.410988 
0.356166 
1.404331 
1.109714 
0.167556 
0.560710 
0.636143 
0.745690 
0.413418 
0.009818 
0.269206 
0.364573 
0.240612 
0.103670 
0.105562 
0.244598 
0.318281 
0.371898 
0.015675 
0.858432 
0.329887 
0.287190 
0.345511 
0.534966 
0.578392 
0.476476 
0.011463 
0.683008 
0.413336 
0.615813 
0.096765 
0.211104 
0.062076 
1.298118 
0.113890 
0.220510 
0.325502 
0.135542 
0.352400 
0.492732 
0.215098 
0.409929 
0.412084 
0.017885 
1.103850 
0.775805 
0.356767 
0.156120 
0.052134 
0.597419 
0.344204 
0.313186 
0.189353 
0.020636 
0.028417 
0.355408 
0.845223 
0.340585 
1.146620 
0.585227 
0.569195 
0.398908 
0.064865 
1.177737 
0.163976 
0.174940 
1.330318 
0.882596 
0.603385 
0.238240 
0.237649 
0.547158 
0.104011 
0.140586 
0.406189 
1.431557 
1.454510 
0.055940 
0.270488 
0.016751 
0.134844 
0.414086 
2.091557 
1.028179 
0.111175 
0.159560 
0.291630 
0.028348 
0.918017 
0.343139 
0.349163 
0.050461 
1.418598 
0.301517 
1.653466 
0.460892 
0.057539 
0.636019 
0.610841 
0.053356 
0.650937 
0.112854 
0.392538 
0.392347 
0.382082 
0.616281 
0.221381 
0.405403 
0.001764 
1.339942 
0.116182 
0.411150 
0.008050 
0.749350 
0.184792 
0.005170 
0.696078 
0.367346 
0.054396 
1.434498 
0.210653 
1.253353 
0.504496 
0.303395 
0.015438 
0.136844 
0.267046 
0.077664 
0.002498 
0.409632 
0.071010 
0.679139 
0.009822 
0.435429 
0.057145 
0.234791 
0.093523 
0.007173 
0.465678 
0.138494 
0.410660 
0.412305 
0.172989 
0.865788 
0.188737 
1.037873 
0.011486 
0.541338 
0.278000 
0.022353 
0.238396 
0.021395 
0.168463 
0.627125 
0.519673 
0.666480 
0.035947 
0.307931 
0.644056 
1.273911 
0.205141 
0.094986 
0.364290 
0.452220 
0.571998 
0.979843 
0.039784 
0.085107 
0.073496 
0.009712 
0.070489 
0.250830 
0.282949 
0.086245 
0.587949 
0.062611 
0.080535 
1.522837 
0.445082 
0.025883 
0.045140 
0.327955 
0.702436 
0.049210 
0.324490 
0.217904 
0.119081 
0.235209 
1.717672 
0.388986 
0.233004 
0.188849 
0.778211 
0.034984 
0.273532 
0.733893 
0.433273 
0.328557 
1.344591 
0.027591 
0.102022 
0.463427 
0.467525 
0.245679 
0.067633 
0.287586 
0.464749 
0.039327 
0.589005 
0.165191 
0.079340 
0.794714 
0.069601 
0.066292 
0.738243 
0.454243 
0.060875 
0.457843 
0.288558 
0.319705 
0.322105 
0.582213 
0.158994 
0.335759 
0.813677 
0.842038 
0.164166 
0.417449 
1.365095 
0.086924 
0.509729 
0.219093 
0.082596 
0.361246 
0.012475 
0.034283 
0.261535 
0.340630 
0.541490 
0.063811 
0.108353 
0.093215 
0.613243 
1.578122 
0.795219 
0.028038 
0.520635 
0.691291 
0.041141 
0.530015 
0.672376 
0.321775 
0.329424 
1.323864 
0.026122 
0.285675 
0.256589 
0.748611 
0.361814 
0.484435 
0.409505 
0.112757 
0.325207 
0.623919 
0.296968 
0.300050 
1.030900 
1.278222 
0.779163 
0.621017 
0.665650 
0.271247 
0.109165 
0.092432 
0.466825 
0.155960 
0.338402 
0.461720 
0.053321 
0.294574 
0.290404 
0.080328 
0.860284 
0.406314 
0.865725 
0.029279 
0.140089 
1.062060 
0.436883 
0.443072 
0.104981 
0.463385 
0.058909 
0.341458 
0.343929 
0.426420 
0.108525 
0.489589 
0.535758 
0.275282 
0.828476 
0.503248 
0.421179 
0.923099 
1.246389 
0.774591 
0.113298 
0.455283 
0.069547 
0.128050 
0.062065 
0.343527 
0.283550 
0.413324 
0.376207 
0.048352 
0.416319 
0.104614 
0.687653 
0.700196 
0.672305 
2.809265 
0.010092 
0.562008 
0.088277 
0.215468 
0.494040 
0.223063 
0.075840 
0.549175 
0.549624 
0.299638 
0.564074 
0.233255 
0.127660 
0.109621 
0.569255 
0.106770 
0.186351 
0.080714 
0.053882 
0.054301 
0.270649 
0.259538 
0.748022 
0.614618 
0.221608 
0.042128 
0.037951 
0.144200 
0.002653 
0.042109 
0.190215 
0.366610 
0.583686 
0.531163 
0.383771 
0.014850 
0.283113 
0.353175 
0.085275 
0.824459 
0.164844 
0.299171 
0.255396 
0.203238 
0.108622 
0.672725 
0.135590 
2.065796 
1.073268 
0.146498 
0.070258 
0.173913 
0.028924 
0.206381 
0.177819 
0.627365 
0.704339 
0.898183 
0.268869 
0.183401 
0.045707 
0.708491 
0.521781 
0.937026 
0.074472 
0.040052 
0.187270 
0.210156 
0.382249 
0.266993 
0.014221 
0.014659 
0.652231 
0.977048 
1.012504 
0.776002 
0.610455 
0.370929 
1.194591 
0.726527 
0.620942 
0.058109 
0.292120 
1.780131 
0.610478 
0.665552 
0.491275 
0.298962 
0.143773 
0.266512 
0.425542 
0.293482 
0.285502 
0.973525 
2.170406 
0.015972 
0.863388 
0.573058 
0.329161 
0.054343 
0.020893 
0.176190 
0.702734 
0.128473 
0.017904 
0.458003 
0.417957 
0.264364 
0.085107 
0.070457 
0.170374 
0.182063 
0.277732 
0.226840 
0.384989 
0.383743 
0.352375 
0.127519 
1.137883 
0.421241 
0.677087 
0.086179 
0.294870 
0.253872 
0.301076 
0.116963 
0.077818 
0.146913 
0.107424 
0.207830 
0.418994 
0.608292 
0.628713 
0.382574 
0.545822 
0.971230 
0.287030 
0.134752 
0.900032 
0.475138 
1.031030 
0.188480 
0.085448 
0.519102 
0.120966 
0.035831 
0.026387 
1.247436 
0.651807 
0.219352 
0.269369 
0.043182 
0.887600 
0.602284 
0.091500 
0.353059 
0.080011 
1.450575 
0.557733 
0.870948 
0.046559 
0.506288 
0.679912 
1.330742 
0.302597 
0.144742 
0.844514 
1.387629 
0.302140 
0.138911 
0.011052 
0.003050 
0.463377 
0.008004 
1.556947 
0.083061 
0.275470 
0.740977 
0.575469 
0.441373 
0.374772 
0.296897 
0.043003 
0.069266 
0.151388 
0.521215 
0.238832 
0.060252 
0.082571 
0.535628 
0.025981 
1.160862 
0.097038 
0.212894 
0.206844 
1.683558 
0.089898 
0.977402 
0.096343 
0.257152 
0.128701 
1.369296 
1.578491 
0.071348 
0.479960 
0.158127 
0.025843 
0.283475 
0.030762 
0.043883 
0.146866 
0.852835 
0.811987 
0.339397 
0.360829 
1.110162 
0.290500 
0.056650 
0.216064 
0.158537 
0.426663 
0.552386 
0.631648 
0.056083 
0.544651 
0.150582 
0.301248 
0.438268 
0.066517 
0.820301 
1.539382 
0.640114 
0.473923 
0.166370 
0.965186 
1.139292 
0.036833 
0.302895 
0.080052 
0.196781 
0.453193 
1.216550 
0.062209 
0.563199 
0.242984 
0.438271 
0.092532 
0.015626 
0.999184 
0.348441 
0.230063 
0.046257 
0.221647 
0.019411 
0.057726 
0.360304 
1.585960 
0.075648 
0.018347 
0.270925 
0.190024 
0.369310 
2.210621 
0.048158 
0.216069 
0.228002 
0.114908 
0.332045 
0.058127 
0.076002 
0.178794 
0.005287 
0.470005 
0.544453 
0.081654 
0.193694 
0.025027 
0.170633 
0.254252 
1.536183 
1.019906 
0.186859 
0.350746 
0.783932 
0.083006 
0.383223 
0.094886 
0.135952 
0.747689 
0.393865 
0.267175 
1.219234 
0.286962 
0.895839 
0.013693 
0.385113 
0.365837 
0.579321 
0.845172 
0.150469 
0.118403 
0.127352 
0.709559 
0.171479 
0.415356 
0.976317 
0.113622 
1.131522 
1.663756 
0.296917 
0.281030 
0.176429 
0.129286 
0.608175 
0.505142 
0.098095 
0.087538 
0.256959 
0.005852 
0.047021 
2.919009 
0.384985 
0.312705 
0.058052 
0.234754 
0.168939 
0.935905 
0.406757 
0.378021 
0.649051 
0.413006 
0.788421 
0.381567 
0.238718 
0.279733 
0.152189 
0.590017 
0.034023 
0.251099 
0.320990 
0.642256 
0.658977 
1.200157 
0.325205 
0.574573 
0.511763 
0.122244 
0.514438 
0.219118 
0.658725 
0.958646 
0.057388 
0.138860 
0.286722 
1.526664 
0.102780 
0.165640 
0.442996 
0.078891 
0.205611 
0.019867 
0.186316 
0.119555 
0.088193 
0.349231 
0.156973 
0.165565 
0.343574 
0.169404 
0.500223 
0.205312 
0.287449 
0.823227 
0.537149 
0.610944 
0.027515 
0.113146 
0.840663 
0.132077 
0.193878 
0.672659 
0.588899 
0.153085 
0.251648 
0.736559 
0.264160 
0.562952 
0.981315 
0.221433 
0.813541 
0.055671 
0.439112 
0.000398 
0.510885 
1.643845 
0.054498 
0.510914 
0.157400 
0.247821 
0.504062 
0.182294 
0.452911 
0.056323 
0.257816 
1.181332 
0.115239 
1.416350 
0.641867 
0.299772 
0.211677 
0.154916 
0.692044 
0.495786 
0.504447 
1.187556 
0.620505 
0.114689 
0.407266 
0.169223 
0.533384 
0.135541 
0.301924 
0.011217 
0.555217 
0.360118 
0.659210 
0.721603 
1.075137 
0.432203 
0.154515 
0.188023 
0.091214 
0.004602 
0.127435 
0.175372 
0.451799 
0.022715 
0.672403 
0.587786 
0.343476 
0.356285 
0.010325 
0.120437 
0.427233 
1.975477 
0.361813 
0.465309 
0.242291 
0.638460 
0.400561 
0.497488 
0.193879 
0.724445 
0.293742 
0.555408 
0.356512 
1.128166 
0.385485 
0.340410 
0.636693 
0.322828 
0.158737 
0.142912 
0.100132 
2.475795 
0.302750 
0.158598 
0.185977 
0.159880 
0.319378 
0.193024 
0.468382 
0.417680 
0.198061 
0.282826 
0.414544 
0.712677 
0.272244 
0.256717 
0.435173 
0.291516 
0.551593 
0.216063 
0.136138 
0.212584 
0.549294 
0.006875 
0.204484 
0.451824 
0.201550 
0.253870 
0.253332 
0.268300 
0.066222 
0.171225 
0.466841 
0.300036 
0.421893 
0.181522 
0.033985 
1.463747 
0.109855 
0.112658 
0.214806 
0.251116 
1.057310 
0.322031 
0.193214 
0.398663 
0.170786 
0.424227 
0.221700 
0.156101 
0.349943 
0.633682 
0.487546 
0.223876 
0.489614 
0.019143 
0.204457 
1.968727 
0.316054 
0.116715 
0.205999 
0.590812 
0.496725 
0.056294 
0.235491 
0.318999 
0.094789 
0.026754 
0.189254 
0.248243 
0.119039 
0.046828 
0.627913 
0.394920 
0.009192 
0.659062 
0.404536 
0.578206 
0.780639 
0.383275 
0.016769 
0.011791 
0.095151 
0.021286 
2.047792 
0.284387 
1.092779 
1.963409 
0.951540 
0.500824 
0.392981 
0.365976 
0.051387 
0.090172 
0.048484 
0.330557 
0.700446 
0.401520 
0.283645 
0.362938 
0.624377 
0.339681 
0.497481 
0.135946 
0.428119 
0.599362 
0.801994 
0.527410 
0.392287 
0.435488 
1.494141 
0.942842 
0.261694 
0.023935 
0.078424 
0.121769 
0.002241 
0.839458 
0.035163 
0.201529 
1.004943 
0.166468 
0.397266 
0.410821 
0.027947 
0.079856 
0.401764 
0.117486 
0.344266 
0.404539 
0.667459 
0.750863 
0.049345 
0.340858 
0.687221 
0.332928 
0.146954 
0.230844 
0.321624 
0.510380 
0.024166 
0.150354 
1.253390 
0.613520 
0.270881 
0.235818 
0.085410 
0.250144 
0.045719 
0.133368 
0.152252 
0.334272 
0.696668 
1.184121 
0.168085 
0.172224 
0.003512 
0.933902 
0.284232 
0.529564 
0.595225 
0.684488 
0.893328 
0.570800 
0.770573 
0.602818 
0.076900 
0.298259 
0.141842 
0.494767 
0.141818 
0.007848 
0.305476 
0.829879 
0.057442 
0.126596 
0.501513 
0.879664 
0.073417 
0.124142 
0.154012 
0.000030 
0.129261 
0.010367 
1.594178 
0.426742 
0.900238 
0.375707 
0.949811 
1.344103 
0.175247 
0.134100 
0.151187 
1.249098 
0.866787 
0.084315 
0.109966 
0.633361 
1.087059 
0.107388 
0.100591 
0.011311 
0.359627 
0.211994 
0.077180 
0.116721 
0.355177 
0.916097 
0.222907 
0.211268 
0.084847 
0.162327 
0.127717 
1.324824 
0.306575 
0.187200 
0.335522 
0.328370 
0.288887 
0.124898 
0.358532 
0.434232 
0.075753 
0.508428 
0.048555 
0.083809 
0.005123 
0.814032 
0.710185 
0.655046 
2.244193 
0.275789 
0.339922 
0.012462 
0.317681 
0.094164 
0.148696 
2.500290 
0.345484 
0.111600 
0.723696 
0.189279 
0.048697 
0.265533 
0.279203 
0.107285 
0.991811 
0.793206 
0.245564 
0.313148 
0.417129 
0.104135 
0.140418 
0.458392 
0.758922 
0.215704 
0.270144 
0.453820 
0.222993 
0.272526 
0.253600 
0.255900 
0.344825 
0.343854 
0.156565 
0.583703 
0.938680 
0.712441 
0.695831 
0.603509 
0.370452 
0.012542 
0.695131 
0.379207 
0.061393 
0.176515 
0.383171 
0.184348 
0.110894 
0.177782 
0.638102 
0.351249 
0.405385 
0.530363 
0.482185 
0.205728 
1.336226 
0.549487 
0.028264 
0.379705 
0.116835 
0.076605 
0.145006 
0.373056 
0.101420 
0.038059 
0.222085 
0.377730 
0.021849 
0.211735 
0.552116 
1.179634 
0.293866 
0.112427 
0.043450 
0.000937 
0.166493 
0.168354 
0.609394 
0.906054 
0.071320 
0.518831 
0.064729 
0.033831 
0.013619 
0.354917 
0.205886 
1.142875 
0.594522 
0.060975 
0.143831 
0.081694 
0.553747 
0.061077 
1.338418 
0.000448 
0.635678 
0.792189 
0.332645 
0.050806 
0.513991 
0.103692 
1.306814 
0.159757 
0.032966 
0.376540 
0.342103 
0.047320 
0.078295 
0.708971 
0.068659 
0.817371 
0.035857 
0.026491 
0.004528 
0.082600 
0.544368 
0.128110 
1.309981 
0.192127 
0.207284 
0.000931 
0.032131 
0.131848 
0.249005 
0.237028 
0.166615 
0.510163 
0.294817 
0.199795 
0.692834 
0.351327 
0.003592 
0.118499 
0.125109 
0.042597 
0.642106 
0.311069 
0.379823 
0.073052 
0.260702 
0.179395 
0.065122 
0.060878 
0.646606 
0.145629 
0.692596 
0.680069 
0.075010 
0.736703 
0.235332 
0.778276 
0.255288 
0.002938 
2.275136 
0.031779 
0.394519 
0.543184 
0.270657 
0.430259 
0.295735 
0.704923 
0.045906 
0.142597 
1.150390 
0.535410 
0.441098 
0.599403 
0.117016 
0.754317 
0.103204 
0.056164 
0.468283 
0.170090 
0.320961 
0.116218 
0.624099 
0.049224 
0.032336 
0.089889 
0.365355 
0.427397 
0.181327 
0.868004 
0.014308 
0.346762 
0.763082 
0.270710 
0.610915 
0.635585 
0.026575 
0.149889 
0.306807 
0.887837 
0.792628 
0.046118 
0.095646 
0.228453 
1.342583 
0.056636 
0.902735 
0.392563 
0.010228 
0.157937 
0.463780 
0.162668 
0.687724 
0.177410 
0.604814 
0.501871 
0.079933 
0.131362 
0.569410 
0.651483 
0.554000 
0.659425 
0.342627 
0.250446 
0.850278 
0.036388 
0.238694 
1.306825 
0.170394 
0.952634 
1.355732 
0.032907 
0.145588 
0.383870 
0.401418 
1.033303 
0.374631 
0.094322 
0.328623 
0.078736 
0.011210 
0.274272 
0.284742 
0.119317 
0.636595 
0.505823 
0.145033 
0.207932 
0.092652 
0.006141 
0.022868 
0.891553 
0.554550 
0.351110 
0.100513 
0.266860 
0.073123 
1.724613 
0.335681 
0.240574 
0.177142 
0.316617 
1.792615 
0.668233 
1.417046 
0.415443 
0.091507 
0.637650 
0.526160 
0.325678 
0.336104 
0.051248 
0.034495 
0.410377 
0.196372 
0.065516 
0.080272 
1.297877 
0.769861 
0.214699 
0.711322 
0.892213 
0.523368 
1.356974 
0.724420 
0.173273 
0.405752 
0.152854 
0.800034 
0.382459 
0.842789 
0.076041 
0.530677 
0.092874 
0.209219 
0.134577 
0.423138 
0.320759 
0.229529 
0.267335 
0.210452 
1.344901 
0.291657 
0.383177 
0.250328 
0.108575 
0.143843 
0.323432 
0.416438 
1.604045 
0.123813 
0.083081 
0.079159 
0.393424 
0.332776 
0.290154 
0.039173 
1.090357 
0.170244 
0.605552 
0.312519 
0.333177 
0.757680 
0.344787 
0.927791 
0.241138 
0.154125 
0.113868 
0.513287 
0.013217 
0.128501 
0.847494 
0.030951 
0.225697 
0.157402 
0.292776 
0.119158 
0.735349 
0.211166 
0.431345 
0.027632 
0.743105 
0.556749 
0.395264 
0.207082 
1.049947 
0.169003 
0.453015 
0.314863 
0.289453 
0.697361 
0.020786 
0.025500 
0.007138 
0.118016 
0.073297 
0.018402 
0.490584 
0.008357 
0.283403 
0.366317 
0.777691 
1.242083 
0.625520 
0.403382 
0.044752 
1.772306 
0.947567 
0.074290 
0.587899 
0.437470 
1.145063 
0.015271 
0.309303 
0.231568 
0.391485 
0.007622 
0.108286 
0.023321 
0.788656 
1.847610 
0.111159 
0.652630 
0.087957 
0.388825 
0.829068 
0.763780 
0.740097 
1.224053 
0.026254 
0.465670 
0.085587 
0.244497 
0.115949 
0.168492 
0.353847 
0.782997 
0.417753 
0.245261 
0.424830 
0.084794 
0.288863 
0.621093 
0.264654 
0.259705 
0.275934 
0.396701 
0.760875 
0.475542 
0.042800 
0.268948 
0.029189 
0.569479 
0.277983 
0.467093 
0.681756 
0.035088 
0.285670 
0.176282 
0.144891 
0.115532 
0.096041 
0.284054 
0.022263 
0.795438 
0.161019 
0.375007 
0.198608 
0.277213 
0.301127 
0.130171 
0.429953 
0.056398 
0.108165 
0.082492 
0.023414 
0.326050 
0.274617 
0.676408 
1.115426 
0.095393 
0.021400 
0.321021 
0.192045 
0.127401 
0.153116 
0.182782 
0.433495 
0.504197 
1.422216 
0.892648 
0.475606 
1.000453 
1.272607 
0.055357 
0.082363 
0.408161 
1.009278 
0.012172 
0.507417 
0.081200 
0.645667 
0.245825 
0.261859 
0.430324 
0.240071 
0.570816 
0.005633 
0.007175 
0.584177 
0.301680 
0.098066 
0.119451 
1.304232 
0.079765 
0.278411 
0.449313 
0.085599 
0.747990 
0.343843 
0.053681 
0.526077 
0.388147 
0.040306 
0.014407 
0.339449 
0.310948 
0.130186 
0.056842 
0.224287 
0.350004 
0.802004 
0.615606 
0.170200 
0.344865 
0.134540 
0.313141 
0.293668 
0.124717 
0.007666 
0.009447 
0.124972 
0.866627 
0.215481 
0.018578 
0.578721 
1.239822 
0.295011 
0.140603 
0.059407 
0.370977 
0.562001 
0.055541 
0.953281 
0.257197 
0.133601 
0.154161 
0.121692 
0.391289 
1.054919 
0.194200 
0.070045 
0.755075 
0.024764 
1.222051 
0.045983 
0.075104 
0.056966 
1.210964 
0.765547 
0.691056 
0.168052 
0.229048 
0.032546 
0.177568 
0.006223 
0.230544 
0.255528 
0.157472 
0.278950 
1.288250 
0.903383 
0.256863 
0.869676 
0.016402 
0.111916 
0.874542 
0.063848 
0.331633 
0.367974 
0.433926 
0.713541 
0.365606 
0.888066 
0.956847 
0.108368 
0.439454 
0.628766 
0.031553 
0.761714 
1.187911 
0.322366 
0.445766 
0.281419 
0.237762 
0.191696 
0.095022 
0.619895 
0.672784 
0.553689 
0.309206 
0.326775 
1.344462 
0.842617 
0.139486 
0.027486 
0.045913 
0.316239 
0.603075 
0.339671 
0.296219 
0.313069 
0.053359 
0.900892 
0.279335 
0.002275 
0.154355 
0.669215 
0.517440 
0.066631 
0.986578 
0.152902 
0.100848 
0.218103 
0.048775 
0.204144 
0.040146 
1.171056 
0.229007 
0.047032 
0.199343 
0.135477 
0.387198 
1.350402 
0.256485 
0.310837 
0.061680 
0.521472 
0.195751 
0.072396 
0.267187 
0.100784 
0.158979 
0.062580 
0.039865 
0.129171 
0.136653 
0.628525 
1.376904 
0.145389 
0.623650 
0.064016 
0.369437 
0.043639 
0.046525 
0.247967 
0.011215 
0.466933 
0.528906 
0.214908 
1.347569 
0.197704 
0.176635 
0.743344 
0.151562 
0.546139 
0.145471 
0.086251 
1.206553 
0.696512 
0.643443 
0.650711 
0.191814 
0.128569 
1.357534 
0.394719 
0.839433 
1.234126 
0.428858 
0.207145 
0.277373 
0.883127 
0.106212 
0.210458 
0.042083 
0.197182 
1.293559 
0.544477 
0.232637 
0.592320 
0.068493 
1.455051 
0.521506 
0.583899 
0.688728 
0.955035 
0.119574 
0.624700 
0.214078 
0.347204 
0.420073 
0.435132 
1.053273 
0.222446 
0.150845 
0.041674 
0.955290 
0.111963 
0.184345 
0.075300 
1.127234 
0.132503 
0.104259 
0.165417 
0.257172 
0.530253 
0.256422 
0.062836 
0.139515 
1.178777 
0.400553 
0.360166 
0.377085 
0.283565 
1.185263 
0.698815 
0.501696 
0.035185 
0.103930 
0.442926 
0.096992 
0.886523 
0.769445 
0.798971 
0.331019 
0.151532 
0.863922 
0.174949 
0.096267 
1.412402 
1.369995 
1.105402 
1.499840 
0.346489 
0.013941 
0.474584 
0.679159 
0.076179 
0.285723 
0.245998 
0.203138 
0.463978 
1.138544 
0.122676 
0.040560 
0.446748 
0.008275 
0.057405 
1.022517 
0.980038 
0.645003 
0.921622 
0.584252 
0.123637 
0.581627 
0.351266 
1.072046 
0.626963 
0.146028 
0.234870 
0.028922 
0.162915 
0.547461 
0.251715 
0.169979 
0.291060 
0.278641 
0.271032 
0.416951 
0.356486 
0.271205 
0.168169 
0.455197 
2.025295 
0.475015 
0.173584 
0.037827 
0.341462 
0.405680 
0.105567 
0.366911 
0.693458 
0.102135 
0.182149 
0.666647 
0.213271 
0.466013 
0.461766 
0.520393 
0.025109 
0.361134 
0.055454 
0.536990 
0.014101 
0.067538 
0.055478 
0.377956 
0.532302 
0.131998 
1.754829 
1.404449 
0.036344 
0.584138 
0.063755 
0.117299 
0.503796 
0.087233 
0.072166 
0.231915 
0.606581 
0.018649 
0.379659 
0.278998 
1.359817 
0.730252 
0.050554 
0.218661 
0.484013 
0.182316 
0.114391 
0.120390 
0.086770 
0.293679 
0.262124 
0.240742 
0.100045 
0.077420 
0.324759 
0.238761 
0.291768 
0.754560 
0.604345 
0.181272 
0.205916 
0.488428 
0.184151 
0.004960 
0.053747 
0.071604 
0.515061 
0.421668 
0.031304 
0.074842 
1.844829 
0.035928 
0.609978 
0.110821 
0.020307 
1.138895 
0.052051 
0.542871 
0.044683 
0.213322 
1.176390 
0.173902 
0.564834 
0.107370 
0.425648 
0.026623 
0.104345 
0.047253 
0.458073 
0.354608 
0.017164 
1.021672 
0.067363 
0.981980 
0.696094 
0.515316 
0.376238 
0.391090 
0.606818 
0.103784 
1.020546 
0.255667 
0.213302 
0.256485 
0.300931 
0.196238 
0.511809 
0.634576 
0.203940 
1.291260 
1.041501 
0.178664 
0.311674 
0.138250 
0.189549 
0.083832 
0.606147 
0.017702 
0.324550 
0.311739 
0.314850 
0.122328 
0.161448 
0.421288 
0.281417 
0.212033 
0.053966 
0.089514 
0.004760 
0.642744 
1.039824 
0.057711 
0.032059 
0.247694 
0.738380 
0.353890 
0.367221 
0.014580 
0.343292 
0.148900 
1.045974 
0.083442 
0.259128 
0.691645 
0.537222 
0.347761 
0.258135 
1.336206 
0.505413 
0.227549 
0.271004 
0.024580 
0.491498 
0.123623 
0.167647 
0.121366 
0.278785 
0.279841 
0.342483 
0.891240 
0.162334 
0.262173 
0.280610 
0.376649 
0.174871 
0.040445 
0.138220 
0.260743 
0.118491 
0.009090 
0.400079 
0.130623 
0.184704 
0.457996 
0.326027 
0.027664 
0.043326 
0.152018 
0.768786 
0.667632 
0.098620 
0.243332 
0.395747 
1.318233 
0.178191 
0.664431 
0.591802 
0.089157 
0.007867 
0.151436 
0.057959 
0.032726 
0.146324 
0.033994 
0.159985 
0.279385 
0.015806 
0.077750 
1.280102 
0.035306 
0.905400 
0.147701 
0.069729 
0.464124 
0.805707 
0.411301 
0.137248 
0.308175 
0.311655 
1.009861 
2.001887 
0.136035 
0.163095 
0.593189 
0.237901 
0.348773 
0.126653 
0.242171 
0.023200 
0.030692 
0.171659 
0.327451 
0.274341 
1.510153 
0.413053 
0.321304 
0.502496 
0.441568 
0.157180 
0.107860 
0.189556 
0.190760 
0.656399 
0.012450 
0.019344 
0.238408 
0.171006 
0.459388 
0.059886 
1.200951 
0.097342 
0.224452 
0.311597 
0.671193 
0.135295 
0.081593 
0.136373 
0.217983 
0.080081 
0.190592 
0.233866 
0.350618 
0.378162 
0.048008 
0.720948 
0.202396 
1.068109 
0.200980 
1.512279 
0.464527 
0.077604 
1.055689 
0.480083 
0.863714 
0.167634 
0.937536 
0.101950 
0.166202 
0.122719 
0.224509 
0.916124 
0.312198 
0.195502 
0.578007 
0.878568 
0.021034 
1.329308 
0.180147 
0.148966 
0.698899 
0.162201 
0.557318 
0.330870 
0.353271 
0.807372 
1.266047 
0.356346 
0.034917 
0.945238 
1.671526 
0.340737 
0.431798 
0.303383 
0.628752 
1.192855 
0.064120 
0.155346 
0.041251 
0.887292 
0.186755 
0.710563 
0.274075 
0.170568 
0.447063 
0.173794 
0.698511 
0.269859 
0.362868 
0.364113 
0.462856 
0.065555 
0.368655 
0.018082 
0.735867 
0.802012 
0.711189 
1.188697 
0.112717 
0.141869 
0.285634 
0.381011 
0.234715 
0.233754 
1.316501 
0.429800 
1.096667 
0.342372 
0.969544 
0.115574 
0.301448 
0.381215 
0.562571 
0.001219 
0.065407 
0.149118 
0.108672 
0.217280 
0.012249 
0.809496 
0.606490 
0.090873 
0.361947 
1.378786 
0.706116 
0.480820 
0.088448 
0.065105 
0.301100 
0.526382 
0.023225 
0.034140 
1.391223 
0.095711 
0.354867 
0.307848 
0.078688 
0.191997 
0.009430 
0.340616 
0.268017 
0.035712 
0.271356 
0.342507 
0.150609 
0.143334 
0.371962 
0.045279 
0.623452 
0.205080 
0.460772 
0.320735 
1.732813 
0.061397 
0.299339 
0.645602 
0.997069 
0.115521 
0.781133 
0.329578 
0.679096 
0.466508 
0.072628 
0.411316 
0.292534 
0.180351 
0.629708 
0.134532 
0.131870 
0.046074 
0.346294 
0.345066 
0.746151 
0.407483 
0.412569 
0.148609 
0.265071 
0.283508 
0.590257 
0.193740 
0.116528 
0.298168 
0.273317 
0.127730 
0.180813 
0.061110 
0.081647 
0.059617 
0.099105 
0.181531 
0.160258 
0.085701 
0.161656 
0.259614 
0.274212 
0.108460 
0.398154 
0.233883 
1.786110 
0.473118 
1.483946 
0.320039 
0.776494 
0.551664 
0.072679 
0.224449 
0.248454 
0.006202 
0.354707 
0.568025 
0.578537 
0.058164 
0.287068 
0.033955 
0.679182 
0.174044 
0.386665 
0.235192 
0.343711 
0.600435 
1.032992 
0.387892 
0.013617 
0.281208 
0.020954 
0.584942 
1.666474 
0.143458 
0.121812 
0.170928 
0.324540 
0.173588 
0.101548 
0.108724 
0.037379 
0.207625 
0.285311 
1.361028 
0.306360 
0.075503 
0.002806 
0.266411 
0.259002 
0.022296 
0.085540 
0.804657 
0.555880 
0.308326 
0.256950 
0.668928 
0.249799 
0.163144 
0.058560 
0.967703 
0.193313 
0.088997 
0.425648 
0.022065 
0.009243 
1.076072 
0.160880 
0.477341 
0.028133 
0.254797 
0.046761 
0.130323 
0.139967 
0.158055 
0.003687 
0.089913 
0.215724 
1.710090 
0.105982 
2.414939 
0.806341 
0.086221 
1.239247 
0.226221 
0.741149 
0.910558 
0.483483 
0.497542 
0.013662 
0.183761 
0.446192 
0.186789 
0.548640 
0.020322 
0.336620 
0.263643 
0.301473 
0.046215 
0.797918 
0.318199 
0.020407 
1.063528 
1.892849 
1.378938 
0.013140 
0.067729 
0.982922 
0.098891 
0.169880 
0.633488 
0.011464 
0.756161 
1.272813 
0.268810 
0.045799 
0.134088 
1.229190 
0.050133 
0.668446 
0.430899 
0.465519 
0.093004 
0.580673 
0.092300 
0.130929 
0.413795 
0.411131 
0.529919 
0.545127 
0.233090 
0.206519 
0.706062 
0.146194 
0.138682 
0.103074 
0.925665 
0.414632 
0.059557 
0.017497 
0.165144 
0.879700 
0.163468 
0.076423 
1.721033 
0.312009 
0.539094 
0.030157 
0.296849 
0.068653 
0.421087 
0.324222 
0.220992 
0.096044 
0.356483 
0.233177 
0.221548 
0.441903 
1.706667 
0.101323 
0.941908 
0.568541 
2.548628 
0.125259 
0.486444 
0.517056 
0.507547 
0.495868 
0.507484 
1.374292 
0.610611 
0.009194 
0.865796 
0.212337 
0.429656 
0.840880 
0.202188 
0.418672 
0.016726 
0.143668 
0.222918 
0.468988 
0.305389 
0.079982 
1.696418 
0.044232 
0.223262 
1.281867 
0.041876 
0.311004 
0.184175 
0.428062 
1.164872 
0.217295 
0.207442 
1.206393 
0.273380 
0.378738 
0.283479 
0.072237 
0.980197 
0.188722 
0.303201 
0.091905 
0.043631 
0.654282 
0.551682 
0.176830 
0.045881 
0.182948 
0.036061 
0.901598 
0.384377 
0.609812 
0.519571 
0.417115 
0.008356 
0.255224 
0.345364 
0.049891 
0.717775 
0.156333 
0.076771 
0.032038 
0.410124 
0.344458 
0.024631 
0.521483 
0.281309 
0.065014 
0.132696 
0.017440 
0.023140 
0.489988 
0.442018 
0.359084 
0.049808 
0.579569 
0.160097 
0.433743 
0.109772 
0.365551 
1.338128 
0.338867 
0.023036 
0.341096 
0.035930 
0.816929 
0.448861 
0.003406 
0.277481 
0.071473 
0.038690 
0.286013 
0.219159 
0.652707 
0.693058 
0.115980 
0.154329 
0.023788 
0.190143 
0.496114 
0.486951 
0.012892 
0.022180 
0.334429 
0.474003 
0.176927 
0.546970 
0.094377 
0.195735 
0.564430 
0.036786 
0.524169 
0.018969 
0.222609 
0.112428 
0.058879 
0.262902 
0.204835 
0.284652 
0.200058 
0.295404 
0.087167 
1.318167 
0.119319 
0.743644 
0.132505 
0.140980 
0.142119 
0.854196 
0.405236 
0.239955 
0.032010 
0.339232 
0.390411 
0.014827 
0.367967 
0.305747 
0.083110 
0.072165 
0.198018 
0.210638 
0.342336 
0.128575 
0.065521 
0.199612 
0.060586 
0.121957 
0.717008 
1.342878 
0.332878 
0.192454 
0.968516 
0.219753 
0.096769 
0.308786 
0.217135 
0.283032 
1.019055 
0.345391 
0.364760 
0.387125 
0.652239 
1.511376 
0.686615 
2.333067 
0.556533 
0.184662 
0.336097 
1.914175 
0.424166 
0.306190 
0.756123 
0.508949 
0.112138 
1.030208 
0.552994 
0.097753 
1.262452 
0.082510 
0.455683 
0.313935 
0.550692 
0.815999 
0.370330 
1.880609 
0.183597 
0.159986 
0.299250 
0.017829 
0.462629 
0.061729 
0.257595 
0.029609 
0.069324 
0.194087 
0.109903 
0.616728 
0.235706 
0.340816 
0.033131 
1.794124 
0.300555 
1.126627 
0.566283 
0.015314 
0.148325 
0.118044 
0.008560 
0.744658 
0.977856 
0.817066 
0.219075 
0.575274 
0.507564 
0.975932 
0.730768 
0.376409 
0.224827 
0.296130 
0.572850 
0.252577 
0.400386 
0.004266 
0.127777 
0.632145 
0.228198 
1.035982 
0.034105 
0.387248 
0.561380 
0.511568 
1.492261 
0.006387 
0.105969 
0.323317 
0.267177 
2.428678 
0.100383 
0.101955 
0.299984 
0.386609 
0.324688 
0.050397 
0.338336 
0.273425 
0.332819 
0.149969 
0.694826 
0.176495 
0.023861 
0.131190 
0.326569 
0.055964 
0.196096 
0.027077 
0.020820 
0.214973 
0.348132 
2.645967 
0.257633 
0.954844 
0.295042 
1.049446 
0.683922 
0.361741 
0.251447 
0.171452 
0.923820 
1.329213 
0.099004 
0.026800 
0.069107 
0.478325 
0.353746 
0.044936 
0.997221 
0.607441 
1.338928 
0.561975 
0.785131 
0.128965 
0.009473 
0.172680 
0.244203 
0.313115 
0.008174 
1.193024 
0.282941 
0.016085 
0.221271 
1.310167 
0.451866 
1.248676 
0.043586 
0.050982 
0.111894 
0.075830 
0.192091 
0.264455 
0.069743 
0.078549 
0.363115 
0.626418 
0.298902 
0.044870 
0.227043 
0.239777 
1.852864 
0.208144 
0.262604 
0.952453 
0.121773 
0.064425 
0.104376 
0.054749 
1.134099 
0.180246 
1.560553 
0.122505 
0.630149 
0.049288 
0.241186 
0.218405 
0.244717 
0.118910 
0.041461 
0.729671 
0.080510 
0.052449 
0.207086 
0.010743 
0.189190 
0.635608 
0.119622 
0.137670 
0.053901 
0.722474 
1.185511 
0.179858 
0.344894 
0.613359 
0.010602 
0.368061 
0.049260 
0.220016 
0.365862 
0.088541 
0.133269 
0.151179 
0.511517 
0.191875 
0.773782 
0.165065 
0.453408 
0.780808 
0.392921 
0.425681 
0.306199 
0.007413 
0.358774 
0.665273 
0.268313 
0.225104 
0.065234 
0.062212 
0.773676 
0.471113 
0.043102 
0.858440 
0.365031 
0.082702 
0.107208 
0.230678 
0.398719 
0.095743 
0.426193 
1.201236 
0.663348 
0.052842 
0.894578 
0.191605 
0.689251 
0.709385 
0.044615 
0.736538 
0.167151 
0.322589 
0.777300 
0.368544 
0.085457 
0.011108 
0.149605 
0.160224 
0.103978 
0.098205 
0.724942 
1.095679 
0.902158 
0.035234 
0.041472 
0.119317 
0.630326 
0.426386 
0.555056 
0.921734 
0.109472 
0.009311 
0.509513 
0.844630 
0.327663 
0.221711 
0.369371 
0.002690 
0.409011 
0.601041 
0.361758 
0.546905 
0.289775 
0.193090 
0.207578 
0.166026 
0.194016 
0.192810 
0.058050 
0.196092 
1.259004 
1.814129 
0.589319 
0.178239 
0.045217 
0.240743 
0.112988 
0.874577 
0.150545 
0.241399 
0.156873 
0.286227 
0.678488 
0.003140 
0.213357 
0.668908 
0.144695 
0.296423 
0.391211 
0.466349 
0.037963 
0.541502 
0.129476 
0.327028 
0.420902 
0.738348 
0.189884 
1.111850 
1.049691 
0.332790 
0.603342 
0.021774 
0.239476 
0.011611 
0.716260 
0.515493 
0.423092 
0.844148 
0.044843 
0.226233 
0.058947 
1.262841 
0.850839 
0.906624 
0.418149 
0.151424 
0.595206 
0.401436 
0.095643 
0.175739 
0.387507 
0.892893 
0.642632 
1.579359 
0.807563 
0.009554 
0.441970 
1.050096 
0.640067 
0.138468 
0.826324 
0.137085 
0.463962 
0.531943 
0.141113 
0.103523 
0.263280 
0.387827 
1.856499 
0.866636 
0.248318 
1.302080 
0.483664 
1.632318 
0.025599 
0.923247 
0.339620 
0.380262 
0.142850 
0.194518 
0.182253 
0.332859 
0.014799 
0.250603 
0.206252 
0.061427 
0.368749 
0.386143 
0.047064 
0.380318 
0.093084 
0.224385 
1.095503 
0.215162 
0.093979 
0.081854 
0.108823 
0.115136 
0.563021 
0.399746 
0.052656 
0.013904 
0.083907 
0.165929 
0.467492 
0.012078 
0.869799 
0.395636 
0.105152 
0.091198 
0.266829 
0.281811 
0.363104 
0.373132 
0.254462 
0.438405 
0.036434 
0.089819 
0.129061 
1.218884 
0.674363 
0.024927 
0.204260 
0.007782 
0.716795 
0.255586 
0.394700 
0.344177 
0.024804 
0.317525 
0.113340 
0.009979 
0.047660 
0.756214 
0.140815 
0.218576 
0.381396 
0.461909 
0.388035 
0.151259 
0.013518 
0.288345 
0.088791 
0.481228 
0.167488 
0.792915 
0.588640 
0.678513 
0.089568 
0.750402 
0.064675 
0.064789 
0.112036 
0.460176 
0.400380 
1.024761 
0.093626 
0.229092 
0.056706 
0.256356 
0.447624 
0.025550 
1.344608 
0.038502 
0.160124 
0.220342 
0.275294 
0.046160 
0.635051 
0.260739 
0.071640 
1.247650 
0.089335 
2.260718 
1.738813 
0.225311 
0.042859 
0.496686 
0.419918 
0.202433 
0.744834 
0.025805 
0.004289 
0.121975 
0.208797 
0.629572 
0.041569 
0.998376 
0.612364 
2.014411 
0.575161 
0.356405 
0.036700 
0.214364 
0.380652 
0.401390 
0.277410 
0.457606 
0.162789 
0.099027 
0.646188 
0.669010 
0.048198 
0.902420 
0.110387 
0.102010 
0.144394 
0.486636 
0.047529 
1.641857 
0.559470 
1.187906 
0.312304 
0.215107 
0.772505 
0.338350 
0.534520 
0.745190 
0.194339 
0.546115 
0.021575 
0.273207 
1.168971 
0.529553 
0.425370 
0.010766 
0.162100 
1.032701 
0.475268 
0.352192 
0.035916 
0.162907 
0.292099 
0.325998 
0.295925 
0.417565 
0.454541 
0.072470 
0.040093 
1.049929 
0.137209 
0.193796 
0.496796 
1.734031 
0.672062 
0.042764 
0.058779 
0.740420 
0.037724 
0.381857 
0.061527 
0.084311 
0.038939 
1.933334 
0.098152 
0.039470 
0.105717 
0.244720 
0.161141 
0.009236 
0.414552 
1.160656 
0.537781 
0.489644 
0.218443 
0.191416 
0.940264 
0.083263 
0.201641 
0.598028 
0.152013 
0.522472 
0.609845 
0.010793 
0.214349 
0.107626 
0.862981 
0.615869 
0.501673 
0.659771 
0.182559 
0.530333 
0.179680 
0.673453 
1.366129 
0.392149 
0.270908 
0.000262 
0.003661 
0.055204 
0.349836 
1.022592 
0.068355 
0.041999 
0.090884 
1.218074 
0.087214 
0.294622 
0.264536 
0.957356 
0.085500 
0.290387 
0.696517 
0.736191 
0.013402 
0.643574 
0.963319 
0.934904 
0.345294 
0.863475 
0.081940 
0.076272 
0.529260 
0.189051 
0.070178 
0.304380 
0.203865 
0.030017 
0.038738 
0.174960 
0.269451 
0.786538 
0.336202 
0.966016 
0.025454 
0.080290 
0.335798 
0.349495 
1.140090 
0.011590 
1.636904 
0.142122 
1.607621 
1.531836 
1.513748 
0.038537 
0.427123 
0.201392 
0.233861 
0.249558 
1.035300 
1.064521 
0.959532 
0.291179 
1.013527 
0.126405 
0.761876 
1.308774 
0.247026 
0.503268 
0.921856 
0.551825 
0.825648 
0.467813 
0.103421 
0.065247 
0.356373 
0.308772 
0.064219 
0.762103 
0.190524 
0.440200 
0.107958 
0.314226 
0.160592 
0.354000 
0.281824 
0.785242 
1.086826 
0.354236 
0.370014 
0.523840 
0.156968 
0.094341 
0.089918 
0.337999 
0.214583 
1.743577 
0.002589 
0.220539 
0.124755 
0.091996 
0.065960 
0.014325 
0.112643 
1.061922 
0.119379 
0.521513 
0.748342 
0.777489 
0.537904 
0.021766 
0.054072 
0.042635 
0.121307 
0.470566 
0.009550 
0.302498 
0.181559 
0.031169 
0.951050 
0.648146 
0.054697 
0.007957 
0.008563 
1.293929 
0.175753 
1.708473 
0.134677 
0.403404 
0.236003 
0.269647 
0.018465 
0.097786 
0.023150 
0.038537 
0.440042 
0.009032 
0.124642 
0.538417 
0.440942 
0.363693 
0.350309 
0.095428 
0.098579 
0.043138 
0.099401 
0.027878 
0.268059 
1.535752 
0.304269 
0.094178 
0.639024 
0.229191 
0.258566 
0.248161 
0.204428 
0.127304 
0.178337 
0.539695 
0.395446 
0.120371 
0.386538 
0.214464 
0.027214 
0.238666 
0.150491 
0.875852 
0.153273 
0.753525 
0.076364 
1.160547 
0.267788 
0.069333 
0.467841 
0.350085 
0.132218 
0.394908 
0.733960 
0.045973 
0.620216 
0.449513 
0.981775 
0.036114 
1.186802 
0.069746 
0.134044 
0.410934 
0.604050 
0.394234 
0.127701 
0.274877 
0.145369 
0.104172 
0.290358 
0.109469 
1.006857 
0.744535 
0.045910 
0.235478 
0.120235 
0.200103 
0.438092 
0.459310 
0.042176 
0.982956 
0.167827 
0.114259 
0.038633 
0.156854 
1.445337 
0.777308 
0.423521 
0.057603 
0.055770 
0.141184 
0.142736 
0.013171 
0.217230 
0.693393 
0.540229 
0.231769 
0.174091 
0.873551 
0.247681 
0.318553 
0.570983 
0.471840 
0.281807 
0.284184 
0.519620 
0.089277 
0.025758 
0.081831 
0.234070 
0.174259 
0.258885 
0.265616 
0.147375 
0.463392 
0.099896 
0.136988 
0.601893 
0.326624 
0.068672 
0.158762 
2.347567 
0.280942 
0.291396 
0.152806 
0.249004 
0.226501 
0.296500 
0.069863 
0.221093 
0.431152 
0.144949 
1.218490 
0.011283 
0.247935 
0.146787 
0.349967 
0.098728 
0.000726 
0.260980 
0.235661 
0.296687 
0.990615 
0.416357 
0.616886 
0.818047 
0.573495 
1.147213 
0.082000 
0.103837 
0.435116 
0.496434 
0.361801 
0.268119 
0.122898 
1.227607 
0.012980 
0.415313 
0.132166 
0.028399 
0.850287 
0.055377 
1.107693 
0.012625 
0.082042 
0.414913 
0.152216 
0.313494 
0.133821 
1.070866 
0.195949 
0.135427 
0.056252 
0.927575 
0.329119 
0.173954 
0.077426 
0.543893 
0.064423 
0.066503 
0.169884 
0.918131 
0.023783 
0.079400 
1.110703 
1.074980 
0.095975 
0.160457 
0.639176 
0.516124 
1.309371 
0.212549 
0.906382 
0.361379 
0.144675 
1.004777 
0.599748 
0.268451 
0.213094 
0.162035 
0.036816 
0.846060 
0.683668 
0.439871 
0.401333 
0.388061 
0.518351 
0.400350 
0.249062 
0.523366 
1.107348 
0.051739 
0.106078 
0.034629 
0.697583 
0.455306 
0.252838 
0.250235 
0.066236 
0.825412 
0.224122 
0.387175 
0.368230 
1.130930 
0.288499 
0.180277 
0.640357 
0.552548 
0.284423 
0.436291 
0.151940 
0.377022 
0.259786 
0.135298 
0.128731 
0.886904 
0.363111 
0.517724 
0.219235 
0.416473 
0.278518 
0.927054 
0.206581 
0.193094 
0.278586 
0.160552 
0.251361 
0.222015 
1.081496 
0.473263 
0.763944 
0.806841 
1.771646 
0.343198 
0.413224 
0.048105 
0.243851 
0.285438 
0.347582 
0.151215 
0.589877 
0.523661 
0.134082 
0.604661 
0.141190 
0.280358 
0.175794 
0.038778 
0.792828 
0.126103 
0.370815 
0.027044 
0.592365 
0.351751 
0.210513 
0.253699 
0.430364 
0.010746 
0.297216 
0.272451 
0.865730 
0.039611 
0.358488 
0.931684 
0.244350 
0.878822 
0.109382 
0.058996 
0.537760 
0.264394 
0.701443 
0.920732 
0.012347 
0.813048 
0.219512 
0.190798 
0.656267 
1.250764 
1.299731 
0.858593 
0.174757 
0.001330 
0.632801 
0.042536 
0.294671 
0.251909 
0.460885 
0.018848 
0.341722 
0.137123 
0.674299 
0.333272 
0.349380 
1.110937 
0.313514 
0.458606 
0.491040 
0.396290 
0.228986 
0.382680 
0.234459 
0.239296 
0.820609 
0.412170 
0.162694 
0.314880 
0.732473 
0.049832 
0.418887 
0.093093 
0.519270 
0.082266 
0.160685 
0.096959 
0.624884 
0.015117 
0.148327 
0.143572 
0.361453 
0.327923 
0.106979 
0.030943 
0.051447 
0.226274 
0.052163 
0.772373 
0.584429 
1.693146 
0.050069 
0.225018 
0.033257 
0.835156 
0.642402 
0.016385 
0.316285 
0.433342 
0.305388 
0.069738 
1.933856 
0.198927 
0.421392 
0.011831 
0.743580 
0.790359 
1.064567 
0.019088 
0.083856 
0.361051 
0.493245 
0.496605 
0.439149 
0.291228 
0.926634 
0.438401 
0.008437 
0.616803 
0.051845 
0.064229 
0.090357 
0.155783 
0.313732 
0.787467 
0.009581 
0.595492 
0.172402 
0.824692 
0.352944 
0.075276 
0.051905 
0.172377 
0.090251 
0.547301 
0.555460 
0.058561 
1.097803 
0.417698 
0.414798 
0.380182 
3.491126 
0.129736 
0.240581 
0.282951 
0.107440 
0.895427 
0.082897 
0.953580 
0.403861 
0.231504 
0.044281 
0.127358 
0.008047 
0.509219 
0.224357 
0.117053 
0.000334 
0.003312 
0.359740 
0.167955 
0.607157 
0.176871 
0.104809 
0.052764 
0.008775 
0.471434 
0.115714 
1.072097 
1.107147 
0.358369 
0.786579 
0.652694 
0.512985 
0.291322 
0.673103 
0.108798 
0.239430 
1.297581 
0.184087 
0.163526 
0.669186 
0.278581 
0.102767 
1.091746 
0.071843 
0.040743 
0.385776 
0.103216 
0.279566 
0.731520 
0.467013 
0.590344 
0.099486 
0.771344 
0.267596 
0.005455 
0.419108 
0.251304 
0.060882 
1.221509 
0.014338 
0.576795 
0.794527 
0.035955 
0.699205 
0.337488 
0.076427 
0.060346 
0.343287 
0.103407 
0.489002 
0.263599 
0.342140 
0.571633 
0.109177 
0.345625 
0.566639 
0.440572 
0.224706 
0.394793 
0.017439 
0.004091 
0.000386 
0.088408 
0.669425 
0.191337 
0.751563 
0.380156 
0.346635 
0.385496 
0.531845 
0.092033 
0.181194 
0.152971 
0.099692 
0.391875 
0.076336 
1.455955 
0.520410 
0.114763 
2.410704 
0.231708 
0.980110 
0.025271 
1.508109 
0.442901 
0.776931 
0.192909 
0.490215 
0.254042 
0.147049 
0.087695 
0.610861 
0.145786 
0.191422 
0.025010 
0.460472 
0.333131 
0.001481 
0.044402 
0.718446 
0.002061 
0.184503 
0.177166 
0.083193 
0.005140 
0.365032 
0.092428 
0.322460 
0.224239 
0.219044 
3.651751 
0.078195 
0.187189 
0.118224 
0.417173 
0.870842 
0.368310 
0.134053 
1.009091 
0.202687 
0.132312 
0.256404 
0.542590 
0.029646 
0.374074 
0.012426 
0.030053 
0.274645 
0.214974 
0.364916 
0.115209 
0.020922 
0.261375 
0.032006 
0.217003 
0.125999 
0.217001 
0.109495 
0.536187 
0.100289 
0.070008 
0.287020 
0.037230 
0.510333 
0.283928 
0.235169 
0.014073 
0.019827 
0.582794 
0.006647 
1.374467 
0.007745 
0.145798 
0.545651 
0.027730 
0.465542 
0.285886 
0.649440 
0.808331 
0.144135 
0.047920 
0.327496 
0.164190 
0.154808 
0.543442 
0.128881 
0.251188 
0.306482 
0.321565 
0.386894 
0.047431 
0.137123 
0.659637 
0.134710 
0.394886 
0.270186 
0.344237 
0.052197 
0.050935 
0.287208 
1.111244 
0.170668 
0.223234 
0.134832 
0.141583 
0.033961 
0.030793 
0.136946 
0.313860 
0.149549 
0.494670 
0.050723 
0.442701 
0.032839 
0.450157 
0.494314 
0.603469 
0.105611 
0.005180 
0.108311 
0.762795 
0.491030 
0.286202 
0.137771 
0.047623 
0.256525 
0.221964 
0.476201 
0.289870 
0.153454 
0.016582 
0.254599 
0.478145 
0.143585 
1.370827 
0.030570 
0.370595 
0.209174 
0.073984 
0.032871 
0.992875 
0.370695 
0.028983 
0.501076 
0.421721 
0.742433 
0.166151 
0.770301 
0.045607 
0.027457 
1.385071 
0.075587 
1.223777 
0.292689 
0.276695 
0.409412 
0.707009 
0.046910 
0.758371 
1.128470 
0.190312 
0.054967 
1.002875 
0.130679 
0.034814 
1.284783 
0.021972 
0.144191 
0.570705 
0.910382 
1.146504 
0.268777 
0.212065 
1.022766 
0.514276 
0.312095 
0.207849 
0.056469 
0.692668 
0.171839 
0.260858 
0.604123 
0.147101 
0.507143 
1.112707 
0.069473 
0.411752 
0.024799 
0.176180 
0.314106 
0.011494 
0.026390 
0.017665 
0.033818 
0.305054 
0.378714 
0.047682 
0.437920 
0.123973 
0.052664 
0.158503 
0.482844 
0.470536 
0.400824 
0.587135 
0.131598 
0.863142 
0.336136 
0.485225 
0.293113 
0.023236 
0.282664 
0.135415 
0.608115 
0.070930 
0.001161 
0.470756 
0.261933 
0.124594 
0.117433 
0.922344 
0.637228 
0.054247 
0.289328 
0.124904 
0.618189 
0.327126 
0.260217 
0.526414 
0.218042 
0.382732 
0.132812 
0.332216 
0.127648 
0.771272 
0.019493 
0.209413 
0.049647 
0.592260 
0.349279 
0.067588 
0.994032 
0.431304 
0.259929 
0.214217 
1.667482 
1.260601 
0.804268 
0.330703 
0.293168 
0.079883 
0.333979 
0.263692 
0.361308 
0.035593 
0.942640 
0.448100 
0.354918 
0.208408 
0.033661 
0.249708 
0.138945 
0.012308 
0.134267 
0.160749 
2.281873 
0.010970 
0.424190 
0.837927 
0.080286 
0.223460 
0.500555 
0.194406 
0.265007 
0.048228 
0.009882 
0.050508 
0.473894 
1.377989 
0.574990 
0.870598 
0.231640 
0.152992 
0.636304 
0.103969 
1.161502 
0.469698 
0.567625 
0.478368 
0.055296 
1.122828 
0.071832 
0.514536 
0.323651 
0.544562 
0.177165 
0.070385 
0.663573 
1.007004 
0.169138 
0.203308 
0.001587 
0.321185 
0.256786 
0.086073 
0.989914 
0.074228 
0.345567 
0.504439 
0.763604 
0.546308 
0.052138 
1.041799 
0.134112 
0.454012 
0.006532 
0.100051 
0.188666 
0.023248 
1.780556 
1.890181 
1.513687 
0.013406 
1.351620 
0.099965 
0.327582 
1.027941 
0.258453 
1.357892 
0.056186 
0.270079 
0.137727 
0.646421 
0.574779 
0.603480 
0.166318 
0.254317 
0.229045 
0.008222 
1.213931 
0.816494 
0.146595 
1.708517 
0.149493 
0.032319 
0.314224 
0.137860 
0.582355 
0.514156 
0.065134 
0.332943 
0.340050 
0.162200 
0.520228 
0.071294 
0.666256 
0.146938 
1.391643 
0.566681 
0.038641 
0.414046 
0.199796 
0.758492 
0.490801 
0.468928 
0.566122 
0.203046 
0.190797 
0.616413 
0.382415 
0.072316 
0.463362 
0.692594 
0.652328 
0.500227 
0.236917 
0.549945 
1.120208 
0.274208 
0.069999 
0.099050 
0.342830 
0.034115 
2.004242 
1.197015 
1.297710 
0.346726 
0.102810 
0.160729 
0.241691 
0.016945 
0.057150 
0.409163 
0.029047 
0.100704 
0.514128 
0.676797 
1.243022 
0.325874 
0.095922 
0.350413 
0.015173 
0.361034 
0.216567 
0.401769 
0.160217 
0.019807 
1.635404 
0.111844 
0.350428 
0.137653 
0.367609 
0.314076 
0.242475 
0.011605 
0.383920 
0.231855 
0.183160 
0.500795 
0.126739 
0.039045 
0.019253 
0.618885 
0.624005 
0.135143 
0.389220 
0.065693 
0.274955 
1.279424 
1.025998 
0.096525 
0.278346 
0.151333 
0.069574 
0.088841 
0.210715 
0.263052 
0.440746 
0.770241 
0.547575 
0.457458 
0.175272 
1.429266 
0.131537 
0.024074 
0.478743 
0.887890 
0.044484 
1.097499 
0.697630 
0.010337 
0.607601 
0.233551 
0.086859 
0.294466 
0.160313 
0.565792 
0.011307 
0.235865 
0.123912 
0.108266 
0.207575 
0.121653 
0.220173 
0.204990 
0.215197 
0.023645 
0.480278 
0.167217 
0.183460 
0.460469 
0.290767 
0.318200 
0.025956 
1.967333 
0.050632 
0.136906 
0.173487 
0.257348 
0.387010 
1.284639 
0.662027 
0.307152 
0.394716 
0.714899 
0.071422 
0.159277 
0.318960 
0.256406 
0.617903 
2.305719 
0.123887 
0.266627 
0.061138 
0.078507 
0.052840 
0.700210 
0.992475 
0.087479 
0.276842 
0.539703 
0.496511 
0.304991 
0.184829 
1.712075 
0.197717 
0.483083 
0.471263 
0.015085 
0.020374 
0.379816 
0.019821 
0.319262 
0.081910 
0.061305 
0.081712 
0.172792 
0.303868 
0.168427 
0.638813 
0.407467 
0.205322 
0.583191 
0.925671 
0.443128 
0.004055 
0.284511 
0.270954 
1.922698 
0.378999 
0.579164 
0.159549 
0.104133 
0.111481 
0.026923 
0.010256 
0.236041 
0.189738 
0.061188 
1.406389 
0.289392 
0.344521 
0.072088 
0.489251 
0.323877 
1.399215 
0.257735 
0.062756 
0.214213 
0.955961 
0.712228 
0.151396 
1.553972 
0.396343 
0.126009 
0.520630 
0.590184 
0.458452 
0.424381 
0.435116 
0.500243 
0.401484 
1.200748 
0.628233 
0.219318 
0.440621 
0.047312 
0.861755 
0.691013 
0.009376 
0.175411 
0.528233 
0.812842 
0.134567 
0.176741 
0.497328 
0.235938 
1.539749 
0.054200 
0.609450 
0.209227 
0.278572 
0.017768 
0.096102 
0.286217 
0.367573 
1.069357 
0.008242 
0.559259 
0.575454 
0.286617 
0.701875 
0.015741 
0.319705 
0.328943 
0.040062 
0.560879 
0.311793 
0.354595 
0.710335 
0.834387 
0.622111 
0.298594 
1.527448 
1.201431 
0.097741 
0.329320 
0.024962 
0.608514 
0.713336 
0.066213 
0.010169 
0.875965 
0.760822 
0.180845 
0.001548 
0.979168 
0.412211 
1.219546 
0.057895 
0.554381 
0.677034 
0.615067 
0.266760 
0.001750 
0.178742 
0.382461 
0.959289 
0.357110 
0.110376 
0.808825 
0.021133 
1.007596 
0.172288 
0.595598 
0.174982 
0.038494 
0.015608 
0.086278 
0.874373 
0.170119 
0.175747 
0.734725 
0.106907 
0.601291 
1.104432 
0.207337 
0.152004 
0.244421 
0.278738 
0.293339 
0.382853 
0.108851 
0.063810 
0.099568 
0.328486 
0.424780 
0.247787 
1.238093 
0.109782 
1.027407 
0.569439 
0.042286 
0.024231 
0.987481 
0.306830 
0.173622 
0.064737 
0.186239 
0.109350 
0.044917 
0.082926 
0.860983 
0.022850 
0.089813 
0.028811 
0.004435 
0.157363 
0.217125 
0.117114 
0.972139 
0.842879 
0.402945 
0.212306 
0.836174 
0.040313 
0.137313 
0.271790 
0.659110 
0.009721 
0.311494 
0.669442 
0.293503 
1.054101 
1.030895 
1.146737 
0.019043 
0.188549 
2.753353 
0.602631 
0.230457 
0.220302 
0.293718 
0.128851 
0.307267 
0.830155 
0.359643 
0.450481 
0.054487 
0.162618 
0.213777 
0.078278 
0.095132 
0.229306 
0.091600 
1.053926 
0.201198 
0.287986 
0.792590 
0.883794 
0.148397 
0.162360 
0.088137 
0.456955 
0.380323 
0.138537 
0.932341 
0.061833 
0.107787 
0.021823 
0.182413 
0.754580 
0.937010 
0.043780 
0.215917 
0.492999 
0.464889 
1.108179 
0.149148 
0.035322 
0.293042 
0.404116 
0.169774 
0.836178 
0.048057 
0.416247 
0.069220 
0.505722 
0.043677 
0.306813 
0.006556 
0.091889 
0.337437 
0.125217 
0.204479 
0.322755 
1.330772 
0.343398 
0.087190 
0.514748 
0.007825 
0.339116 
0.311534 
0.358296 
0.372486 
0.633167 
0.119903 
0.018076 
0.360280 
0.329528 
0.848003 
0.411074 
0.831437 
0.167322 
0.136381 
0.436187 
0.749912 
2.211808 
0.149364 
0.171552 
0.395599 
0.416495 
0.705858 
0.729863 
0.264552 
0.115965 
0.723194 
1.007247 
0.072963 
0.181928 
1.006764 
0.302184 
0.067959 
0.028338 
0.272779 
0.795312 
0.374329 
0.104492 
0.776425 
0.161863 
0.126921 
0.425146 
0.591913 
0.122171 
0.241588 
0.452186 
0.145114 
0.573196 
1.181754 
0.076761 
0.502569 
0.313404 
0.334433 
0.561661 
0.387002 
0.730428 
0.149812 
0.143521 
0.048570 
0.582470 
0.738665 
0.259334 
0.169728 
0.375616 
0.211016 
1.148055 
0.084853 
0.295431 
0.521729 
0.153466 
0.190869 
0.434441 
0.060814 
0.258781 
0.084583 
0.171985 
0.273126 
0.095744 
0.437864 
0.259427 
0.208276 
0.596340 
0.188953 
0.349805 
0.191199 
0.127524 
0.039836 
0.070982 
0.772926 
0.057870 
0.783287 
0.185014 
0.831111 
0.395365 
1.741850 
0.031599 
0.401088 
0.732957 
0.187346 
0.197477 
0.310262 
0.006825 
0.169718 
0.172158 
0.099750 
0.291105 
0.208029 
0.374054 
0.489122 
1.349367 
1.699513 
1.389857 
0.231116 
1.403205 
0.296323 
0.389544 
0.139055 
0.140508 
0.170130 
0.424363 
0.206651 
0.056343 
0.103181 
0.178534 
0.013787 
0.219060 
0.195041 
0.862889 
0.165861 
0.639184 
0.630525 
0.198781 
1.101748 
0.115245 
0.077962 
0.154585 
0.185515 
0.054577 
0.382048 
0.108236 
0.233538 
0.935378 
0.279105 
0.082644 
0.111083 
0.198529 
0.272083 
0.022492 
1.699674 
0.027179 
0.025638 
0.240138 
0.149035 
0.710023 
0.429828 
0.168797 
0.001828 
0.412868 
0.634735 
0.580199 
0.309724 
0.379753 
0.013844 
0.518358 
0.499298 
0.115285 
0.217703 
0.181270 
0.179604 
0.572331 
0.123765 
0.482709 
2.535736 
0.158884 
0.252772 
1.704880 
0.073731 
0.112482 
0.751666 
0.129241 
0.211250 
0.544387 
0.259033 
0.536669 
0.288960 
0.594235 
0.212164 
0.183825 
0.178519 
0.396249 
0.623566 
0.210468 
0.176317 
0.115168 
0.551173 
1.331593 
0.671030 
0.002546 
0.427136 
0.356661 
0.276497 
0.260324 
0.036573 
0.303848 
1.199576 
0.166565 
0.151063 
0.197819 
0.140465 
0.029537 
0.178832 
0.020455 
0.743907 
0.001055 
0.128288 
0.201630 
0.268763 
0.047672 
0.134255 
1.507435 
0.006598 
1.490338 
0.030597 
0.460413 
0.609341 
0.212309 
1.177175 
0.038299 
0.352749 
0.606765 
0.545387 
0.105668 
0.784523 
0.461432 
0.144921 
0.049013 
0.099304 
0.898805 
0.117457 
0.441435 
0.252679 
1.017785 
0.200123 
0.081556 
0.013333 
3.317219 
0.632027 
0.210248 
0.918659 
0.137703 
0.038476 
0.180165 
0.643465 
1.901121 
2.454273 
0.392850 
0.303747 
1.363329 
0.545518 
0.404959 
0.107765 
0.171575 
0.131764 
1.038495 
1.536690 
0.191200 
0.131375 
0.071375 
0.421462 
0.022123 
0.141266 
0.527553 
0.109787 
0.026623 
0.090075 
0.797541 
0.199564 
0.979927 
0.203749 
0.061798 
1.409168 
1.441370 
0.166127 
0.087838 
0.356325 
0.495569 
0.033148 
0.401215 
0.637189 
0.632101 
0.022315 
1.217385 
0.681016 
0.222566 
0.094021 
0.349772 
0.659930 
0.419815 
0.846015 
0.356502 
0.582234 
0.303657 
0.079240 
0.226747 
0.193351 
0.081973 
0.134917 
0.774229 
0.021407 
0.699763 
0.419041 
0.264427 
0.316320 
0.157629 
1.310108 
0.350097 
0.277976 
0.321519 
0.549413 
0.132694 
1.627517 
0.401676 
0.937335 
0.215414 
0.192425 
0.062537 
0.304132 
0.292642 
0.323447 
1.036330 
0.078002 
0.483372 
0.154259 
0.026169 
0.166636 
0.139955 
1.453392 
0.886827 
0.113247 
0.039024 
0.110157 
0.904434 
0.035611 
0.375376 
0.257012 
0.086784 
0.003130 
2.112351 
0.266717 
0.036389 
0.277929 
0.328177 
1.129766 
0.381715 
0.746559 
0.141361 
0.301457 
0.633444 
0.418443 
0.432557 
0.183033 
0.162513 
0.273654 
0.218691 
0.225525 
0.097146 
1.462472 
0.781036 
1.751213 
0.029744 
0.231523 
0.330596 
0.319611 
0.595446 
0.965572 
0.201147 
0.107281 
0.631239 
0.352728 
0.212825 
0.489522 
0.982770 
0.445254 
0.229240 
0.391296 
0.012358 
0.155438 
0.478913 
0.024664 
0.006913 
1.887833 
0.042120 
0.602838 
0.181594 
4.755426 
0.863605 
0.680676 
0.689261 
0.965649 
0.459855 
0.173547 
0.038565 
0.547266 
0.189935 
0.131282 
0.168856 
0.375120 
0.121061 
0.025333 
0.232559 
1.021180 
0.316379 
0.240412 
0.386141 
0.032049 
0.034169 
0.043254 
0.361071 
0.025475 
0.015648 
0.644838 
0.291809 
0.475379 
0.003813 
0.231023 
0.583977 
0.345968 
0.682255 
0.914775 
0.628476 
0.315128 
0.348072 
1.162592 
0.088540 
0.117537 
0.077646 
0.193335 
0.569330 
0.000574 
0.042599 
0.859008 
0.196349 
0.337452 
0.300302 
1.073929 
0.090272 
0.243865 
0.702024 
0.053004 
0.736940 
0.007589 
0.811805 
0.337377 
0.079625 
0.451013 
0.182843 
0.135479 
0.473062 
0.122674 
0.011709 
0.742894 
0.183875 
0.468216 
0.259509 
0.089828 
0.337915 
0.934526 
0.017767 
0.085639 
0.102444 
0.220716 
0.315582 
0.121113 
0.437012 
0.263835 
0.474743 
0.788479 
1.209704 
0.133802 
0.175282 
0.106935 
0.466432 
0.075991 
2.238137 
0.328255 
0.188349 
0.559333 
0.297853 
0.095756 
0.031037 
0.591343 
0.661428 
0.506436 
0.337806 
1.060405 
0.581590 
0.098777 
0.384432 
0.439085 
0.398067 
0.038402 
0.289877 
0.244349 
0.800528 
0.216682 
0.224000 
0.460045 
0.876555 
0.389303 
0.256186 
0.989423 
0.224176 
0.986777 
0.011350 
0.088202 
0.892234 
0.696777 
0.564048 
0.076642 
0.341994 
0.070220 
0.005978 
0.151702 
0.615489 
0.138032 
0.874751 
0.057725 
0.326462 
0.061889 
0.106170 
0.021056 
0.685410 
0.876422 
2.367019 
0.569221 
0.913121 
0.508915 
0.744329 
0.578347 
0.114976 
0.470114 
0.068966 
0.545750 
0.058243 
0.211323 
0.319139 
0.750075 
0.018674 
0.348249 
0.027873 
0.131370 
2.175677 
0.002936 
0.913577 
0.447498 
0.162625 
0.398680 
0.382842 
0.023715 
0.251000 
0.151855 
0.071248 
0.084178 
0.337582 
0.857296 
1.391588 
0.464015 
0.231184 
0.338853 
0.669408 
0.114713 
0.206930 
0.058852 
0.269935 
0.098135 
0.292643 
0.339924 
0.027886 
0.649000 
0.099737 
0.036116 
0.005063 
0.205795 
0.417067 
0.152750 
0.850291 
0.065404 
0.085455 
1.378396 
0.147210 
0.870575 
0.160255 
0.044004 
0.840747 
0.500068 
0.303315 
0.240542 
0.370413 
0.191334 
0.592052 
0.352760 
1.406849 
0.037142 
0.172043 
0.033298 
0.224541 
0.426433 
0.224689 
0.100265 
0.178431 
0.128944 
0.188115 
0.368275 
0.469131 
0.195785 
0.016754 
0.228917 
1.829097 
0.197964 
0.008396 
0.037021 
0.529385 
0.597524 
0.335251 
0.419975 
0.104874 
0.101686 
0.574989 
0.827845 
0.188202 
0.933754 
0.934307 
0.067110 
1.174332 
0.593122 
0.673335 
0.019655 
0.946740 
0.980070 
1.003406 
0.040096 
0.011917 
0.162542 
0.141540 
0.713771 
0.100989 
0.014148 
0.023799 
0.661977 
0.055969 
0.342445 
0.094326 
0.496170 
0.195931 
0.657554 
0.218573 
0.326314 
0.207779 
0.184978 
1.054729 
0.675858 
0.456252 
0.081683 
0.174310 
0.778638 
0.414134 
0.495617 
0.431067 
0.034465 
0.283349 
0.264044 
0.104094 
1.777966 
0.505899 
0.089602 
1.560343 
0.035819 
0.364917 
0.126972 
0.089187 
0.016379 
0.136807 
0.191577 
0.042549 
0.005868 
0.584273 
0.250270 
1.059393 
0.574742 
0.212345 
0.755332 
0.472337 
0.999274 
0.891199 
0.062784 
0.216874 
0.055203 
0.338082 
0.958219 
0.277440 
0.145315 
0.404357 
0.010647 
0.233363 
0.654323 
0.034159 
0.457865 
0.659374 
0.071425 
0.218423 
0.946529 
0.034403 
0.044951 
0.241806 
0.444667 
0.160630 
0.446150 
0.643810 
0.889370 
0.758366 
0.976961 
0.368248 
0.111331 
0.124293 
2.124618 
0.028738 
0.070901 
1.856109 
0.519823 
0.302606 
0.268965 
0.223123 
0.384596 
0.145760 
0.415778 
0.081220 
0.281611 
0.230864 
0.010799 
0.449145 
0.904807 
0.501071 
0.360539 
1.792161 
0.362485 
0.045072 
0.002578 
1.336944 
0.673596 
0.035795 
0.468644 
0.019925 
0.469776 
0.596679 
0.352976 
0.522358 
0.260887 
0.208648 
0.025360 
0.265544 
0.548396 
0.241699 
0.100183 
0.463478 
0.180589 
0.065445 
0.436180 
0.563180 
0.123384 
1.227840 
0.267946 
0.330272 
0.349743 
0.136167 
0.129256 
0.874878 
0.527461 
0.090155 
0.297347 
0.046974 
0.117550 
0.325337 
0.102448 
0.323361 
0.147003 
0.809622 
0.263560 
0.511011 
0.246526 
0.196928 
0.234267 
1.351930 
0.437436 
0.247726 
0.335816 
0.924499 
0.633480 
1.322867 
0.303940 
0.548142 
0.536349 
0.000222 
0.161461 
0.000357 
0.003277 
0.052981 
1.844237 
0.730495 
0.579525 
0.897991 
0.406265 
0.058313 
1.284448 
0.265414 
1.030165 
0.378424 
0.195312 
0.792293 
0.074448 
0.130706 
0.941054 
0.172194 
0.083555 
0.171302 
0.651977 
0.695206 
0.074247 
0.109643 
0.258440 
0.482992 
0.322179 
0.069200 
0.002678 
0.056409 
0.405760 
0.238279 
0.177747 
0.759025 
0.026950 
0.033960 
0.009440 
0.001716 
1.075273 
0.019899 
0.418312 
0.525003 
0.270078 
0.133294 
0.033218 
0.176382 
0.000328 
0.602106 
0.311191 
1.375968 
0.018772 
0.312218 
0.579268 
0.174312 
0.901201 
0.809390 
0.086447 
0.367865 
0.694991 
0.344227 
1.249314 
0.133561 
0.051661 
0.159767 
0.191014 
0.239273 
0.174059 
0.011581 
0.404563 
0.077721 
1.225215 
0.171534 
0.061962 
0.846252 
0.628172 
0.889359 
0.641101 
0.020739 
0.094156 
0.019272 
0.335417 
0.430190 
0.309457 
0.220505 
0.224665 
0.408535 
0.344740 
0.026755 
0.209071 
0.386814 
0.701044 
2.227519 
0.848904 
0.080537 
0.020686 
0.032887 
0.336509 
0.248434 
0.341277 
0.160557 
0.362247 
0.025828 
1.075724 
0.165097 
0.344012 
0.056373 
0.153285 
0.090031 
0.199936 
0.214787 
0.003104 
1.005775 
0.074894 
0.694372 
2.123526 
0.739437 
0.358541 
0.674795 
0.219601 
0.305825 
0.494023 
0.097182 
0.067262 
0.162247 
0.020645 
0.234841 
0.189410 
0.324480 
0.104852 
0.290975 
0.593752 
0.682730 
0.296629 
0.559929 
0.492993 
0.382305 
0.200045 
0.083532 
0.324827 
0.491873 
0.831597 
0.080334 
0.033891 
0.179545 
0.082501 
0.179996 
0.123979 
0.146139 
0.458556 
0.016483 
0.279645 
0.266005 
0.501972 
0.201530 
1.157620 
0.488503 
0.145130 
0.101917 
0.127747 
0.920313 
0.125552 
0.459334 
0.220940 
1.427661 
0.193042 
0.073853 
0.276579 
0.095317 
0.318497 
0.467825 
0.188311 
0.542569 
0.732371 
0.225739 
0.163201 
0.531550 
1.023812 
0.055266 
0.739417 
0.246706 
0.262236 
0.907509 
0.275577 
0.040820 
0.311603 
0.969344 
0.283518 
1.330287 
0.743793 
0.118155 
0.270684 
0.101664 
0.019898 
0.368640 
0.626183 
0.248067 
0.130051 
0.016580 
0.201599 
0.477521 
0.177402 
0.326491 
0.476567 
0.086275 
0.582417 
0.156471 
0.041531 
0.271847 
0.015395 
0.347445 
0.910045 
0.265682 
0.530779 
0.167273 
0.982685 
0.182807 
0.158892 
0.464443 
0.030769 
0.176815 
0.497444 
0.753843 
0.093293 
0.190237 
0.078879 
1.288362 
0.034495 
0.448215 
0.072205 
0.693730 
0.110550 
0.218428 
0.012741 
0.912314 
0.119263 
0.043868 
0.554814 
0.180999 
0.043837 
0.330488 
0.327010 
0.158997 
0.414566 
0.063684 
0.485200 
0.096028 
0.024945 
0.039583 
0.298350 
0.048928 
0.032166 
0.372001 
0.571179 
0.443827 
0.495292 
0.490602 
0.109562 
0.856976 
0.198949 
0.098561 
0.293879 
0.291113 
0.335013 
0.148256 
0.124330 
0.058521 
0.269032 
0.864350 
0.223222 
2.043664 
0.251178 
0.149761 
0.708943 
1.266798 
1.017650 
1.184411 
1.464697 
0.124289 
0.745195 
0.212585 
0.614178 
0.238526 
0.026294 
0.140030 
0.082243 
0.315959 
0.237240 
0.124294 
0.009291 
0.816097 
0.060236 
0.386418 
0.285162 
0.926029 
0.068095 
0.926625 
0.397774 
0.320176 
0.237504 
0.193617 
0.027271 
0.423962 
0.331957 
0.298739 
0.823118 
0.065289 
0.036564 
0.096526 
0.290236 
0.578435 
0.050760 
0.016460 
0.322227 
0.024650 
0.241325 
0.382610 
0.150003 
0.682133 
1.398215 
0.090702 
0.790984 
0.337559 
0.244456 
0.149541 
0.253952 
0.142948 
0.130734 
0.559553 
0.664078 
1.289044 
0.102268 
0.502882 
0.130083 
0.002426 
0.402440 
0.429492 
0.294581 
0.430088 
0.026249 
0.296750 
0.070021 
1.399584 
1.159273 
0.312760 
0.090551 
0.651106 
0.412709 
0.208144 
0.270252 
1.752116 
0.316867 
0.562071 
0.765725 
1.018874 
1.613437 
0.164986 
0.274687 
0.144612 
0.036924 
1.641224 
0.150939 
0.661656 
0.321162 
0.012556 
0.198334 
0.277157 
0.184151 
0.003979 
0.171709 
1.042849 
0.312828 
0.272231 
0.088223 
0.353541 
0.312360 
0.280486 
0.011183 
0.176235 
0.012359 
0.167869 
0.207451 
0.074294 
0.915611 
0.176661 
0.329073 
0.272270 
0.014364 
0.674452 
0.563299 
0.262828 
0.632535 
0.643149 
0.162534 
0.032830 
0.158477 
1.312762 
0.616535 
0.501651 
0.313341 
0.180916 
0.903831 
0.230822 
0.011372 
0.046872 
0.228212 
0.115435 
0.068942 
0.887635 
1.113170 
0.180403 
0.080123 
0.696249 
0.806334 
0.066708 
0.439599 
0.686252 
0.117043 
0.454328 
0.131716 
0.260802 
0.327622 
0.444856 
1.115623 
0.510483 
0.126652 
0.210355 
0.325820 
0.093646 
0.043513 
0.179099 
0.102472 
0.167091 
0.844971 
0.139645 
0.640779 
0.158663 
0.096730 
0.111063 
0.567624 
0.470821 
0.152678 
0.673021 
0.364404 
0.373612 
0.204859 
0.050616 
0.499874 
0.088855 
0.833979 
0.433660 
0.022362 
0.660042 
0.327381 
0.091382 
0.381182 
0.103331 
0.115048 
1.482812 
0.192899 
0.236944 
0.195793 
0.119366 
0.154822 
0.063705 
0.250406 
1.953302 
0.526470 
0.018741 
0.142533 
0.024892 
0.004255 
0.698860 
0.017744 
0.129569 
0.194798 
0.365663 
0.735515 
0.293535 
0.353403 
0.063050 
1.460408 
0.379617 
0.689044 
0.133433 
0.123447 
0.904003 
0.087132 
0.564151 
0.108281 
0.848737 
0.167018 
0.810432 
1.482022 
0.334818 
0.575102 
0.000330 
0.813356 
0.048582 
0.085011 
0.916190 
0.689083 
0.341413 
0.578237 
0.072016 
0.070114 
0.131900 
0.012811 
0.559252 
0.468274 
0.108233 
0.180685 
0.498765 
0.693827 
1.247474 
0.830827 
0.055294 
0.902803 
1.028573 
0.284367 
0.287228 
0.170269 
0.266805 
1.627739 
0.630188 
0.246679 
0.765341 
0.313851 
0.063189 
1.198872 
0.800227 
0.491954 
0.822681 
0.656276 
0.008961 
0.172870 
0.429638 
0.375796 
